time,pressure
0.0,164.373542
0.362778,164.32515
0.806111,164.32515
1.149167,164.421934
1.5275,164.421934
1.971389,164.470326
2.853056,164.392899
3.229444,164.392899
3.605278,164.412256
5.109722,164.538075
5.456389,164.528396
6.338333,164.450969
7.507778,164.518718
7.983889,164.480004
8.360556,164.528396
9.101389,164.56711
9.482778,164.50904
9.880556,164.62518
10.256111,164.615502
10.608333,164.712286
11.088333,164.741321
11.474722,164.605823
13.015556,164.480004
13.370833,164.557432
13.780833,164.499361
14.475556,164.528396
14.897222,164.383221
15.613889,164.518718
16.431389,164.489683
16.915,164.363864
16.915278,164.363864
17.472778,164.421934
17.935278,164.392899
18.276389,164.538075
19.858611,164.480004
20.228611,164.538075
20.556111,164.528396
21.614444,164.460648
22.043889,164.56711
22.3875,164.499361
22.858611,164.480004
23.199722,164.518718
23.560278,164.383221
23.975833,164.363864
24.331944,164.460648
24.785833,164.538075
25.880556,164.460648
26.230556,164.373542
26.590278,164.450969
27.003889,164.344507
27.377222,164.489683
27.821667,164.441291
28.467778,164.392899
29.263333,164.421934
29.6225,164.56711
30.066667,164.56711
30.101111,164.56711
30.383056,164.528396
30.816111,164.586467
31.186389,164.586467
31.195833,164.470326
31.556389,164.499361
32.064167,164.441291
32.429444,164.441291
32.872222,164.392899
33.211111,164.470326
33.759167,164.421934
34.105833,164.460648
34.430278,164.480004
34.905,164.431612
35.241944,164.412256
35.613056,164.373542
36.062778,164.480004
36.456111,164.315472
37.257778,164.344507
37.559167,164.431612
37.941389,164.32515
38.305833,164.334829
38.603889,164.392899
39.368056,164.276758
40.124167,164.334829
40.976389,164.421934
41.570556,164.702607
42.010556,164.654215
42.819167,164.392899
43.198611,164.373542
44.000278,164.712286
44.336111,164.702607
44.812778,164.692929
45.150278,164.683251
45.504444,164.441291
45.949722,164.363864
46.306389,164.712286
47.136667,164.50904
47.520556,164.441291
47.970556,164.441291
48.779167,164.363864
49.110556,164.431612
49.449444,164.421934
49.896111,164.56711
50.223611,164.605823
50.596944,164.654215
51.045278,164.62518
51.8175,164.644537
52.173889,164.305793
52.533333,164.712286
52.961667,164.741321
53.299167,164.741321
53.784167,164.383221
54.135278,164.460648
54.465556,164.712286
55.200556,164.363864
55.538611,164.721964
55.986667,164.373542
56.737222,164.392899
57.09,164.334829
57.467222,164.683251
57.922778,164.750999
58.277222,164.383221
58.604444,164.731642
58.961667,164.750999
59.7575,164.721964
60.475,164.702607
60.917222,164.721964
61.270833,164.721964
61.569722,164.721964
61.639722,164.780034
62.088889,164.431612
62.836944,164.431612
62.841111,164.799391
63.156944,164.780034
64.293889,164.421934
64.740278,164.431612
66.205278,164.80907
66.545556,164.799391
66.966389,164.780034
67.243611,164.770356
67.592778,164.731642
68.020556,164.750999
69.169167,164.470326
69.536944,164.789713
70.026389,164.799391
70.4025,164.780034
70.821944,164.721964
71.175,164.741321
71.503611,164.712286
73.506944,164.692929
73.927222,164.673572
75.782222,164.634859
76.911389,164.663894
77.208056,164.731642
77.543333,164.683251
77.980833,164.412256
78.343056,164.421934
79.109722,164.460648
79.941944,164.721964
80.640556,164.750999
81.036667,164.712286
81.357778,164.780034
82.166667,164.770356
83.311667,164.770356
83.756667,164.770356
84.499167,164.760678
85.308333,164.760678
85.554444,164.80907
85.996944,164.789713
86.338889,164.799391
86.782222,164.799391
87.462778,164.770356
87.912222,164.789713
88.253611,164.760678
88.613611,164.760678
90.436389,164.750999
90.869167,164.780034
93.2025,164.770356
93.448333,164.770356
93.585278,164.828426
94.020556,164.780034
94.376944,164.828426
94.495833,164.828426
94.863333,164.780034
95.213611,164.721964
95.619167,164.750999
96.073056,164.770356
96.470556,164.683251
96.963056,164.721964
97.315,164.712286
98.195,164.731642
99.093056,164.741321
99.475833,164.760678
99.954722,164.731642
100.631667,164.750999
101.433611,164.741321
101.87,164.731642
102.041111,164.683251
102.587778,164.712286
103.036944,164.760678
103.384444,164.731642
104.210556,164.838105
104.516389,164.770356
104.968611,164.828426
105.335278,164.838105
105.810833,164.741321
106.571111,164.750999
107.017222,164.741321
107.3625,164.789713
108.105,164.828426
108.490278,164.838105
109.268056,164.741321
109.650556,164.760678
110.126389,164.789713
110.881389,164.780034
111.174444,164.799391
111.971389,164.770356
112.313333,164.760678
112.755,164.780034
113.811389,164.780034
114.534167,164.828426
115.395278,164.770356
115.848611,164.770356
117.390833,164.702607
118.619167,164.721964
119.464444,164.741321
119.929167,164.721964
120.308056,164.673572
120.794167,164.683251
121.191111,164.721964
121.5975,164.712286
122.0275,164.712286
122.838056,164.760678
123.594167,164.731642
124.378611,164.741321
124.845833,164.789713
125.529167,164.789713
126.019444,164.963924
126.532778,164.963924
126.824722,164.780034
127.205556,164.799391
127.563056,164.780034
128.411389,164.838105
129.349722,164.847783
130.159722,164.954245
130.98,164.934889
131.365833,164.896175
131.813333,164.528396
132.175,164.838105
133.387778,164.886497
133.865278,164.838105
134.183611,164.838105
134.985556,164.838105
135.361389,164.915532
135.796667,164.86714
137.576389,164.876818
138.040833,164.886497
139.242778,164.896175
140.045,164.876818
140.415278,164.92521
141.232778,164.828426
141.598056,164.799391
142.486111,164.780034
143.076944,164.780034
143.424444,164.789713
143.988889,164.750999
144.876111,164.760678
145.299444,164.799391
145.869167,164.741321
146.263889,164.760678
146.603056,164.818748
147.174167,164.770356
148.08,164.760678
148.431667,164.789713
149.020278,164.799391
149.3575,164.673572
149.654722,164.644537
150.173333,164.673572
150.495556,164.673572
150.992778,164.663894
151.296667,164.654215
152.076111,164.847783
152.410556,164.896175
152.889722,164.86714
153.221111,164.896175
153.588889,164.857462
154.184167,164.92521
154.519444,164.799391
155.438611,164.857462
156.010556,164.92521
156.386944,164.876818
157.304167,164.673572
157.8525,164.673572
158.109722,164.915532
158.846944,164.973602
158.889722,164.973602
159.167222,164.915532
159.550556,164.915532
160.018611,164.596145
162.213333,164.731642
162.606389,164.741321
163.229722,164.760678
164.254722,164.721964
166.091944,164.721964
166.4475,164.683251
167.968333,164.750999
168.344722,164.886497
168.891389,164.644537
169.284722,164.673572
169.636389,164.673572
170.105833,164.644537
170.465,164.654215
171.026389,164.760678
171.41,164.683251
172.003889,164.673572
172.373889,164.750999
173.228889,164.731642
173.580278,164.673572
174.111944,164.683251
175.023056,164.780034
175.388889,164.692929
175.848889,164.770356
176.231944,164.789713
177.048333,164.702607
177.448333,164.673572
177.918056,164.712286
178.301944,164.721964
178.781111,164.654215
179.5025,164.702607
179.922778,164.741321
180.250556,164.741321
180.613333,164.683251
181.077222,164.692929
181.4475,164.692929
181.830833,164.62518
182.22,164.654215
183.130833,164.644537
183.526667,164.760678
183.978611,164.62518
184.341111,164.634859
185.119722,164.673572
185.875,164.702607
186.251111,164.683251
186.615278,164.760678
187.063333,164.750999
187.33,164.780034
188.440278,164.702607
188.7875,164.750999
189.766944,164.750999
189.980278,164.692929
190.346389,164.80907
190.770278,164.80907
191.186667,164.702607
191.977222,164.760678
192.386667,164.799391
192.848611,164.731642
193.213333,164.673572
193.606111,164.741321
194.002222,164.731642
194.363611,164.731642
195.1875,164.683251
195.5225,164.750999
196.014722,164.828426
196.381944,164.692929
196.849167,164.731642
198.524444,164.731642
198.983611,164.780034
199.366389,164.838105
200.557222,164.799391
201.011111,164.80907
201.903889,164.915532
202.260833,164.760678
202.605556,164.828426
203.024167,164.760678
203.383056,164.86714
203.749167,164.828426
204.0975,164.847783
204.434167,164.799391
204.923889,164.799391
205.299167,164.780034
206.086111,164.750999
206.451111,164.799391
206.889167,164.789713
207.590833,164.789713
208.039722,164.799391
208.843611,164.915532
209.151944,164.80907
210.322778,164.915532
210.798889,164.847783
211.173889,164.876818
211.555,164.876818
212.010278,164.886497
212.410833,164.915532
213.172778,164.963924
213.541389,164.915532
213.977222,164.886497
214.331944,164.80907
214.640278,164.818748
215.090833,164.818748
215.468056,164.876818
216.762778,164.915532
217.966944,164.886497
218.756944,164.944567
219.46,165.031672
219.892222,165.157492
220.281944,165.176848
221.241667,165.176848
221.818333,165.196205
222.244167,165.196205
222.541944,165.22524
223.359167,165.16717
224.189722,165.157492
224.520556,165.1091
224.939167,165.070386
225.631667,165.080064
226.098889,164.983281
227.239444,164.944567
227.626944,164.934889
228.09,164.934889
228.474722,164.944567
228.903056,165.070386
229.636944,164.934889
230.113056,164.983281
230.475278,164.944567
230.927778,164.944567
231.255556,164.944567
231.626389,165.021994
232.09,164.983281
232.584722,164.983281
233.640556,165.012316
234.1,164.992959
234.904722,165.012316
235.287778,165.070386
236.869722,165.021994
237.53,165.051029
237.988611,164.886497
238.372778,164.983281
238.8525,164.86714
239.614444,164.828426
240.438056,164.954245
240.880833,164.828426
241.632222,164.818748
242.128056,164.847783
242.490556,164.954245
242.934167,164.818748
243.3675,164.857462
243.795,164.92521
244.186111,164.954245
244.574722,164.896175
245.063611,164.992959
245.452778,164.944567
245.890556,165.041351
246.616389,164.992959
247.064167,165.138135
247.457222,165.021994
247.938889,165.031672
248.620278,165.002637
249.078333,164.983281
249.431111,165.070386
250.217778,164.954245
250.577778,165.002637
251.024722,165.002637
251.385278,164.963924
251.927778,165.021994
252.312222,164.896175
252.758611,164.992959
253.109444,165.060708
253.150556,165.060708
253.491111,165.002637
254.163333,165.002637
254.286667,164.983281
254.756667,164.944567
255.418889,164.92521
255.845,165.002637
257.249722,164.944567
258.073889,164.992959
258.446667,165.051029
258.874444,165.051029
259.636667,164.954245
260.073889,165.041351
260.802222,164.92521
261.484444,165.051029
261.856667,164.92521
262.203889,165.021994
262.484167,164.915532
263.578889,164.944567
264.026389,164.954245
264.365833,164.934889
264.846667,164.876818
265.145556,164.896175
266.918056,164.944567
267.2875,164.973602
267.650556,164.954245
268.058333,165.051029
268.422778,165.099421
269.605278,165.138135
270.013611,165.22524
270.396111,165.292989
270.865,165.283311
271.169722,165.22524
271.555833,165.22524
272.052778,165.360738
272.379167,165.234919
272.851944,165.176848
273.227778,165.176848
274.342778,165.176848
274.605,165.215562
275.340833,165.196205
276.556389,165.138135
277.010278,165.128456
279.310278,165.041351
279.759167,165.089743
280.982222,165.021994
281.282778,165.041351
283.253889,165.041351
283.639722,165.128456
284.123889,165.002637
285.297222,164.992959
285.761944,165.012316
286.46,165.021994
286.921111,165.070386
287.256944,164.963924
287.595833,164.944567
288.196111,165.021994
288.543611,165.041351
289.009444,165.021994
289.821944,165.099421
290.192778,165.118778
292.120833,165.118778
292.945556,165.060708
294.531389,165.215562
295.361111,165.244597
295.770278,165.244597
296.131667,165.205883
296.955278,165.128456
297.324444,165.176848
297.647222,165.186527
298.050556,165.205883
299.203333,165.186527
299.547778,165.22524
300.366389,165.186527
300.831389,165.1091
301.172222,165.157492
301.5475,165.080064
302.363889,165.118778
303.028889,165.215562
303.424444,165.089743
303.846111,165.138135
305.088889,165.138135
306.2725,165.128456
306.621389,165.089743
307.074722,165.138135
307.450556,165.157492
307.895556,165.1091
310.243056,165.080064
310.595556,165.128456
311.071667,165.060708
311.397778,165.021994
312.497778,165.060708
313.272778,165.157492
313.645278,165.138135
314.071667,165.176848
314.945278,165.147813
315.317222,165.273632
315.763056,165.22524
316.5225,165.283311
317.621389,165.322024
318.086111,165.515592
318.515556,165.447843
319.335833,165.389773
319.786667,165.351059
320.108611,165.380094
320.473333,165.341381
320.934722,165.273632
321.253889,165.331702
321.633611,165.322024
322.101667,165.302667
322.466111,165.186527
322.817778,165.273632
323.145,165.312346
323.446389,165.283311
324.308333,165.244597
324.769167,165.244597
325.499444,165.186527
326.338333,165.196205
326.771389,165.138135
327.494722,165.186527
327.976667,165.234919
328.320556,165.263954
329.758056,165.263954
330.862222,165.263954
330.977222,165.215562
331.299444,165.254275
331.759444,165.157492
332.117778,165.234919
332.8775,165.196205
333.294722,165.157492
334.138889,165.244597
335.351389,165.16717
335.808611,165.215562
336.511389,165.196205
336.951667,165.16717
337.784444,165.254275
338.516944,165.147813
338.896667,165.157492
340.415278,165.157492
340.8325,165.205883
341.185,165.254275
341.512778,165.186527
341.955,165.196205
342.284444,165.312346
342.644722,165.360738
343.0925,165.351059
343.416944,165.283311
343.810556,165.322024
344.180833,165.322024
344.520278,165.331702
345.765,165.292989
346.525833,165.234919
346.994722,165.351059
347.3375,165.351059
349.187778,165.196205
349.516667,165.312346
349.970833,165.234919
350.330833,165.302667
350.785556,165.302667
351.138611,165.22524
351.929444,165.283311
352.337222,165.302667
352.638056,165.273632
353.390833,165.351059
354.162222,165.389773
354.494722,165.263954
354.946944,165.273632
355.319722,165.283311
355.769444,165.263954
356.124722,165.292989
356.464722,165.273632
357.256111,165.263954
358.058333,165.234919
358.856389,165.157492
359.986944,165.244597
360.405278,165.234919
361.198056,165.273632
361.442778,165.273632
361.573611,165.205883
362.015278,165.292989
362.520278,165.292989
362.808333,165.244597
363.139444,165.234919
363.545,165.292989
364.423889,165.283311
364.909722,165.205883
365.27,165.244597
365.650556,165.312346
366.101944,165.254275
366.458611,165.312346
366.979444,165.244597
367.356389,165.22524
367.794444,165.341381
368.945556,165.322024
369.3275,165.263954
369.81,165.341381
370.161944,165.312346
370.916111,165.351059
371.295556,165.341381
371.621667,165.322024
372.069722,165.234919
372.403056,165.322024
372.879722,165.273632
373.605,165.322024
374.054167,165.331702
374.826389,165.244597
375.169722,165.322024
375.516389,165.351059
376.314722,165.438165
376.779167,165.331702
377.133611,165.418808
377.450556,165.399451
379.051667,165.418808
379.851389,165.399451
380.1925,165.331702
380.563611,165.370416
381.384444,165.341381
381.868056,165.244597
382.249722,165.234919
383.405833,165.254275
383.854167,165.157492
384.194444,165.196205
384.545833,165.186527
385.801389,165.254275
386.1625,165.302667
386.563611,165.234919
387.035278,165.283311
387.383056,165.22524
387.847778,165.176848
388.199167,165.283311
388.579444,165.273632
389.035,165.234919
390.186111,165.302667
390.535833,165.418808
391.329167,165.476878
391.794444,165.515592
392.150556,165.52527
392.784444,165.52527
393.003611,165.457522
393.363333,165.457522
393.812778,165.457522
393.817222,165.428486
394.197222,165.351059
394.508611,165.418808
395.283056,165.331702
395.796944,165.389773
396.453889,165.418808
397.266389,165.360738
397.752222,165.360738
398.113889,165.341381
398.446111,165.331702
398.836667,165.322024
399.443333,165.418808
399.910833,165.389773
400.249444,165.380094
400.606111,165.447843
401.063333,165.331702
401.435556,165.428486
402.868611,165.331702
403.193889,165.302667
403.909722,165.380094
404.292222,165.331702
404.745556,165.389773
405.430556,165.418808
405.862778,165.312346
406.579722,165.399451
407.375556,165.380094
407.789722,165.341381
408.108056,165.351059
408.460833,165.244597
409.270556,165.389773
409.615278,165.380094
410.083889,165.438165
410.891667,165.273632
411.590278,165.370416
412.019167,165.486557
412.351389,165.457522
412.823333,165.428486
413.541944,165.496235
413.970278,165.4672
414.816944,165.583341
415.165833,165.612376
415.511944,165.631732
415.885556,165.602697
416.5875,165.476878
417.029722,165.612376
417.326111,165.573662
418.558611,165.486557
418.999722,165.563984
419.776389,165.515592
420.485556,165.486557
420.896944,165.593019
421.273333,165.4672
421.632778,165.554305
422.089722,165.496235
422.426944,165.563984
422.927222,165.4672
424.526389,165.4672
425.023333,165.534949
425.448056,165.534949
425.773611,165.534949
426.523889,165.534949
426.984722,165.573662
427.342222,165.583341
427.813889,165.612376
428.103889,165.593019
428.839722,165.573662
429.171389,165.563984
429.453889,165.515592
430.331667,165.563984
430.796944,165.534949
431.170833,165.515592
431.542778,165.593019
432.0025,165.428486
432.373333,165.447843
433.1525,165.534949
433.475556,165.496235
433.870833,165.486557
434.145278,165.554305
434.515833,165.418808
434.923889,165.563984
435.616944,165.583341
436.063611,165.602697
436.423333,165.747873
436.8575,165.631732
437.2275,165.689803
437.581944,165.583341
438.029167,165.593019
438.318333,165.651089
439.106389,165.641411
439.457778,165.738195
439.905556,165.670446
440.2825,165.728516
440.75,165.660768
441.116111,165.622054
441.453056,165.699481
442.323611,165.583341
442.784167,165.622054
443.144167,165.563984
443.51,165.486557
443.900833,165.602697
444.233333,165.583341
444.5875,165.554305
445.399722,165.554305
445.8475,165.602697
446.168333,165.554305
446.508333,165.563984
446.942222,165.544627
447.295278,165.631732
448.095833,165.651089
448.460556,165.70916
448.898056,165.52527
449.263611,165.660768
450.366389,165.651089
450.850833,165.670446
451.590556,165.718838
452.4025,165.641411
453.240556,165.622054
454.037778,165.52527
454.378056,165.573662
454.837778,165.554305
455.501667,165.651089
456.294444,165.757552
456.566389,165.757552
456.774444,165.612376
457.1425,165.70916
457.633611,165.70916
457.999722,165.563984
458.371944,165.786587
458.799444,165.728516
459.209444,165.70916
459.545833,165.738195
460.375278,165.641411
460.893889,165.8253
461.276389,165.699481
462.468889,165.776908
463.267778,165.873692
463.629444,165.8253
464.079722,165.757552
464.410556,165.699481
464.871667,165.728516
465.610833,165.70916
466.094167,165.738195
466.898611,165.641411
467.271944,165.573662
467.6025,165.718838
468.0425,165.651089
468.322222,165.534949
468.738611,165.554305
472.071111,165.776908
472.82,165.757552
473.168333,165.670446
474.286389,165.612376
474.646389,165.718838
475.423333,165.670446
475.809444,165.641411
476.106944,165.641411
476.458611,165.583341
476.938333,165.641411
477.623333,165.641411
477.762778,165.76723
477.958611,165.563984
478.449722,165.631732
478.870833,165.612376
479.600278,165.651089
480.0575,165.680124
480.401667,165.583341
481.234722,165.728516
481.522222,165.660768
481.973056,165.593019
482.771111,165.680124
483.111667,165.670446
483.459167,165.670446
484.583611,165.728516
485.376667,165.680124
485.797778,165.747873
486.184722,165.776908
486.528889,165.893049
487.033056,165.941441
488.123333,165.941441
488.258611,165.844657
488.621111,165.922084
489.083333,165.960798
489.193611,165.960798
489.397778,165.8253
490.590556,165.834979
491.051111,165.834979
491.851111,165.699481
492.583056,165.864014
493.04,165.786587
493.415,165.893049
493.883056,165.786587
494.617222,165.776908
495.082778,165.728516
495.864444,165.738195
496.255,165.796265
496.621111,165.931762
498.138333,165.805943
498.903889,165.776908
499.285833,165.718838
499.748611,165.834979
500.166389,165.757552
500.536944,165.815622
501.015833,165.834979
501.373333,165.805943
502.164167,165.776908
502.492222,165.786587
503.340833,165.776908
503.823611,165.844657
504.198889,165.699481
504.568889,165.747873
505.05,165.805943
506.629444,165.8253
507.089444,165.8253
507.449167,165.941441
507.878333,165.8253
508.591389,165.680124
509.064444,165.776908
510.180278,165.893049
510.560556,165.922084
511.036111,165.883371
511.361667,165.893049
511.82,165.912406
512.975833,165.883371
513.764167,165.805943
514.115278,165.893049
514.460278,165.873692
514.907222,165.873692
515.237778,165.893049
516.005833,165.844657
516.359722,165.776908
516.764167,165.680124
517.485833,165.815622
517.903611,165.815622
518.764722,165.76723
519.114167,165.796265
519.443889,165.844657
520.144444,165.854335
520.969444,165.941441
521.325556,165.834979
521.7925,165.844657
522.890556,165.70916
523.236111,165.805943
523.609722,165.844657
524.079444,165.718838
524.467778,165.815622
524.951389,165.873692
525.293611,165.893049
525.335833,165.893049
526.341389,165.893049
526.451667,165.776908
526.903889,165.738195
527.265556,165.738195
527.570556,165.70916
528.419722,165.70916
528.8775,165.805943
529.256667,165.815622
530.426389,165.883371
530.921111,165.951119
531.274722,165.786587
531.901667,165.8253
532.271389,165.815622
532.616111,165.912406
533.816667,165.854335
534.107778,165.951119
534.8775,165.999511
536.415278,166.06726
536.873889,165.912406
537.228889,165.970476
537.599167,165.970476
538.415556,165.864014
538.858611,166.00919
539.224167,166.018868
539.561389,165.999511
539.999722,165.960798
540.309444,165.922084
540.769444,165.912406
541.1375,166.038225
541.469444,165.989833
541.793056,165.8253
542.471944,165.883371
542.897222,165.931762
543.596389,165.815622
544.358611,165.883371
544.791389,166.06726
545.460556,165.980154
545.7975,165.883371
546.550278,165.951119
546.992222,165.980154
547.339444,165.951119
547.766389,165.893049
548.548056,165.922084
549.027778,165.844657
550.181389,165.922084
550.571667,165.951119
551.048611,165.864014
551.400556,165.951119
551.885278,165.873692
552.205,165.786587
553.013889,165.922084
553.849444,165.931762
554.201111,165.873692
554.573889,166.12533
555.021111,165.854335
555.425,165.999511
556.246389,165.893049
556.594167,166.06726
557.013056,166.115652
557.060278,166.115652
558.065278,166.115652
558.165833,166.299541
558.549167,166.115652
559.311944,166.115652
559.760556,166.115652
561.224722,166.018868
561.626389,165.999511
562.393056,165.931762
562.806389,165.805943
563.136944,165.883371
563.886111,165.864014
564.250833,165.834979
564.606667,165.796265
565.446111,165.776908
565.897778,165.8253
566.243333,165.864014
566.584722,165.854335
567.009444,165.873692
567.338889,165.912406
567.749722,165.76723
568.068889,165.893049
568.921667,165.844657
569.290278,165.864014
570.790278,165.941441
571.491944,165.922084
572.301389,166.057582
572.755278,165.883371
573.106944,165.941441
573.8425,165.796265
574.195278,165.941441
575.319444,165.922084
575.792222,165.960798
576.159444,165.873692
577.833056,165.912406
578.191667,165.980154
578.533333,165.893049
578.926389,165.922084
579.562778,166.086617
580.008611,165.912406
580.878056,165.922084
581.271111,165.922084
581.607778,165.931762
582.485278,166.06726
583.416667,166.06726
583.966389,166.135009
585.370556,166.144687
585.827778,166.06726
587.078611,165.893049
587.401389,165.873692
587.841389,166.047903
588.200556,166.173722
588.521944,166.193079
588.793056,166.193079
588.916111,166.154365
589.250833,165.989833
589.604444,165.922084
589.826389,165.922084
590.060556,166.154365
590.361944,166.144687
590.811111,166.115652
591.18,166.135009
591.545,166.164044
592.796944,166.173722
593.131111,166.202757
593.473611,166.231792
593.818056,166.241471
594.556389,166.222114
595.024444,166.164044
595.778611,166.183401
596.129167,166.154365
596.478889,166.183401
596.944167,166.222114
599.302222,166.183401
599.752222,166.154365
600.130556,166.173722
600.512778,166.164044
601.256944,166.183401
601.613611,166.202757
602.0375,166.222114
602.411667,166.183401
603.216389,166.212436
604.334722,166.12533
604.754167,166.144687
605.1125,166.193079
605.4625,166.183401
606.278333,166.251149
606.585,166.241471
607.818333,166.260828
608.16,166.347933
608.498889,166.183401
608.925278,166.241471
609.357222,166.231792
610.138333,166.183401
610.491111,166.222114
610.877222,166.222114
611.143333,166.202757
611.939167,166.222114
612.326944,166.212436
612.785278,166.241471
613.125,166.260828
613.501111,166.202757
613.916111,166.231792
614.263889,166.251149
614.647778,166.193079
615.097778,166.222114
615.465278,166.212436
616.166944,166.260828
616.991389,166.202757
617.373056,166.222114
618.878056,166.212436
619.275,166.231792
619.635,166.222114
620.088333,166.202757
621.157778,166.202757
621.263611,166.289863
621.600278,166.280184
622.087778,166.270506
622.244444,166.270506
622.394722,166.202757
622.848889,166.183401
623.203056,165.854335
624.403056,166.202757
625.208889,166.222114
625.844444,166.231792
626.166667,166.231792
626.556667,166.231792
627.016667,166.222114
627.638333,166.202757
628.085833,166.231792
628.45,166.251149
629.649722,166.338255
630.436389,166.222114
630.950278,166.280184
632.114444,166.289863
632.834444,166.318898
633.455278,166.318898
633.973889,166.357612
634.495833,166.357612
636.425278,166.270506
636.866667,166.251149
637.198056,166.260828
637.548056,166.260828
638.344167,166.251149
638.797778,166.231792
639.151389,166.260828
639.494167,166.260828
639.926944,166.251149
640.247222,166.270506
640.619444,166.270506
641.057778,166.280184
641.389167,166.270506
641.873611,166.280184
642.416111,166.318898
643.198333,166.270506
644.401667,166.289863
644.823889,165.931762
645.204444,166.289863
645.5375,166.318898
646.004444,166.318898
646.3675,166.260828
646.797778,166.251149
647.990833,166.241471
648.412778,166.280184
649.118056,166.260828
650.309722,166.251149
651.526389,166.06726
652.3525,166.222114
652.769722,166.241471
653.168056,166.270506
653.528056,166.328576
654.033889,166.318898
654.424167,166.154365
654.851111,166.396325
655.242778,166.415682
657.47,166.36729
658.273056,166.357612
658.649722,166.36729
659.049722,166.347933
659.757222,166.347933
660.113333,166.36729
660.950278,166.357612
661.323333,166.299541
661.833611,166.30922
662.525833,166.338255
663.429444,166.338255
663.863333,166.347933
664.250278,166.386647
665.068889,166.36729
666.501667,166.36729
666.918056,166.347933
667.279167,166.357612
668.076111,166.347933
668.460556,166.357612
668.902222,166.338255
669.250833,166.347933
670.819722,166.386647
671.189444,166.347933
672.400833,166.328576
672.844167,166.36729
673.191389,166.347933
675.024444,166.376968
675.394444,166.318898
675.825,166.376968
676.105278,166.347933
676.4775,166.36729
676.937778,166.444717
677.314444,166.464074
677.789722,166.42536
678.094444,166.483431
678.925,166.444717
679.510556,166.464074
679.983611,166.444717
680.336389,166.444717
681.180556,166.512466
681.559167,166.512466
681.990278,166.473752
682.370833,166.435039
682.811111,166.415682
683.150833,166.415682
683.983611,166.396325
684.783889,166.376968
685.088889,166.36729
686.233333,166.328576
686.590278,166.36729
687.058056,166.347933
687.379444,166.396325
687.851944,166.376968
688.261111,166.444717
688.636389,166.444717
689.427222,166.415682
690.525,166.473752
692.209722,166.454395
693.023889,166.464074
693.4125,166.415682
694.3475,166.415682
695.218333,166.415682
695.618056,166.435039
696.375833,166.42536
696.861667,166.376968
697.214722,166.473752
697.581389,166.473752
698.031944,166.464074
699.181389,166.444717
700.003611,166.531822
700.356111,166.512466
701.515,166.560858
701.943611,166.570536
703.111667,166.560858
703.436667,166.212436
703.883056,166.202757
704.2325,166.231792
704.553056,166.328576
706.542222,166.376968
706.993056,166.289863
707.313611,166.347933
707.765833,166.222114
708.108056,166.231792
708.465833,166.299541
708.951667,166.36729
709.265278,166.36729
709.311389,166.415682
709.5975,166.338255
710.304167,166.338255
710.608889,166.396325
710.940833,166.357612
711.206389,166.347933
711.552222,166.338255
712.371389,166.251149
712.848056,166.280184
713.584167,166.415682
714.788056,166.42536
715.153333,166.36729
715.941667,166.30922
717.070278,166.376968
717.448056,166.318898
718.5575,166.222114
719.333611,166.289863
719.797778,166.241471
720.1625,166.202757
720.493333,166.260828
720.929444,166.251149
722.044167,166.251149
722.421111,166.202757
723.759444,166.260828
724.1275,166.299541
725.286111,166.347933
725.755,166.289863
726.123889,166.396325
726.499444,166.328576
726.953056,166.357612
727.323333,166.280184
727.796667,166.522144
728.519167,166.464074
728.949722,166.347933
730.104167,166.347933
730.471667,166.289863
730.899444,166.42536
731.273333,166.357612
731.649444,166.222114
732.110833,166.30922
732.457222,166.299541
732.926944,166.241471
733.617778,166.260828
734.000833,166.338255
734.373056,166.251149
735.305556,166.280184
735.809444,166.30922
736.928889,166.318898
737.295,166.299541
737.65,166.386647
739.288889,166.42536
740.106389,166.36729
740.568056,166.347933
741.405,166.299541
741.847222,166.260828
742.589167,166.212436
743.0425,166.299541
743.77,166.299541
744.522778,166.30922
744.958333,166.280184
745.358611,166.280184
745.846111,166.30922
746.204722,166.36729
746.587778,166.415682
747.01,166.289863
747.363889,166.338255
747.830278,166.473752
748.208889,166.464074
748.570278,166.444717
749.798333,166.357612
750.114444,166.560858
750.471667,166.396325
750.929444,166.512466
751.243056,166.42536
752.087778,166.531822
752.448611,166.522144
753.175833,166.473752
754.795833,166.396325
755.134167,166.473752
755.485,166.454395
755.9375,166.42536
756.277222,166.347933
757.055278,166.396325
757.365,166.328576
757.651667,166.36729
758.025833,166.396325
758.354167,166.493109
758.821389,166.464074
759.51,166.357612
759.979722,166.435039
760.352778,166.435039
760.812222,166.454395
761.185,166.36729
761.506389,166.483431
761.986389,166.522144
761.986667,166.522144
762.587222,166.386647
763.408333,166.42536
763.873056,166.376968
764.289167,166.347933
765.090833,166.42536
765.4525,166.36729
766.776111,166.415682
767.125278,166.42536
767.494167,166.396325
767.919444,166.454395
768.280556,166.464074
768.645833,166.36729
769.126944,166.396325
769.4875,166.483431
769.933333,166.435039
770.28,166.473752
771.085278,166.502787
771.948333,166.483431
773.455833,166.638285
774.253611,166.676998
774.630556,166.618928
775.087778,166.676998
775.799444,166.706033
776.203333,166.580214
776.536111,166.580214
777.018056,166.599571
777.372222,166.589893
777.754722,166.531822
778.151944,166.522144
778.923889,166.551179
779.284722,166.531822
779.754167,166.36729
780.135,166.493109
780.478611,166.347933
780.916111,166.444717
781.295,166.483431
782.446944,166.464074
782.921111,166.464074
783.759167,166.376968
784.1225,166.415682
784.508333,166.502787
784.982778,166.464074
785.329167,166.502787
785.773611,166.435039
786.051389,166.454395
786.858889,166.454395
787.221667,166.502787
787.571667,166.551179
788.018056,166.580214
788.829722,166.541501
789.175278,166.493109
789.553889,166.42536
790.371111,166.541501
790.829444,166.493109
791.202778,166.473752
791.583611,166.522144
792.030833,166.42536
792.384722,166.454395
792.804167,166.493109
793.154722,166.502787
794.069722,166.464074
794.831667,166.580214
795.194167,166.638285
796.398333,166.522144
797.204444,166.764104
798.0175,166.793139
798.370556,166.676998
798.836389,166.783461
799.174722,166.831853
799.528056,166.754425
799.982778,166.676998
800.809167,166.60925
801.203889,166.589893
802.016389,166.599571
802.378333,166.676998
802.786389,166.657642
804.350556,166.502787
805.151667,166.531822
805.509444,166.512466
806.297778,166.473752
806.596111,166.599571
807.853333,166.599571
808.952222,166.647963
809.328611,166.618928
809.765,166.60925
810.087778,166.647963
810.746389,166.696355
811.125833,166.676998
811.950833,166.570536
812.366389,166.638285
813.206111,166.638285
813.603611,166.560858
814.441389,166.531822
815.227222,166.551179
815.582778,166.493109
816.045833,166.541501
816.430556,166.415682
816.873889,166.415682
817.256944,166.493109
817.601111,166.483431
818.066944,166.541501
818.884444,166.444717
819.202222,166.522144
819.576389,166.483431
820.024444,166.570536
820.363889,166.483431
821.562778,166.570536
822.015278,166.686677
822.379444,166.589893
822.876944,166.560858
823.220556,166.541501
823.574722,166.589893
825.203611,166.657642
825.558056,166.60925
825.996667,166.502787
827.03,166.473752
827.408333,166.589893
828.177222,166.483431
828.923056,166.483431
829.264167,166.415682
829.9975,166.570536
830.811667,166.386647
831.189167,166.435039
832.3575,166.502787
832.793611,166.502787
833.144167,166.541501
833.4975,166.531822
834.116944,166.483431
834.631944,166.42536
835.426389,166.531822
835.866944,166.493109
836.325,166.522144
836.789722,166.444717
837.113611,166.483431
837.480833,166.541501
838.250556,166.522144
838.606389,166.483431
839.422222,166.357612
840.560833,166.483431
841.002222,166.483431
841.331944,166.464074
842.149444,166.551179
842.491389,166.512466
842.935,166.531822
843.758611,166.638285
844.231389,166.60925
844.605278,166.580214
845.093889,166.618928
845.917778,166.580214
846.284167,166.599571
847.180278,166.638285
847.545556,166.628606
847.949722,166.628606
848.323611,166.60925
848.756944,166.676998
849.873889,166.60925
850.224167,166.473752
850.63,166.580214
851.060833,166.628606
851.431111,166.551179
851.8975,166.522144
852.235556,166.60925
852.594167,166.628606
853.023889,166.483431
853.815556,166.570536
854.1425,166.551179
854.502778,166.570536
855.880556,166.599571
856.251667,166.628606
856.584444,166.647963
857.0525,166.60925
857.414722,166.657642
857.880556,166.676998
859.326944,166.647963
859.800278,166.638285
860.143611,166.647963
860.893333,166.531822
862.089722,166.647963
863.261111,166.580214
864.826389,166.551179
865.554167,166.647963
866.010556,166.638285
866.365833,166.464074
866.785,166.444717
867.141944,166.638285
867.508611,166.618928
867.927222,166.638285
868.288889,166.66732
868.755278,166.638285
869.0875,166.66732
869.441111,166.793139
869.901111,166.822174
870.258889,166.599571
871.423889,166.686677
871.831111,166.72539
872.195556,166.783461
872.575,166.706033
873.367222,166.744747
873.798889,166.822174
874.184167,166.647963
874.5625,166.676998
875.386944,166.60925
875.839722,166.657642
876.202778,166.72539
877.358611,166.735069
877.800833,166.676998
878.199167,166.72539
878.995556,166.618928
879.351944,166.580214
879.838889,166.66732
880.57,166.72539
881.356389,166.686677
883.244722,166.764104
883.571667,166.647963
883.995833,166.802817
884.363611,166.793139
884.788056,166.647963
885.159722,166.72539
885.53,166.647963
886.346667,166.618928
886.761111,166.599571
888.311944,166.60925
888.759722,166.551179
889.115278,166.686677
889.492222,166.628606
889.938333,166.706033
890.340556,166.696355
890.799444,166.72539
891.492222,166.628606
891.946389,166.686677
893.074444,166.773782
893.438889,166.715712
893.896944,166.841531
894.259167,166.812496
895.024722,166.793139
895.369444,166.744747
895.821944,166.764104
896.189444,166.764104
896.458333,166.715712
896.955278,166.696355
897.850278,166.570536
898.169444,166.618928
898.499167,166.589893
898.948889,166.560858
899.566667,166.647963
900.040833,166.706033
900.389722,166.66732
900.838611,166.66732
901.207222,166.676998
901.555556,166.686677
902.023611,166.570536
902.380278,166.638285
903.548889,166.580214
904.050556,166.647963
904.430833,166.560858
905.267778,166.618928
905.616111,166.638285
906.224167,166.676998
907.126111,166.706033
907.454722,166.657642
907.906667,166.531822
908.632778,166.580214
909.033056,166.531822
909.328333,166.570536
909.646667,166.570536
910.068333,166.541501
910.467778,166.512466
910.911944,166.541501
911.266944,166.512466
911.526389,166.628606
911.986111,166.493109
912.346111,166.551179
913.115278,166.522144
913.460833,166.464074
913.936389,166.502787
914.320556,166.531822
915.083333,166.580214
915.444722,166.560858
915.868056,166.60925
916.247778,166.66732
916.626667,166.60925
917.062222,166.618928
917.426944,166.60925
917.828056,166.676998
919.298333,166.589893
919.744722,166.657642
920.097778,166.72539
920.868611,166.66732
921.605556,166.473752
922.064722,166.599571
924.075,166.647963
924.417778,166.599571
924.8425,166.570536
925.225556,166.580214
926.071389,166.570536
926.435,166.522144
926.886667,166.599571
927.160556,166.570536
927.525,166.589893
928.330833,166.464074
928.794167,166.560858
929.477222,166.473752
929.922222,166.541501
930.274444,166.502787
931.056944,166.541501
931.441111,166.502787
932.651389,166.415682
933.148056,166.444717
933.520556,166.386647
934.371389,166.328576
934.8325,166.396325
935.193056,166.386647
935.482222,166.280184
936.318056,166.328576
936.752778,166.347933
937.510278,166.270506
938.213056,166.415682
938.583056,166.42536
939.034722,166.396325
939.794167,166.338255
940.134444,166.42536
940.524444,166.454395
940.956389,166.551179
941.307778,166.570536
941.770556,166.628606
942.142778,166.580214
943.000833,166.60925
943.404722,166.560858
944.176389,166.551179
944.525556,166.435039
945.000556,166.483431
945.323056,166.444717
946.103889,166.42536
946.484167,166.435039
946.962778,166.396325
947.603333,166.386647
948.053056,166.42536
948.374167,166.415682
948.848333,166.396325
949.542222,166.270506
950.011667,166.386647
950.355556,166.376968
950.582778,166.36729
951.018056,166.260828
951.372222,166.376968
952.194444,166.260828
952.565556,166.318898
953.094444,166.212436
953.456389,166.318898
954.274167,166.42536
954.993611,166.415682
955.339444,166.483431
961.951389,166.231792
962.566944,166.386647
963.033333,166.347933
963.3575,166.328576
963.799167,166.289863
964.211944,166.260828
964.563611,166.231792
965.004167,166.415682
965.408611,166.347933
965.788889,166.415682
966.1725,166.415682
966.527222,166.386647
967.007222,166.493109
967.373056,166.512466
967.849722,166.464074
968.193333,166.289863
968.513333,166.396325
968.917778,166.328576
969.261111,166.357612
970.061944,166.299541
970.400278,166.318898
970.856111,166.154365
971.215556,166.212436
971.568056,166.212436
973.185833,166.251149
974.498056,166.241471
974.955278,166.241471
975.280833,166.202757
975.829722,166.076938
976.162222,166.202757
976.498611,166.173722
976.9625,166.222114
977.306944,166.173722
978.110278,166.12533
979.990556,166.193079
980.816111,166.154365
981.168611,166.144687
981.500278,166.12533
981.925833,166.018868
982.2675,166.047903
982.613333,166.038225
983.414444,165.922084
983.86,165.893049
984.556944,166.038225
984.899167,166.047903
985.225278,166.018868
986.001111,166.028546
986.314167,166.057582
986.639722,166.00919
987.089167,165.989833
987.8925,165.989833
988.226667,166.038225
989.011667,166.105973
989.330278,166.105973
989.826389,166.30922
990.161111,166.231792
990.413889,166.231792
990.546667,166.241471
991.343333,166.193079
992.494444,166.076938
993.285833,166.096295
993.648889,166.076938
994.123333,166.06726
994.907778,166.00919
995.528056,166.018868
996.000833,165.989833
996.793611,165.960798
997.8425,165.883371
998.208056,165.980154
998.551667,165.873692
999.390833,165.893049
999.813056,165.873692
1000.196389,165.883371
1000.563889,165.951119
1001.0225,165.970476
1001.423611,165.922084
1002.421111,165.864014
1003.026111,165.980154
1003.411944,165.989833
1003.879167,165.931762
1004.5825,165.941441
1005.005833,165.893049
1005.373056,165.941441
1006.192778,165.834979
1006.555278,165.864014
1007.011944,165.854335
1007.3925,165.834979
1007.818611,165.815622
1009.015,165.738195
1010.506389,165.786587
1011.258611,165.776908
1011.592222,165.805943
1012.046667,165.747873
1012.404444,165.76723
1012.899722,165.757552
1013.295833,165.747873
1014.1,165.864014
1014.448056,165.883371
1015.319167,165.864014
1015.790833,165.912406
1016.167222,166.00919
1016.507778,166.018868
1018.179167,165.883371
1020.219167,165.738195
1021.040278,165.844657
1021.413889,165.8253
1021.861944,165.738195
1022.2425,165.8253
1022.588889,165.796265
1023.031389,165.747873
1023.406111,165.805943
1024.355278,165.834979
1025.195833,165.70916
1025.538056,165.786587
1026.038056,165.631732
1026.4475,165.796265
1027.105,165.738195
1027.966667,165.776908
1028.758333,165.728516
1029.133333,165.796265
1029.180556,165.796265
1029.579722,165.757552
1030.190278,165.757552
1030.412222,165.651089
1030.821111,165.670446
1031.180278,165.593019
1031.540556,165.641411
1032.836111,165.583341
1033.200833,165.651089
1033.55,165.641411
1034.038611,165.583341
1034.859444,165.70916
1035.631944,165.583341
1036.958889,165.583341
1037.335833,165.534949
1038.196111,165.612376
1039.031389,165.554305
1039.327778,165.651089
1039.596389,165.593019
1040.031944,165.622054
1041.257222,165.70916
1041.624722,165.563984
1042.133611,165.612376
1042.506667,165.612376
1042.991667,165.486557
1043.4025,165.583341
1044.344444,165.4672
1044.840833,165.447843
1045.227778,165.438165
1045.589722,165.389773
1046.044444,165.380094
1046.3575,165.370416
1046.793889,165.283311
1047.170278,165.399451
1047.533611,165.4672
1048.804444,165.428486
1050.019444,165.4672
1050.466667,165.52527
1052.053056,165.370416
1053.256389,165.389773
1053.610278,165.322024
1054.922222,165.389773
1055.281944,165.292989
1056.113611,165.196205
1056.476944,165.341381
1056.957778,165.331702
1057.241111,165.234919
1057.543889,165.234919
1057.994167,165.341381
1058.359444,165.263954
1059.171944,165.254275
1059.554722,165.234919
1060.026667,165.302667
1060.378889,165.283311
1060.779444,165.360738
1061.502778,165.399451
1062.3175,165.341381
1062.758056,165.457522
1063.139444,165.399451
1063.523889,165.476878
1063.936944,165.4672
1064.269167,165.418808
1064.608611,165.331702
1065.082222,165.360738
1065.526389,165.312346
1066.940556,165.292989
1067.821389,165.273632
1068.166667,165.205883
1068.908889,165.273632
1069.231111,165.254275
1070.203333,165.215562
1070.355556,165.263954
1070.800556,165.273632
1071.1,165.273632
1071.255556,165.273632
1071.487222,165.205883
1071.951944,165.215562
1072.315278,165.22524
1073.455833,165.234919
1073.898056,165.234919
1074.4725,165.302667
1075.029722,165.263954
1075.412222,165.196205
1076.213889,165.070386
1077.036944,165.16717
1077.399444,165.041351
1078.089167,165.099421
1078.876944,165.012316
1079.246389,165.051029
1080.052222,164.983281
1080.403056,165.089743
1080.871944,165.021994
1081.236389,165.060708
1081.599722,165.089743
1082.041944,165.060708
1082.830556,165.128456
1083.178056,165.089743
1083.448333,165.021994
1083.893611,165.099421
1085.054167,165.16717
1085.421111,165.099421
1085.891944,165.16717
1086.541944,165.263954
1086.958611,165.331702
1087.279167,165.292989
1088.848889,165.16717
1089.203333,165.138135
1090.31,165.002637
1091.084722,164.963924
1091.404722,164.963924
1091.848889,164.934889
1092.244167,164.973602
1093.043889,164.992959
1093.405833,165.041351
1093.800556,164.896175
1094.2025,164.944567
1094.624722,164.838105
1095.079444,164.954245
1095.455278,165.002637
1095.909722,164.92521
1096.604722,164.963924
1097.041389,164.954245
1097.841389,164.963924
1098.240556,164.896175
1098.529722,164.934889
1099.369167,164.992959
1100.498333,164.915532
1100.946389,164.80907
1101.772778,164.838105
1102.158611,164.760678
1102.495278,164.818748
1103.348056,164.702607
1103.772778,164.702607
1104.150556,164.80907
1105.503611,164.944567
1105.959167,164.86714
1106.741389,164.731642
1107.461111,164.770356
1107.903611,164.818748
1108.250556,164.915532
1108.593889,164.944567
1109.336667,164.857462
1109.793611,164.954245
1110.1475,164.973602
1110.518889,164.876818
1110.935833,164.876818
1111.283889,164.934889
1112.073611,164.983281
1112.4725,164.789713
1113.776667,164.80907
1114.128611,164.663894
1115.299722,164.683251
1115.637778,164.750999
1116.1,164.741321
1117.616111,164.760678
1118.066111,164.673572
1118.429722,164.683251
1119.148611,164.692929
1119.486111,164.62518
1120.291389,164.50904
1120.615556,164.538075
1121.088611,164.499361
1121.446667,164.586467
1121.903333,164.499361
1122.249444,164.528396
1123.7825,164.557432
1124.121944,164.489683
1124.603889,164.557432
1124.931389,164.547753
1125.2675,164.450969
1125.568056,164.489683
1125.621389,164.489683
1125.988889,164.460648
1127.198889,164.450969
1127.573889,164.392899
1128.040833,164.421934
1128.466944,164.412256
1128.933611,164.286437
1129.313333,164.354185
1129.775556,164.257402
1130.495833,164.392899
1130.921389,164.32515
1131.300278,164.373542
1131.851389,164.315472
1132.199722,164.383221
1132.558611,164.460648
1133.325556,164.286437
1133.644722,164.344507
1134.112222,164.470326
1134.491667,164.363864
1135.254722,164.412256
1135.595556,164.499361
1136.021944,164.586467
1136.359722,164.538075
1137.170556,164.373542
1137.5475,164.431612
1138.32,164.441291
1138.813611,164.363864
1139.11,164.392899
1139.924167,164.344507
1140.274722,164.354185
1140.759722,164.286437
1141.110556,164.363864
1141.454722,164.334829
1142.207222,164.32515
1142.552778,164.383221
1145.376389,164.392899
1145.827222,164.286437
1146.153611,164.363864
1147.149167,164.450969
1148.489722,164.450969
1148.876667,164.286437
1149.243889,164.247723
1150.355,164.305793
1151.130833,164.189653
1151.911389,164.141261
1152.631944,164.218688
1152.997222,164.276758
1153.803889,164.373542
1155.313889,164.141261
1156.456389,164.218688
1157.290833,164.189653
1157.640556,164.286437
1158.441389,164.344507
1159.974444,164.441291
1160.3,164.354185
1160.630833,164.373542
1161.064167,164.26708
1161.401944,164.392899
1162.605833,164.073512
1163.030556,164.131582
1163.371944,164.054155
1163.804444,164.121904
1165.822778,163.928336
1166.555833,164.179974
1166.976111,164.063834
1167.583056,164.034799
1168.059444,164.238045
1169.339167,164.228366
1170.138333,164.257402
1170.566111,164.315472
1171.643889,164.228366
1172.114167,164.160618
1172.478889,164.228366
1174.108889,164.20901
1174.468056,164.20901
1174.895556,164.199331
1175.263333,164.20901
1175.6125,164.199331
1176.353611,164.20901
1177.125278,164.112226
1177.462778,164.160618
1178.243611,164.160618
1178.621389,164.141261
1179.098889,164.141261
1179.492778,164.160618
1179.946111,164.160618
1181.028333,164.141261
1181.362222,164.179974
1181.79,164.150939
1182.091667,164.121904
1182.915556,164.179974
1183.613889,164.218688
1184.033056,164.228366
1185.1975,164.102547
1185.568889,164.179974
1186.289444,163.696055
1187.074444,164.015442
1187.765556,163.938015
1188.498333,163.996085
1188.947778,163.90898
1190.158611,163.957372
1190.491944,163.976728
1190.929167,163.957372
1191.311111,163.928336
1191.770556,163.947693
1192.1425,163.947693
1192.519444,163.986407
1193.325,164.015442
1193.573611,164.054155
1194.027222,164.054155
1194.396667,164.063834
1194.452778,164.063834
1195.308056,164.02512
1195.646389,163.705733
1196.069722,164.02512
1196.145556,164.034799
1196.305,163.996085
1196.766111,163.976728
1197.449167,163.957372
1197.859444,163.957372
1198.186389,163.938015
1198.547778,163.928336
1199.010556,163.90898
1199.399722,163.879944
1199.827222,163.860588
1200.194444,163.879944
1200.531389,163.870266
1201.025,163.812196
1201.349722,163.841231
1202.2075,163.812196
1202.581111,163.860588
1202.976111,163.850909
1203.2925,163.812196
1203.650833,163.889623
1204.124722,163.870266
1204.208611,163.831552
1204.492778,163.918658
1204.931389,163.705733
1208.267222,163.870266
1209.051944,163.879944
1209.891944,163.889623
1210.265278,163.802517
1210.617222,163.831552
1211.390278,163.812196
1212.1725,163.802517
1212.546389,163.812196
1213.060833,163.802517
1213.416944,163.821874
1214.232222,163.754125
1214.602222,163.831552
1215.059167,163.821874
1215.422222,163.850909
1215.853889,163.860588
1216.229167,163.957372
1216.5825,163.976728
1217.023056,163.918658
1217.862222,163.928336
1218.997222,163.773482
1219.401667,163.821874
1220.2675,163.783161
1220.756389,163.744447
1221.119444,163.744447
1221.915833,163.637985
1222.749167,163.347633
1223.099167,163.434739
1223.933611,163.60895
1224.306111,163.647663
1224.760278,163.66702
1225.158889,163.657342
1226.036389,163.637985
1226.401944,163.676698
1226.880278,163.676698
1227.233611,163.647663
1227.585833,163.705733
1228.059167,163.637985
1228.448056,163.686377
1228.910556,163.705733
1229.304722,163.686377
1229.76,163.783161
1231.246944,163.550879
1231.639444,163.221814
1231.991667,163.454095
1232.336667,163.550879
1233.425556,163.550879
1234.226667,163.541201
1234.513611,163.512166
1234.831944,163.550879
1235.124444,163.541201
1235.8875,163.531522
1236.196667,163.502487
1237.003333,163.502487
1237.288889,163.454095
1237.596389,163.502487
1238.049444,163.473452
1239.203333,163.434739
1239.556667,163.396025
1240.331111,163.454095
1240.753889,163.444417
1241.417222,163.473452
1242.203333,163.454095
1242.995278,163.512166
1244.114444,163.154065
1244.433611,163.192779
1244.858333,163.154065
1245.197778,163.463774
1245.539722,163.454095
1245.975556,163.357312
1246.296111,163.386347
1246.625833,163.376668
1247.088889,163.06696
1247.441667,163.028246
1247.900556,163.018568
1248.556389,163.028246
1249.782778,163.057281
1250.142222,163.183101
1250.475,163.115352
1250.907778,163.163744
1251.2975,163.183101
1251.757778,163.154065
1252.111667,163.192779
1252.428611,163.154065
1252.866389,163.144387
1253.183333,163.212136
1253.503056,163.30892
1254.286667,163.202457
1254.569722,163.202457
1255.371389,163.183101
1255.786667,163.163744
1256.142222,163.163744
1256.480556,163.250849
1257.250833,163.086317
1257.614722,163.047603
1258.033889,163.086317
1258.378889,163.12503
1258.790833,163.076638
1259.953056,163.018568
1260.638056,163.028246
1261.018333,162.999211
1262.170833,163.057281
1262.516389,163.018568
1262.951389,162.999211
1264.065,163.037925
1264.428333,162.970176
1264.88,163.037925
1265.221111,162.970176
1265.555833,162.912106
1266.3725,162.931462
1267.2275,162.892749
1267.541944,162.912106
1267.960833,162.912106
1268.354167,162.834679
1268.763333,162.863714
1269.1075,162.941141
1269.49,162.854035
1269.953056,162.873392
1270.766111,162.786287
1271.100278,162.863714
1271.847778,162.795965
1272.213889,162.892749
1272.562778,162.825
1273.328611,162.931462
1273.753611,162.873392
1274.035,162.979854
1274.278611,162.979854
1274.601111,162.979854
1275.791389,162.979854
1279.618333,163.047603
1280.035556,162.960498
1280.497222,163.018568
1281.2,162.960498
1283.100833,162.76693
1283.827778,162.728216
1284.195278,162.795965
1284.529722,162.854035
1285.351944,162.854035
1285.810278,162.834679
1286.51,162.825
1286.9275,162.921784
1287.593333,162.912106
1288.5875,162.941141
1289.348611,162.941141
1289.650278,162.941141
1290.059444,162.786287
1290.391667,162.921784
1290.801389,162.921784
1291.124167,162.863714
1291.811944,162.825
1292.137778,162.883071
1292.459444,162.795965
1292.884444,162.795965
1293.553611,162.805643
1294.003889,162.76693
1294.374444,162.854035
1295.098889,162.795965
1295.877778,162.757251
1296.163889,162.689503
1296.897222,162.815322
1297.233056,162.747573
1297.578611,162.795965
1297.984444,162.757251
1298.31,162.786287
1298.743611,162.776608
1299.071389,162.825
1299.387222,162.795965
1299.921667,162.873392
1300.608611,162.854035
1301.0575,163.018568
1301.378889,162.950819
1301.799722,162.873392
1302.152778,163.00889
1303.267222,162.950819
1303.596111,162.941141
1304.06,162.883071
1304.401389,162.950819
1305.162778,162.76693
1305.522778,162.737895
1305.947222,162.728216
1306.278889,162.825
1307.863056,162.70886
1308.194722,162.757251
1308.546944,162.718538
1309.229167,162.660468
1309.285833,162.650789
1310.043333,162.641111
1310.413056,162.718538
1310.826111,162.612076
1311.924722,162.583041
1312.250278,162.699181
1312.5775,162.844357
1313.024167,162.776608
1313.323611,162.70886
1313.621667,162.728216
1314.040278,162.689503
1314.383333,162.728216
1314.800556,162.786287
1315.482778,162.844357
1315.828333,162.728216
1316.195556,162.737895
1316.541389,162.747573
1317.000833,162.699181
1318.413611,162.602397
1318.901667,162.621754
1320.629722,162.583041
1321.04,162.699181
1321.389722,162.641111
1321.836111,162.757251
1322.171111,162.679824
1322.519444,162.892749
1324.049444,162.689503
1324.873889,162.699181
1325.222778,162.650789
1325.569167,162.747573
1326.017778,162.718538
1326.372222,162.621754
1326.638056,162.670146
1327.931111,162.563684
1328.282222,162.650789
1328.6375,162.641111
1329.061111,162.612076
1329.436944,162.544327
1329.840278,162.476578
1330.218056,162.437865
1330.583889,162.428186
1331.022222,162.341081
1331.339722,162.370116
1331.792778,162.283011
1332.1475,162.283011
1332.494722,162.389473
1332.901389,162.370116
1333.220556,162.312046
1333.523056,162.312046
1334.288056,162.379794
1334.755833,162.273332
1335.066389,162.341081
1335.872778,162.205583
1336.197778,162.205583
1336.580833,162.157191
1337.400833,162.195905
1337.773333,162.302367
1338.098056,162.292689
1338.426111,162.244297
1338.851667,162.205583
1339.198611,162.205583
1339.553889,162.176548
1339.975833,162.147513
1341.040278,162.22494
1341.870278,162.195905
1342.229444,162.16687
1342.578333,162.22494
1343.433056,162.215262
1343.953333,162.244297
1344.313889,162.16687
1344.849167,162.292689
1345.191667,162.292689
1345.516944,162.292689
1346.403056,162.292689
1346.898333,162.157191
1347.270833,162.263654
1347.608611,162.186227
1348.541111,162.128156
1349.038056,162.099121
1349.381667,162.137835
1349.870556,162.186227
1351.352222,162.283011
1351.837222,162.312046
1352.286944,162.283011
1352.839722,162.195905
1354.465278,162.195905
1354.914444,162.195905
1355.641667,162.128156
1356.1375,162.050729
1356.488611,162.079764
1356.9975,162.1088
1357.326111,162.050729
1359.161111,162.041051
1359.488333,162.012016
1359.878056,162.012016
1360.183611,162.118478
1360.494722,162.060408
1361.254167,162.283011
1361.546667,162.205583
1361.985278,162.22494
1362.293056,162.302367
1362.623056,162.22494
1363.429722,162.244297
1363.884167,162.1088
1364.247778,162.099121
1365.043889,162.1088
1365.365833,162.205583
1365.797778,162.079764
1366.151389,162.041051
1366.931389,162.079764
1367.284167,162.031372
1367.647222,162.118478
1368.086111,162.041051
1368.409167,162.118478
1368.787778,162.215262
1369.123333,162.1088
1369.91,162.089443
1370.346389,162.070086
1370.7575,162.089443
1371.119444,162.050729
1371.464722,162.031372
1372.230556,162.128156
1372.553611,162.089443
1372.911944,162.128156
1373.229722,162.147513
1373.5525,162.205583
1373.982778,162.128156
1374.2625,162.079764
1374.7675,162.234619
1375.3025,162.215262
1375.765833,162.176548
1376.089167,162.118478
1376.410278,162.137835
1376.828611,162.22494
1377.173889,162.128156
1377.516111,162.147513
1377.958611,162.147513
1378.635,162.002337
1379.318333,161.818448
1379.7475,161.886197
1380.096944,161.905553
1380.469722,161.837805
1381.281111,161.837805
1381.641944,161.905553
1382.097778,161.779734
1382.411389,161.837805
1382.846667,161.789413
1383.191667,161.876518
1383.529444,161.857161
1383.955833,161.886197
1384.317778,161.953945
1384.645,161.847483
1385.0625,161.953945
1386.149722,162.070086
1386.944167,162.079764
1387.635278,162.070086
1388.051389,162.002337
1388.403611,161.992659
1388.823889,162.050729
1389.134167,162.002337
1389.449167,161.982981
1401.14,161.779734
1401.451389,161.80877
1401.885556,161.673272
1402.217778,161.663594
1402.955833,161.663594
1403.7875,161.663594
1404.516667,161.634559
1404.809722,161.634559
1405.321667,161.62488
1406.003611,161.653915
1406.342778,161.682951
1407.109167,161.663594
1407.890556,161.615202
1408.204722,161.50874
1408.5125,161.595845
1409.336667,161.586167
1410.085278,161.605523
1410.454444,161.760378
1411.130833,161.644237
1411.457222,161.673272
1412.220278,161.644237
1412.538889,161.653915
1412.976111,161.615202
1413.275833,161.605523
1414.009444,161.586167
1414.7775,161.557131
1415.127222,161.460348
1415.459722,161.557131
1415.865278,161.431312
1416.194167,161.489383
1417.074167,161.615202
1417.845556,161.605523
1418.205,161.605523
1418.532778,161.547453
1418.951111,161.518418
1419.315,161.479704
1419.634167,161.499061
1420.377778,161.56681
1420.793333,161.62488
1421.131667,161.56681
1421.485278,161.770056
1421.915,161.595845
1422.564444,161.653915
1422.620556,161.605523
1423.578333,161.479704
1423.976111,161.586167
1424.315278,161.595845
1424.594722,161.547453
1425.334167,161.421634
1425.645278,161.460348
1425.956667,161.537775
1426.281389,161.50874
1426.572778,161.489383
1426.991111,161.537775
1427.29,161.411956
1427.622778,161.528096
1428.029722,161.50874
1428.358889,161.499061
1429.097778,161.489383
1429.433889,161.537775
1430.216667,161.421634
1431.044722,161.460348
1431.3725,161.479704
1431.826111,161.421634
1432.195556,161.450669
1432.545278,161.450669
1432.93,161.334529
1433.304722,161.344207
1433.590556,161.431312
1434.092778,161.440991
1434.133889,161.440991
1434.461667,161.586167
1434.915833,161.586167
1435.135833,161.586167
1435.262778,161.470026
1435.604167,161.56681
1436.370556,161.576488
1436.784444,161.411956
1437.143333,161.460348
1437.511944,161.518418
1438.075833,161.50874
1438.423611,161.460348
1438.859444,161.460348
1438.865833,161.528096
1439.235,161.547453
1439.563889,161.460348
1439.861111,161.460348
1440.175,161.460348
1440.313611,161.50874
1440.638333,161.50874
1441.093333,161.479704
1441.227778,161.479704
1441.4975,161.479704
1441.852778,161.528096
1442.118056,161.460348
1442.464722,161.518418
1442.505278,161.518418
1442.7675,161.518418
1443.218889,161.528096
1443.814722,161.528096
1443.955,161.56681
1444.078333,161.56681
1444.334444,161.56681
1444.773056,161.499061
1445.096667,161.499061
1445.102778,161.576488
1445.413889,161.576488
1445.8175,161.50874
1446.108056,161.692629
1446.426389,161.692629
1446.765833,161.692629
1446.942222,161.576488
1447.444444,161.605523
1447.774722,161.605523
1447.874167,161.595845
1448.089167,161.595845
1448.161111,161.62488
1448.865833,161.499061
1449.114167,161.499061
1449.528056,161.489383
1450.004167,161.479704
1450.303333,161.305493
1450.631667,161.247423
1451.1025,161.315172
1451.429167,161.305493
1451.878056,161.32485
1452.2425,161.295815
1452.990278,161.20871
1453.309167,161.20871
1453.765556,161.276458
1454.112778,161.295815
1454.434722,161.247423
1455.7875,161.26678
1456.145278,161.257101
1456.479722,161.169996
1456.901389,161.179674
1457.225556,161.286137
1457.932222,161.257101
1458.263056,161.334529
1458.597778,161.218388
1458.985556,161.392599
1459.743889,161.276458
1460.088889,161.353885
1460.41,161.353885
1460.840556,161.295815
1461.154444,161.353885
1462.313056,161.305493
1462.636389,161.286137
1463.071944,161.237745
1463.392778,161.160318
1464.145833,161.150639
1464.477778,161.189353
1464.914444,161.189353
1465.202222,161.140961
1465.535,161.189353
1465.931667,161.228066
1467.096944,161.26678
1467.401111,161.315172
1467.844444,161.228066
1468.192778,161.199031
1468.540278,161.20871
1468.981389,161.411956
1469.831667,161.26678
1470.168056,161.082891
1471.429167,161.179674
1471.803056,161.20871
1472.119444,161.131282
1473.276667,161.199031
1473.598889,161.121604
1474.018056,161.082891
1475.459722,161.169996
1475.880833,161.169996
1476.254444,161.102247
1476.619722,161.111926
1477.182222,161.082891
1477.547222,161.053855
1477.985,161.102247
1478.201667,161.102247
1478.559722,161.102247
1479.229167,161.102247
1479.329167,161.082891
1480.126667,161.063534
1480.474444,161.169996
1480.893889,161.169996
1481.833056,161.160318
1482.136389,161.228066
1482.511111,161.295815
1483.915,161.121604
1484.248333,161.140961
1490.493611,161.257101
1490.938611,161.305493
1491.255833,161.228066
1491.548611,161.179674
1492.075278,161.247423
1492.419167,161.228066
1492.828611,161.237745
1493.530278,161.218388
1493.9225,161.305493
1494.259167,161.228066
1494.965833,161.121604
1495.770833,161.121604
1496.124167,161.092569
1496.446667,161.102247
1496.86,160.986107
1497.180556,160.889323
1498.166667,160.879644
1498.485556,160.918358
1498.940278,161.02482
1499.275833,160.986107
1499.58,161.063534
1500.291944,161.073212
1500.790278,161.121604
1501.455,161.082891
1501.872222,161.015142
1502.190278,161.073212
1502.536111,161.111926
1502.973056,161.034499
1503.340833,160.947393
1503.805833,161.102247
1504.133611,161.111926
1504.506389,161.073212
1505.065833,161.179674
1505.445833,161.111926
1505.914722,161.140961
1506.2325,161.140961
1506.615556,161.169996
1507.112778,161.189353
1507.451944,161.305493
1508.153611,161.305493
1508.286944,161.305493
1508.754444,161.160318
1509.121389,161.150639
1509.166389,161.150639
1509.468611,161.199031
1509.903056,161.179674
1510.273889,161.179674
1510.828056,161.121604
1511.603611,161.140961
1514.005556,161.131282
1514.330278,161.063534
1514.789444,161.092569
1515.121111,161.140961
1515.476667,161.111926
1515.916111,161.257101
1516.2375,161.150639
1517.0025,161.257101
1517.346111,161.228066
1517.781667,161.315172
1518.105833,161.353885
1518.471667,161.247423
1519.523611,161.131282
1519.926667,161.247423
1520.295,161.247423
1520.642222,161.295815
1521.435833,161.20871
1522.270556,161.053855
1522.628889,161.150639
1523.481111,160.995785
1523.945,161.015142
1524.330833,160.995785
1524.786944,161.044177
1525.152778,161.082891
1525.51,161.160318
1525.978056,161.179674
1526.346389,161.111926
1526.8325,161.218388
1527.190556,161.237745
1528.281667,161.140961
1528.559167,161.169996
1530.576111,161.247423
1531.04,161.237745
1531.408889,161.121604
1531.894722,161.295815
1532.244167,161.140961
1532.621667,161.199031
1533.11,161.150639
1533.452778,161.179674
1534.329722,161.315172
1534.851944,161.111926
1536.483889,161.373242
1537.422222,161.073212
1538.225,161.189353
1538.399167,161.189353
1538.600556,161.421634
1539.055278,161.169996
1539.394167,161.218388
1539.825833,161.218388
1540.152778,161.140961
1540.511111,161.102247
1541.373056,161.334529
1541.798611,161.353885
1542.120278,161.392599
1543.626667,161.382921
1544.032778,161.334529
1544.4275,161.450669
1545.971667,161.421634
1546.494722,161.344207
1546.982222,161.363564
1547.294444,161.150639
1547.873333,161.353885
1548.204722,161.392599
1549.09,161.392599
1549.448056,161.373242
1550.253889,161.353885
1550.880833,161.305493
1551.818611,161.547453
1552.159444,161.537775
1553.977778,161.56681
1554.342222,161.586167
1554.793889,161.663594
1555.171944,161.634559
1555.523333,161.605523
1555.958889,161.576488
1556.291111,161.615202
1556.648333,161.615202
1557.093333,161.576488
1557.468611,161.576488
1557.919444,161.537775
1558.638333,161.499061
1560.190556,161.479704
1560.449444,161.518418
1561.259167,161.528096
1561.587222,161.528096
1562.009722,161.489383
1562.359444,161.518418
1563.175278,161.479704
1564.44,161.518418
1564.908333,161.528096
1565.821389,161.499061
1566.438333,161.537775
1567.974167,161.576488
1568.330833,161.586167
1568.812778,161.373242
1569.065278,161.373242
1569.449167,161.595845
1569.769167,161.576488
1570.076111,161.576488
1570.165,161.576488
1570.544722,161.518418
1571.021944,161.489383
1571.7875,161.489383
1572.169167,161.470026
1572.533056,161.479704
1572.999444,161.450669
1573.339722,161.431312
1573.798333,161.450669
1574.517778,161.450669
1575.334167,161.460348
1575.803889,161.518418
1576.1775,161.537775
1576.543611,161.528096
1577.071389,161.537775
1577.474444,161.528096
1577.96,161.557131
1578.350278,161.518418
1578.805,161.576488
1579.156667,161.537775
1579.5275,161.518418
1580.002778,161.576488
1580.383333,161.547453
1580.765278,161.576488
1581.138611,161.547453
1581.525556,161.528096
1581.934444,161.576488
1582.275556,161.547453
1582.634722,161.537775
1583.073611,161.586167
1583.446111,161.537775
1584.352222,161.557131
1584.625833,161.537775
1585.075556,161.499061
1585.430833,161.50874
1586.239444,161.557131
1586.601944,161.528096
1586.611389,161.518418
1587.0425,161.557131
1587.439722,161.557131
1587.899722,161.528096
1588.288333,161.528096
1588.564722,161.518418
1589.006389,161.576488
1589.375,161.56681
1589.856667,161.653915
1590.574444,161.595845
1591.434444,161.595845
1591.872222,161.615202
1592.21,161.576488
1592.605,161.634559
1593.027222,161.653915
1593.405,161.56681
1593.855833,161.557131
1594.184722,161.537775
1594.564444,161.547453
1595.347222,161.537775
1595.808611,161.499061
1596.5375,161.460348
1597.0275,161.450669
1597.425556,161.440991
1598.210556,161.440991
1598.589722,161.179674
1599.255556,161.179674
1599.8825,161.50874
1600.217778,161.547453
1600.264722,161.547453
1600.547222,161.537775
1601.025278,161.344207
1601.391944,161.50874
1601.844444,161.547453
1602.251667,161.673272
1603.919167,161.653915
1604.566667,161.595845
1605.054167,161.634559
1605.436111,161.615202
1605.914444,161.595845
1606.259444,161.615202
1607.087778,161.586167
1607.955,161.557131
1608.290278,161.586167
1608.759444,161.537775
1609.423333,161.547453
1609.869444,161.537775
1610.259722,161.595845
1610.629167,161.605523
1611.5025,161.62488
1611.943611,161.721664
1612.256111,161.682951
1612.591111,161.692629
1613.043611,161.711986
1613.391944,161.760378
1614.213333,161.741021
1614.583333,161.750699
1614.9925,161.828126
1616.340278,161.847483
1617.533889,161.62488
1617.987222,161.847483
1618.313611,161.86684
1618.766667,161.818448
1619.0825,161.80877
1619.420278,161.818448
1619.869722,161.770056
1620.208611,161.770056
1620.535278,161.779734
1620.953056,161.789413
1621.644167,161.770056
1622.780833,161.799091
1623.859722,161.789413
1624.180278,161.789413
1624.532778,161.799091
1624.963889,161.799091
1625.764722,161.50874
1626.118889,161.837805
1626.444167,161.876518
1627.216111,161.915232
1627.597222,161.934589
1628.043056,161.886197
1628.383611,161.886197
1629.136111,161.847483
1629.306389,161.847483
1629.500278,161.886197
1629.915278,161.857161
1630.285,161.605523
1630.327778,161.605523
1631.074444,161.80877
1631.397222,161.799091
1631.828333,161.470026
1632.562778,161.80877
1633.004722,161.789413
1633.783056,161.731342
1634.136944,161.731342
1634.470278,161.770056
1634.922778,161.80877
1635.228889,161.789413
1636.344167,161.837805
1636.639444,161.876518
1637.061389,161.857161
1637.846944,161.905553
1638.540556,161.953945
1639.110556,161.992659
1639.596667,161.905553
1640.0225,161.92491
1641.095278,161.876518
1641.450278,161.837805
1641.935278,161.818448
1642.224444,161.876518
1642.987778,161.837805
1643.344722,161.857161
1644.08,161.857161
1644.451944,161.644237
1645.087222,161.644237
1645.200833,161.682951
1645.562222,161.62488
1646.313056,161.595845
1646.754444,161.576488
1647.389722,161.586167
1647.805,161.615202
1648.976944,161.56681
1649.331389,161.605523
1650.817222,161.62488
1651.158611,161.634559
1651.481389,161.634559
1652.518889,161.673272
1652.925278,161.673272
1653.586389,161.653915
1654.008611,161.682951
1654.775556,161.595845
1655.095556,161.644237
1655.422222,161.644237
1655.835,161.595845
1656.515,161.605523
1656.9475,161.721664
1657.279444,161.721664
1657.601111,161.595845
1658.044722,161.56681
1658.321667,161.576488
1658.637778,161.634559
1659.093611,161.731342
1659.423333,161.653915
1659.868889,161.673272
1660.23,161.653915
1660.556111,161.741021
1660.979444,161.770056
1661.334167,161.711986
1661.646111,161.886197
1662.473611,161.711986
1662.981111,161.886197
1664.249722,161.886197
1664.582222,161.818448
1665.029444,161.673272
1665.382778,161.721664
1665.811389,161.760378
1668.2725,161.779734
1668.743889,161.663594
1669.095278,161.702307
1669.443889,161.673272
1669.878056,161.692629
1670.219722,161.663594
1670.960833,161.605523
1671.342222,161.702307
1671.780278,161.605523
1672.419444,161.576488
1672.860833,161.605523
1674.300278,161.605523
1674.311389,161.711986
1674.649167,161.731342
1675.078889,161.770056
1675.322222,161.770056
1676.223333,161.673272
1676.559444,161.653915
1677.378333,161.682951
1678.137778,161.595845
1678.488333,161.741021
1678.935556,161.682951
1679.048056,161.682951
1679.281111,161.673272
1679.597222,161.56681
1680.011944,161.615202
1680.348889,161.586167
1680.783333,161.595845
1681.130556,161.605523
1681.461667,161.644237
1681.879444,161.615202
1682.189444,161.682951
1682.559167,161.702307
1682.975833,161.673272
1683.289167,161.615202
1683.624722,161.595845
1684.026667,161.653915
1684.428889,161.750699
1685.199722,161.711986
1685.531944,161.682951
1685.947222,161.799091
1686.285556,161.818448
1686.653056,161.721664
1687.771389,161.711986
1688.084722,161.789413
1688.775833,161.80877
1689.436111,161.799091
1689.860833,161.692629
1690.152222,161.779734
1690.480556,161.741021
1690.860278,161.644237
1691.195278,161.731342
1691.537778,161.682951
1691.985833,161.721664
1693.794722,161.576488
1694.146667,161.692629
1694.504444,161.653915
1695.256944,161.663594
1695.580556,161.760378
1696.3575,161.721664
1696.786944,161.702307
1697.125833,161.750699
1697.5,161.692629
1697.920556,161.818448
1698.262778,161.779734
1699.081111,161.934589
1699.375,161.963624
1700.177222,161.847483
1701.286111,161.828126
1701.593333,161.799091
1702.022222,161.876518
1703.186944,161.905553
1703.541667,161.80877
1704.031667,161.741021
1705.244167,161.837805
1705.512778,161.837805
1705.610556,161.92491
1706.384167,161.92491
1706.520278,161.92491
1707.542778,161.953945
1709.414722,162.012016
1709.961667,161.944267
1710.259444,161.982981
1710.571944,162.041051
1711.178333,162.137835
1711.641389,162.050729
1712.073333,161.992659
1713.169444,162.089443
1713.489167,162.021694
1714.232222,162.089443
1714.941111,162.041051
1715.2825,162.002337
1715.620833,162.089443
1716.066944,162.099121
1716.3875,162.079764
1716.617222,162.079764
1717.840556,161.973302
1718.17,162.002337
1719.262778,161.982981
1719.480556,161.915232
1719.934722,162.157191
1720.289722,162.263654
1720.607778,162.205583
1721.379444,162.215262
1721.785556,162.244297
1722.129444,162.379794
1722.915833,162.428186
1723.254722,162.302367
1723.591667,162.244297
1724.403333,162.16687
1725.1475,162.1088
1725.490278,162.253975
1727.026389,162.360438
1727.653333,162.321724
1728.429722,162.312046
1729.500556,162.302367
1729.931944,162.331402
1730.278056,162.302367
1730.586944,162.428186
1731.008056,162.312046
1731.358333,162.292689
1731.811944,162.379794
1732.514444,162.321724
1732.918333,162.534649
1733.239444,162.447543
1733.9225,162.495935
1734.327222,162.418508
1734.756944,162.52497
1735.763889,162.544327
1736.228889,162.544327
1737.130556,162.476578
1737.273611,162.476578
1737.469722,162.379794
1737.873056,162.428186
1738.209167,162.350759
1738.550556,162.331402
1738.940833,162.331402
1739.2975,162.312046
1740.103333,162.283011
1740.445556,162.321724
1740.838611,162.312046
1741.186944,162.350759
1741.5625,162.418508
1741.989167,162.312046
1742.3,162.321724
1742.971667,162.40883
1743.273889,162.312046
1744.045556,162.360438
1744.396667,162.350759
1744.821667,162.4669
1745.156389,162.418508
1745.510278,162.515292
1746.238611,162.52497
1747.005278,162.583041
1747.326111,162.679824
1747.791111,162.679824
1748.0875,162.592719
1748.156667,162.544327
1748.468056,162.650789
1748.786667,162.621754
1749.120833,162.583041
1749.373889,162.515292
1750.118056,162.52497
1750.451667,162.544327
1751.182778,162.515292
1751.512222,162.592719
1751.910556,162.592719
1752.267778,162.563684
1752.990833,162.495935
1753.338333,162.544327
1754.084722,162.602397
1754.422778,162.718538
1754.850556,162.612076
1755.166667,162.52497
1755.953333,162.52497
1756.62,162.534649
1757.045833,162.757251
1757.391667,162.718538
1757.806667,162.699181
1758.938333,162.612076
1759.253611,162.679824
1759.938611,162.670146
1760.624722,162.534649
1761.047778,162.592719
1761.371389,162.554005
1762.088611,162.621754
1762.433611,162.631432
1764.101667,162.52497
1764.571111,162.476578
1765.048333,162.554005
1765.407778,162.505613
1766.155278,162.563684
1766.486111,162.563684
1766.890556,162.563684
1767.271389,162.631432
1767.545,162.631432
1767.61,162.544327
1768.073611,162.476578
1769.252222,162.495935
1770.403611,162.486257
1770.868056,162.592719
1771.241389,162.573362
1771.608889,162.660468
1772.054444,162.592719
1773.942222,162.544327
1774.331667,162.592719
1775.0325,162.52497
1775.321667,162.515292
1775.760278,162.515292
1776.102222,162.457221
1776.861944,162.573362
1777.551111,162.563684
1777.993611,162.583041
1778.336944,162.592719
1778.776389,162.583041
1779.163611,162.592719
1779.497222,162.544327
1779.929444,162.52497
1780.254167,162.631432
1780.596667,162.670146
1781.068611,162.631432
1781.407778,162.699181
1781.837222,162.699181
1782.138611,162.670146
1782.475833,162.718538
1782.909167,162.641111
1783.314722,162.612076
1783.315,162.612076
1783.996944,162.612076
1784.292778,162.786287
1784.631111,162.699181
1785.356111,162.583041
1785.627222,162.583041
1786.060833,162.650789
1786.366111,162.52497
1786.785,162.544327
1787.149167,162.592719
1787.906667,162.515292
1788.236667,162.573362
1788.591944,162.476578
1789.025556,162.486257
1789.308889,162.544327
1790.105833,162.457221
1790.5275,162.4669
1790.978889,162.52497
1791.336111,162.495935
1791.779444,162.515292
1792.145556,162.505613
1792.481667,162.476578
1792.899444,162.476578
1793.276111,162.52497
1793.643889,162.495935
1795.818056,162.612076
1796.126389,162.621754
1796.460278,162.621754
1797.061667,162.621754
1797.240278,162.728216
1797.588889,162.689503
1798.026667,162.650789
1798.394444,162.650789
1798.399722,162.573362
1798.824167,162.631432
1799.124722,162.612076
1799.792222,162.534649
1800.769722,162.544327
1801.455833,162.621754
1802.537778,162.689503
1802.957222,162.689503
1803.281667,162.641111
1803.605278,162.728216
1804.058333,162.621754
1804.411667,162.689503
1805.208056,162.660468
1805.554167,162.747573
1805.994444,162.689503
1806.319444,162.679824
1806.651111,162.699181
1807.07,162.737895
1807.354444,162.689503
1808.093333,162.718538
1809.14,162.641111
1809.482222,162.660468
1810.235556,162.641111
1810.608333,162.612076
1811.051389,162.602397
1812.308333,162.583041
1812.738889,162.612076
1813.034444,162.641111
1813.801667,162.670146
1814.123333,162.592719
1815.2225,162.631432
1815.574722,162.563684
1816.514167,162.621754
1816.992778,162.679824
1818.391389,162.776608
1818.760833,162.815322
1819.121944,162.805643
1819.794722,162.728216
1820.130833,162.815322
1820.841944,162.786287
1821.234167,162.795965
1822.113056,162.718538
1823.931944,162.728216
1824.159167,162.718538
1824.490556,162.757251
1824.849167,162.737895
1825.192222,162.805643
1825.625278,162.70886
1826.563333,162.70886
1827.573889,162.70886
1827.937222,162.854035
1827.976944,163.086317
1828.034167,162.931462
1830.098611,162.941141
1830.468056,162.854035
1830.911667,162.795965
1832.264167,162.805643
1832.755556,162.844357
1833.061944,162.815322
1833.501667,162.805643
1834.321944,162.825
1834.754722,162.815322
1835.091667,162.805643
1835.429722,162.825
1835.834167,162.786287
1836.180833,162.795965
1836.498611,162.737895
1836.581389,162.834679
1836.982222,162.757251
1837.321389,162.737895
1837.746667,162.795965
1838.109444,162.805643
1838.151667,162.795965
1838.421944,162.825
1838.8225,162.728216
1839.208333,162.834679
1840.022778,162.757251
1840.815,162.757251
1841.173889,162.863714
1841.954722,162.844357
1842.316667,162.844357
1842.768333,162.854035
1843.155556,162.892749
1844.305556,162.834679
1845.074444,162.912106
1845.818611,162.844357
1846.144722,162.892749
1846.473611,162.844357
1846.919722,162.844357
1848.028611,162.825
1848.303333,162.76693
1848.637778,162.76693
1849.074722,162.786287
1849.380556,162.834679
1850.166111,162.854035
1850.879444,162.825
1851.124167,162.844357
1851.465,162.805643
1852.244722,162.950819
1852.770833,162.931462
1853.148333,162.941141
1853.98,162.931462
1854.314722,162.941141
1855.095,163.086317
1856.454444,162.912106
1856.885,163.231492
1857.238056,162.960498
1858.44,162.989533
1859.9125,162.892749
1860.255278,162.912106
1860.628333,162.805643
1861.071667,162.883071
1861.433611,162.854035
1861.884167,162.844357
1862.217222,162.883071
1862.597778,162.921784
1863.089167,162.921784
1863.861944,162.921784
1865.112778,163.00889
1866.298333,163.047603
1866.629167,163.12503
1867.108056,163.06696
1867.4875,162.979854
1868.005,163.037925
1869.570556,162.912106
1870.015833,162.921784
1870.3625,163.028246
1870.820278,162.960498
1871.935556,162.921784
1872.288889,162.921784
1873.438056,162.921784
1873.8775,162.863714
1874.24,163.173422
1875.046389,162.931462
1875.260278,163.192779
1875.821111,162.921784
1876.259167,163.173422
1877.348333,162.941141
1877.8,163.173422
1878.136944,163.183101
1878.5625,163.183101
1879.009444,163.279884
1879.982778,163.260528
1880.280833,163.221814
1881.806111,163.212136
1882.177778,162.960498
1882.539167,163.250849
1882.985556,163.221814
1883.613333,163.076638
1884.366389,163.105673
1885.161944,163.12503
1885.918889,162.883071
1886.269722,163.163744
1887.015833,163.192779
1887.435556,162.960498
1887.881111,163.173422
1888.223056,163.018568
1889.756944,163.318598
1890.464444,163.202457
1890.921944,163.250849
1891.271667,163.502487
1891.641944,163.463774
1892.4475,163.376668
1892.898889,162.989533
1893.271389,163.279884
1893.626667,163.231492
1894.078889,163.221814
1894.431944,163.231492
1894.848333,162.960498
1895.585556,163.192779
1895.970556,163.202457
1896.327778,163.192779
1897.087222,163.202457
1897.420833,163.289563
1897.876389,162.979854
1898.244167,163.241171
1898.953889,163.250849
1899.777778,163.105673
1900.182222,163.347633
1900.542222,163.260528
1902.157222,163.018568
1902.522222,163.250849
1902.964722,163.270206
1903.388056,163.231492
1903.996667,162.999211
1904.341667,163.06696
1905.099167,163.270206
1905.324722,163.270206
1905.383056,163.289563
1905.827778,163.231492
1906.199444,163.221814
1906.564722,163.241171
1907.025833,163.289563
1907.356389,163.289563
1907.789167,163.260528
1908.144167,163.289563
1908.500833,163.173422
1909.036111,163.250849
1909.342778,163.270206
1909.420833,163.318598
1909.847222,163.260528
1910.195,163.299241
1911.430833,163.241171
1911.905833,163.241171
1912.606389,163.250849
1913.000833,163.270206
1913.420833,163.270206
1913.864167,163.250849
1914.186111,163.299241
1914.530278,163.463774
1915.318333,163.434739
1915.78,163.396025
1916.051944,163.454095
1916.395833,163.36699
1916.830278,163.30892
1917.155,163.337955
1917.959167,163.328276
1918.336389,163.357312
1918.75,163.328276
1919.100278,163.337955
1919.475278,163.328276
1920.948611,163.36699
1921.092778,163.36699
1921.319722,163.386347
1921.636944,163.376668
1922.083611,163.376668
1922.137778,163.376668
1922.431389,163.357312
1922.855,163.347633
1923.21,163.415382
1923.600833,163.434739
1924.077778,163.502487
1924.442778,163.444417
1925.175,163.473452
1925.571667,163.415382
1926.876667,163.473452
1927.216389,163.512166
1927.614444,163.42506
1928.424167,163.473452
1928.879722,163.386347
1929.136667,163.434739
1929.59,163.415382
1929.997778,163.386347
1930.330278,163.396025
1930.790556,163.444417
1931.142778,163.386347
1931.490278,163.386347
1931.893611,163.095995
1932.215278,163.328276
1933.010556,163.086317
1933.797222,163.396025
1934.141389,163.444417
1934.495278,163.415382
1935.151111,163.318598
1936.148611,163.250849
1936.505278,163.241171
1937.229167,163.289563
1938.471944,163.212136
1938.908889,163.42506
1939.600833,163.396025
1940.041944,163.434739
1941.538889,163.30892
1941.981111,163.289563
1942.378889,163.30892
1942.814444,163.30892
1943.141389,163.018568
1943.455833,162.999211
1943.929722,163.260528
1944.275,163.260528
1944.606944,163.270206
1945.009722,163.279884
1945.371944,163.250849
1946.113333,163.347633
1946.479444,163.30892
1947.541111,163.328276
1948.366389,163.396025
1949.127222,163.376668
1949.473611,163.318598
1949.891944,163.279884
1952.0575,163.289563
1952.433611,163.30892
1952.607222,163.30892
1952.892222,163.30892
1953.213611,163.299241
1953.634444,163.299241
1954.376667,163.221814
1955.138611,163.270206
1955.429167,163.250849
1955.880278,163.221814
1956.25,163.231492
1956.576111,163.183101
1957.042778,162.950819
1957.415278,163.183101
1958.098056,163.163744
1958.445556,163.221814
1958.943889,163.221814
1959.636389,163.241171
1960.1225,163.241171
1960.903056,163.241171
1961.641944,163.221814
1962.111111,163.241171
1962.371111,163.289563
1963.201667,163.396025
1965.089167,163.270206
1965.452778,163.289563
1965.9275,163.289563
1966.262222,163.270206
1966.623056,163.028246
1967.083889,162.989533
1967.460833,163.241171
1967.876667,163.250849
1968.231667,163.260528
1969.028889,163.357312
1969.803611,163.337955
1970.17,163.36699
1970.515833,163.047603
1970.988333,163.444417
1971.754444,163.502487
1973.235833,163.231492
1973.982778,163.250849
1974.344722,163.221814
1974.790833,163.270206
1975.032222,163.241171
1975.317778,163.289563
1977.239444,163.289563
1977.602778,163.279884
1978.0475,163.250849
1978.398611,163.279884
1978.873333,163.231492
1979.244722,163.047603
1979.571389,163.260528
1980.761111,163.279884
1981.134444,163.289563
1981.850556,163.279884
1982.164722,163.299241
1982.497222,163.30892
1982.881667,163.270206
1983.2475,163.30892
1984.745278,163.30892
1985.101944,163.30892
1985.879167,163.376668
1986.563056,163.454095
1987.024444,163.473452
1987.394167,163.550879
1987.792778,163.454095
1988.178611,163.463774
1988.534722,163.531522
1988.975,163.483131
1989.626389,163.473452
1990.075833,163.463774
1990.39,163.483131
1990.829167,163.454095
1991.211389,163.415382
1991.576944,163.415382
1992.355833,163.415382
1993.171667,163.357312
1993.973611,163.36699
1994.328333,163.42506
1995.146944,163.386347
1996.256111,163.42506
1996.59,163.492809
1997.016389,163.483131
1998.245,163.473452
1998.623611,163.521844
1999.084722,163.502487
1999.429167,163.531522
1999.487222,163.550879
2000.936944,163.502487
2001.290556,163.473452
2002.022778,163.463774
2002.812222,163.434739
2003.516944,163.434739
2003.961111,163.415382
2005.091389,163.396025
2006.6025,163.386347
2007.056389,163.415382
2007.442222,163.444417
2009.017222,163.396025
2009.390833,163.347633
2009.818889,163.444417
2010.193056,163.463774
2010.561944,163.463774
2010.984444,163.473452
2011.353333,163.444417
2011.815556,163.454095
2012.1375,163.454095
2012.942222,163.454095
2013.631944,163.376668
2014.954444,163.376668
2015.279722,163.376668
2015.592778,163.36699
2016.025556,163.376668
2016.39,163.386347
2016.855833,163.386347
2016.861667,163.512166
2017.229444,163.473452
2017.5475,163.163744
2017.8725,163.163744
2017.900556,163.463774
2018.2725,163.434739
2018.5925,163.386347
2019.021667,163.434739
2019.361667,163.386347
2019.783611,163.42506
2020.117222,163.434739
2020.853889,163.492809
2021.208889,163.463774
2021.508611,163.444417
2022.991944,163.444417
2023.364167,163.454095
2023.840833,163.492809
2024.828056,163.512166
2025.215833,163.531522
2025.611667,163.560558
2026.771111,163.192779
2027.1175,163.473452
2027.478889,163.483131
2028.262222,163.444417
2028.609722,163.492809
2029.814167,163.473452
2030.224167,163.454095
2030.620278,163.483131
2031.070833,163.492809
2031.972222,163.473452
2032.319444,163.434739
2032.528333,163.434739
2033.343889,163.444417
2033.774444,163.42506
2034.148611,163.483131
2034.460278,163.512166
2035.630278,163.521844
2036.1,163.570236
2036.4675,163.521844
2036.900278,163.512166
2037.520556,163.502487
2037.930833,163.502487
2038.325833,163.541201
2038.769444,163.492809
2039.415833,163.415382
2040.224722,163.463774
2040.5725,163.444417
2041.0,163.444417
2041.790833,163.444417
2042.150556,163.454095
2042.490556,163.483131
2042.907778,163.492809
2043.605556,163.463774
2044.323333,163.550879
2044.631389,163.512166
2045.081111,163.483131
2045.820833,163.531522
2046.179444,163.483131
2046.530278,163.512166
2046.998889,163.502487
2047.345,163.531522
2047.803611,163.502487
2048.281944,163.531522
2049.081667,163.512166
2049.4225,163.531522
2050.301389,163.502487
2050.619444,163.502487
2051.5125,163.463774
2051.955833,163.473452
2052.300833,163.483131
2053.080278,163.492809
2053.420833,163.492809
2053.880556,163.483131
2054.250833,163.473452
2054.5725,163.502487
2055.356389,163.483131
2055.830278,163.483131
2056.150556,163.492809
2056.517222,163.512166
2057.236667,163.512166
2057.3475,163.560558
2058.291111,163.560558
2058.295833,163.531522
2058.890556,163.560558
2059.264167,163.560558
2059.648889,163.541201
2060.476944,163.550879
2060.924444,163.550879
2061.324444,163.541201
2062.095278,163.512166
2062.461389,163.531522
2063.175833,163.541201
2063.561667,163.541201
2064.014722,163.541201
2064.340278,163.550879
2064.855833,163.521844
2065.213056,163.541201
2065.587778,163.560558
2066.028889,163.579914
2066.400833,163.599271
2067.199444,163.628306
2067.576944,163.686377
2068.041667,163.637985
2068.410556,163.60895
2068.856111,163.657342
2069.221111,163.628306
2069.595278,163.637985
2070.356667,163.647663
2070.800278,163.66702
2071.182778,163.60895
2071.5275,163.579914
2071.833056,163.618628
2073.065,163.60895
2073.416667,163.60895
2074.153611,163.618628
2074.903889,163.657342
2075.396111,163.599271
2076.198889,163.560558
2076.535278,163.550879
2076.975556,163.579914
2077.351111,163.550879
2077.834722,163.560558
2078.27,163.531522
2078.608056,163.589593
2080.244722,163.589593
2080.598056,163.579914
2081.046389,163.570236
2081.368333,163.589593
2081.843056,163.589593
2082.187778,163.60895
2082.515278,163.599271
2082.972778,163.628306
2083.315,163.579914
2083.773056,163.628306
2084.138333,163.637985
2084.493889,163.637985
2084.937222,163.637985
2085.640556,163.628306
2086.468611,163.60895
2086.917222,163.570236
2087.5525,163.541201
2088.010278,163.599271
2088.814167,163.637985
2089.064167,163.637985
2089.1575,163.705733
2089.531389,163.686377
2090.009167,163.705733
2090.148333,163.705733
2090.340556,163.676698
2091.175556,163.72509
2091.528333,163.637985
2091.981111,163.715412
2092.816111,163.715412
2093.566111,163.773482
2094.006111,163.734769
2094.414167,163.696055
2095.203056,163.744447
2095.484444,163.72509
2095.893889,163.715412
2096.618056,163.744447
2097.051111,163.715412
2097.395833,163.744447
2098.168333,163.754125
2098.477222,163.705733
2098.9325,163.715412
2099.279444,163.744447
2099.626944,163.696055
2100.883333,163.705733
2101.256944,163.686377
2102.069167,163.657342
2102.415,163.657342
2102.808333,163.647663
2103.170556,163.618628
2103.558056,163.647663
2104.030833,163.628306
2104.845556,163.637985
2105.180556,163.618628
2106.044167,163.647663
2106.443333,163.676698
2107.228611,163.676698
2108.862778,163.676698
2109.522778,163.637985
2109.925833,163.647663
2110.549167,163.579914
2110.997778,163.618628
2111.323889,163.570236
2112.1225,163.579914
2113.202222,163.579914
2113.565278,163.570236
2114.755556,163.550879
2115.125278,163.60895
2115.510556,163.676698
2115.939444,163.705733
2116.311667,163.657342
2116.6525,163.696055
2117.075833,163.705733
2117.889722,163.705733
2118.261944,163.72509
2118.592778,163.754125
2119.0375,163.657342
2120.492222,163.734769
2120.778611,163.734769
2121.266944,163.754125
2121.604722,163.715412
2121.818889,163.715412
2122.0525,163.647663
2122.438056,163.579914
2122.859722,163.570236
2123.188056,163.589593
2123.565,163.579914
2125.378889,163.647663
2125.942778,163.657342
2126.909722,163.66702
2127.851944,163.657342
2128.518611,163.66702
2129.329167,163.676698
2129.782778,163.696055
2130.000556,163.676698
2130.393611,163.715412
2130.825278,163.676698
2131.278611,163.676698
2132.062222,163.705733
2132.385556,163.696055
2132.807778,163.686377
2133.247222,163.72509
2133.580833,163.696055
2133.911944,163.696055
2134.2,163.637985
2134.477778,163.637985
2134.835556,163.657342
2135.213611,163.66702
2135.806111,163.676698
2136.07,163.686377
2136.588611,163.66702
2136.941667,163.686377
2137.194167,163.686377
2137.556111,163.647663
2138.000278,163.686377
2138.7975,163.66702
2139.515556,163.60895
2139.984167,163.705733
2141.176111,163.686377
2141.524722,163.715412
2141.984444,163.783161
2142.332778,163.763804
2142.792222,163.744447
2143.140278,163.773482
2143.494722,163.734769
2143.914722,163.763804
2144.604722,163.734769
2145.868889,163.696055
2146.243056,163.734769
2147.372778,163.734769
2147.819444,163.696055
2148.157222,163.72509
2148.548056,163.705733
2149.0375,163.734769
2149.410833,163.715412
2150.297778,163.754125
2151.545556,163.744447
2152.016667,163.696055
2152.908889,163.705733
2154.395833,163.734769
2155.314722,163.773482
2155.799444,163.783161
2156.228611,163.773482
2156.935833,163.763804
2158.244167,163.802517
2158.770278,163.744447
2159.207778,163.773482
2159.588611,163.754125
2160.080833,163.744447
2160.999444,163.763804
2161.348611,163.783161
2161.798333,163.773482
2162.560556,163.783161
2163.073056,163.802517
2163.458611,163.812196
2164.772222,163.889623
2165.152222,163.928336
2165.578611,163.918658
2166.055833,163.879944
2166.44,163.889623
2166.949722,163.870266
2167.616389,163.802517
2168.839722,163.821874
2169.268611,163.860588
2170.214444,163.889623
2170.637778,163.918658
2171.475833,163.628306
2171.973056,163.637985
2172.336111,163.618628
2172.643333,163.686377
2174.174167,163.96705
2176.304444,163.783161
2176.754444,164.02512
2177.840833,164.02512
2177.848611,164.015442
2178.612778,164.054155
2178.841944,164.054155
2179.037778,164.02512
2179.4125,164.044477
2179.826389,164.005763
2181.083333,164.034799
2181.469444,164.034799
2183.040833,164.044477
2183.416944,164.054155
2183.747222,164.054155
2183.864722,164.063834
2184.243889,164.063834
2184.59,164.102547
2184.756389,164.102547
2185.425556,164.044477
2185.862778,164.034799
2186.185556,164.063834
2186.544722,164.131582
2186.989444,164.102547
2187.785,164.102547
2188.149167,164.112226
2188.495833,164.121904
2188.918611,164.073512
2189.273611,164.073512
2189.618333,164.131582
2189.771667,164.131582
2190.1125,164.092869
2190.45,164.131582
2190.797222,164.131582
2191.294722,164.044477
2191.633333,164.063834
2192.850278,164.102547
2193.602778,164.083191
2194.101389,164.044477
2194.900278,164.054155
2195.241667,164.054155
2196.088889,164.054155
2196.135833,164.054155
2196.387222,164.073512
2197.086944,164.083191
2197.206389,164.083191
2197.472222,164.02512
2197.6225,164.054155
2198.030278,164.054155
2198.403889,164.034799
2198.886667,164.034799
2199.238056,164.02512
2199.588056,164.054155
2200.290556,164.073512
2201.149722,164.034799
2201.528889,164.054155
2201.963056,164.073512
2203.205833,164.121904
2203.550833,164.131582
2204.9275,164.141261
2205.264444,164.121904
2205.571389,164.121904
2206.048889,164.131582
2206.381944,164.160618
2206.869722,164.189653
2207.238889,164.160618
2207.582222,164.131582
2207.949167,164.150939
2208.170278,164.141261
2209.384167,164.160618
2209.840278,164.189653
2211.820278,164.20901
2212.146389,164.199331
2212.508889,164.179974
2213.246389,164.189653
2214.06,164.218688
2214.458056,164.238045
2214.831944,164.228366
2215.078611,164.238045
2215.429167,164.20901
2217.066944,164.199331
2217.433056,164.20901
2217.826667,164.20901
2218.146944,164.199331
2218.5125,164.189653
2218.994444,164.218688
2219.377778,164.170296
2220.143056,164.141261
2220.586944,164.141261
2221.043333,164.170296
2221.410278,164.160618
2222.164444,164.179974
2222.5175,164.20901
2222.990833,164.199331
2223.357222,164.199331
2223.804167,164.20901
2224.164444,164.276758
2224.899722,164.218688
2225.568611,164.257402
2226.155,164.32515
2226.521389,164.354185
2226.566667,164.354185
2226.958056,164.383221
2227.614444,164.383221
2227.650556,164.421934
2228.1225,164.441291
2228.565556,164.431612
2229.025278,164.412256
2229.3475,164.412256
2229.797778,164.412256
2230.111111,164.412256
2230.465833,164.354185
2231.278333,164.315472
2231.748889,164.257402
2232.094722,164.257402
2232.433333,164.247723
2232.883056,163.996085
2233.247222,164.26708
2233.579444,164.286437
2234.349444,164.315472
2234.7825,164.334829
2235.138889,164.315472
2235.510278,164.315472
2235.965556,164.334829
2236.324444,164.373542
2236.644722,164.383221
2237.088056,164.315472
2237.441667,164.383221
2237.901111,164.412256
2238.247222,164.383221
2238.622778,164.392899
2239.958889,164.421934
2240.519444,164.450969
2240.924722,164.373542
2241.308611,164.421934
2242.965556,164.412256
2243.376667,164.431612
2243.782222,164.431612
2244.168611,164.441291
2244.542778,164.480004
2244.98,164.441291
2245.332778,164.50904
2245.813611,164.528396
2246.574167,164.50904
2247.019167,164.50904
2247.355,164.50904
2247.842778,164.421934
2248.584722,164.392899
2249.0075,164.392899
2249.825833,164.441291
2250.510833,164.480004
2251.326389,164.470326
2252.119444,164.538075
2252.5175,164.286437
2253.651389,164.450969
2254.084722,164.412256
2254.880278,164.412256
2255.206111,164.421934
2255.5325,164.412256
2255.967778,164.412256
2256.311389,164.412256
2257.467778,164.489683
2257.922222,164.489683
2258.186389,164.489683
2258.649444,164.62518
2259.119722,164.634859
2259.281667,164.634859
2259.514167,164.596145
2259.944167,164.528396
2260.26,164.547753
2261.117778,164.56711
2261.505278,164.634859
2261.938333,164.557432
2262.178611,164.557432
2262.556111,164.56711
2262.982222,164.586467
2263.367778,164.547753
2264.049722,164.605823
2264.919167,164.528396
2265.287222,164.50904
2265.590556,164.480004
2266.056667,164.489683
2267.191944,164.373542
2267.518056,164.383221
2267.954167,164.373542
2268.365556,164.373542
2268.783333,164.354185
2269.81,164.131582
2270.129444,164.141261
2270.480556,164.112226
2270.896667,164.141261
2271.235833,164.150939
2271.939167,164.20901
2272.231389,164.189653
2272.551111,164.102547
2272.970833,164.150939
2274.123056,164.121904
2274.927778,164.179974
2275.521389,164.392899
2276.0125,164.489683
2276.397222,164.499361
2277.223056,164.470326
2277.507222,164.441291
2277.976667,164.480004
2278.170556,164.441291
2278.439444,164.421934
2278.901667,164.431612
2280.045278,164.383221
2280.908333,164.383221
2281.293056,164.363864
2281.756667,164.373542
2282.145833,164.392899
2282.516389,164.421934
2283.27,164.431612
2284.118056,164.489683
2284.49,164.528396
2285.351111,164.431612
2285.81,164.460648
2286.176667,164.460648
2286.393333,164.450969
2286.766111,164.431612
2287.493889,164.450969
2288.981944,164.450969
2289.324167,164.450969
2290.009167,164.50904
2290.351667,164.50904
2290.802222,164.56711
2291.18,164.56711
2291.412778,164.56711
2291.536944,164.528396
2291.993611,164.480004
2293.106389,164.470326
2293.435833,164.431612
2293.889444,164.450969
2294.251944,164.489683
2294.597222,164.499361
2295.570556,164.460648
2296.372778,164.489683
2296.823333,164.421934
2297.518333,164.373542
2297.834167,164.392899
2298.2025,164.392899
2299.451389,164.450969
2299.914722,164.431612
2300.276667,164.450969
2300.632778,164.460648
2301.140833,164.421934
2301.514722,164.412256
2301.956667,164.392899
2302.243889,164.392899
2302.618611,164.373542
2303.055833,164.344507
2303.449722,164.344507
2303.875,164.296115
2312.150556,164.383221
2313.061111,164.315472
2313.774444,164.26708
2314.943611,164.218688
2315.255,164.20901
2316.013611,164.189653
2316.388056,164.20901
2316.868056,164.199331
2317.202222,164.170296
2317.777222,164.20901
2318.0125,164.20901
2318.281111,164.199331
2318.435278,164.20901
2318.905556,164.20901
2319.283611,164.189653
2320.092778,164.160618
2320.4375,164.141261
2320.876111,164.160618
2321.583611,163.96705
2322.055833,164.228366
2322.408611,164.218688
2322.858889,164.150939
2323.249722,164.150939
2323.951111,164.150939
2324.3575,164.150939
2324.790833,164.218688
2325.504722,164.26708
2325.963889,164.296115
2326.2975,164.257402
2327.139167,164.257402
2327.944722,164.20901
2328.294722,164.228366
2328.757778,164.276758
2329.111944,164.276758
2329.46,164.315472
2329.915,164.315472
2330.279444,164.286437
2330.628333,164.315472
2331.097222,164.334829
2331.433056,164.354185
2331.869444,164.354185
2332.21,164.412256
2332.551944,164.363864
2332.972222,164.383221
2333.740556,164.392899
2334.1075,164.412256
2335.167778,164.528396
2335.428611,164.528396
2335.849722,164.586467
2336.066111,164.528396
2337.126389,164.450969
2337.493333,164.450969
2338.648611,164.421934
2339.450833,164.421934
2339.461667,164.373542
2339.9275,164.392899
2340.248056,164.392899
2340.520278,164.392899
2340.523056,164.373542
2341.304167,164.354185
2341.759722,164.383221
2342.126667,164.441291
2342.493056,164.373542
2344.146111,164.363864
2344.503889,164.363864
2344.935833,164.315472
2346.145556,164.354185
2346.953611,164.392899
2347.306667,164.441291
2347.8,164.470326
2348.185,164.480004
2349.293889,164.480004
2349.758611,164.499361
2350.182222,164.518718
2350.993889,164.460648
2351.338889,164.431612
2351.765833,164.112226
2352.156389,164.412256
2352.493889,164.383221
2352.970833,164.334829
2353.331667,164.354185
2353.791944,164.344507
2354.139167,164.334829
2355.0025,164.363864
2355.385556,164.354185
2355.841944,164.334829
2356.193889,164.383221
2356.954167,164.383221
2357.346944,164.421934
2357.793889,164.354185
2358.155,164.383221
2358.498889,164.32515
2358.961944,164.32515
2359.2975,164.315472
2359.751111,164.32515
2360.175278,164.32515
2361.649722,188.21141
2362.022778,189.818022
2362.745278,191.579489
2363.019444,192.063408
2363.348056,192.547327
2363.751667,193.002211
2364.09,193.36999
2364.477222,193.747447
2364.935,194.144261
2365.283889,194.15394
2366.869444,195.131457
2367.2325,195.315346
2367.525278,195.489557
2367.901667,195.663768
2368.255,195.789587
2368.632778,195.944441
2369.870556,196.379969
2370.513611,196.544501
2370.953889,196.67032
2371.599444,196.805818
2372.051389,196.931637
2372.878611,197.096169
2373.269444,197.183275
2373.575556,197.251023
2374.001111,197.328451
2374.330278,197.396199
2375.503056,197.609124
2375.923611,197.686551
2376.271944,197.744621
2376.610833,197.773656
2377.019722,197.860762
2383.598333,198.509214
2384.164722,198.422108
2384.628889,198.422108
2385.384722,198.431787
2385.833333,198.431787
2386.100556,198.441465
2386.387222,198.441465
2386.624444,198.41243
2386.951944,198.393073
2387.529444,198.364038
2387.935556,198.364038
2388.514167,198.393073
2388.963889,198.422108
2389.329722,198.451143
2389.775556,198.499535
2390.120278,198.518892
2390.464167,198.547927
2391.285278,198.576962
2391.772778,198.605998
2392.09,198.625354
2392.863333,198.683425
2393.223333,198.693103
2394.056111,198.751173
2394.428333,198.780209
2394.866111,198.799565
2395.228333,198.809244
2396.856389,198.906028
2397.565556,198.935063
2398.392222,198.993133
2398.818889,199.002812
2399.136111,199.051203
2399.538611,199.060882
2399.991667,199.099595
2400.348333,199.109274
2400.794444,199.138309
2401.180556,199.138309
2401.5475,199.186701
2401.986667,199.186701
2402.356944,199.225414
2402.783056,199.225414
2403.161667,199.264128
2403.566667,199.283485
2404.0175,199.31252
2404.426667,199.351233
2404.894444,199.360912
2405.270278,199.360912
2405.756944,199.409304
2407.254444,199.477053
2407.618889,199.496409
2408.188889,199.525444
2408.833333,199.55448
2409.182778,199.573836
2410.002778,199.61255
2410.341389,199.622228
2410.859722,199.651263
2411.619167,199.699655
2412.083333,199.709334
2412.479167,199.728691
2412.943889,199.748047
2413.320278,199.757726
2419.840556,199.748047
2420.194167,199.689977
2420.9025,199.680299
2421.193889,199.709334
2421.478056,199.680299
2421.8975,199.699655
2422.283333,199.699655
2422.750833,199.67062
2423.146667,199.660942
2423.501389,199.67062
2424.015833,199.699655
2424.913611,199.709334
2425.273333,199.699655
2425.646111,199.709334
2426.111667,199.689977
2426.483889,199.709334
2426.913889,199.748047
2427.340278,199.738369
2427.815833,199.757726
2428.199444,199.757726
2428.591389,199.786761
2429.037222,199.786761
2429.407222,199.777083
2430.448611,199.806118
2430.916944,199.825474
2431.797222,199.719012
2432.177778,199.738369
2433.870556,199.767404
2434.240278,199.786761
2435.0975,199.796439
2435.503889,199.796439
2437.029444,199.844831
2437.828611,199.85451
2438.195,199.883545
2438.577778,199.873866
2439.081944,199.893223
2439.481389,199.902902
2439.924722,199.902902
2440.333056,199.922258
2440.793611,199.951293
2441.557222,199.960972
2441.981389,199.960972
2442.351944,199.980329
2442.788889,199.990007
2443.214444,200.009364
2443.606111,200.019042
2444.1175,200.038399
2444.513611,200.038399
2444.990556,200.048077
2445.3675,200.067434
2445.820833,200.067434
2446.577778,200.106148
2447.039167,200.106148
2447.393889,200.125504
2447.875,200.115826
2449.101667,200.15454
2449.475278,200.173896
2449.939444,200.173896
2450.351667,200.193253
2450.818333,200.193253
2451.176944,200.222288
2451.514722,200.231967
2452.929444,200.27068
2453.311944,200.27068
2453.767778,200.27068
2454.150278,200.299715
2454.524167,200.309394
2455.775278,200.319072
2456.142778,200.328751
2456.529444,200.357786
2457.371111,200.377143
2457.841389,200.367464
2458.209167,200.386821
2459.046389,200.386821
2460.008611,200.415856
2461.216111,200.45457
2461.561667,200.483605
2462.020278,200.483605
2463.063333,200.51264
2463.396389,200.51264
2464.193611,200.531997
2464.536667,200.541675
2465.901111,200.57071
2466.230278,200.580389
2466.610833,200.580389
2467.059722,200.590067
2467.387222,200.609424
2467.796111,200.599745
2468.524722,200.628781
2468.984167,200.638459
2470.238333,200.657816
2470.603333,200.677173
2471.060833,200.677173
2471.408333,200.686851
2472.582778,200.725564
2473.849722,200.735243
2475.1025,200.773956
2475.485556,200.764278
2476.762778,200.783635
2477.476111,200.802992
2477.902778,200.81267
2478.646111,200.841705
2479.150278,200.861062
2479.923611,200.861062
2480.300833,200.87074
2480.792222,200.890097
2481.523889,200.890097
2482.033889,200.899775
2482.445,200.909454
2482.823056,200.928811
2483.089722,200.919132
2483.395833,200.928811
2483.812222,200.938489
2484.991944,200.967524
2485.338889,200.996559
2485.833611,200.967524
2486.176111,200.986881
2486.514167,201.006238
2486.965,201.015916
2487.299167,201.015916
2487.781667,201.025594
2488.168333,201.035273
2488.915278,201.05463
2489.607222,201.064308
2490.054167,201.083665
2490.860556,201.073986
2491.229167,201.073986
2491.8175,201.103022
2492.338889,201.1127
2492.800833,201.1127
2493.174167,201.141735
2493.566111,201.132057
2494.031111,201.141735
2494.378611,201.151413
2494.829167,201.17077
2496.054444,201.17077
2496.275833,201.17077
2496.636389,201.190127
2497.082778,201.180449
2497.488611,201.209484
2497.936667,201.209484
2498.866667,201.238519
2499.633611,201.248197
2500.080833,201.238519
2500.853056,201.238519
2501.206944,201.238519
2501.579167,201.257876
2502.374167,201.286911
2502.846111,201.277233
2503.177222,201.296589
2505.370556,201.335303
2506.309167,201.335303
2506.868056,201.335303
2507.65,201.335303
2508.607778,201.374016
2509.127222,201.374016
2509.48,201.364338
2510.125833,201.374016
2510.527222,201.383695
2511.123333,201.403052
2511.427222,201.403052
2512.412222,201.422408
2513.595556,201.441765
2513.99,201.441765
2514.410833,201.461122
2515.2425,201.451443
2515.820278,201.499835
2516.295,201.490157
2516.722222,201.480479
2517.898611,201.509514
2518.263056,201.509514
2518.613056,201.528871
2519.074444,201.528871
2519.475278,201.538549
2519.763333,201.519192
2520.161111,201.538549
2520.432778,201.548227
2520.875556,201.528871
2521.621667,201.567584
2522.904444,201.606298
2523.7575,201.606298
2524.908056,201.615976
2525.289444,201.615976
2526.070556,201.625654
2526.419167,201.625654
2526.82,201.625654
2527.720833,201.645011
2528.091944,201.645011
2528.447778,201.664368
2528.890278,201.664368
2529.625556,201.674046
2530.335556,201.683725
2530.774167,201.65469
2531.188889,201.674046
2531.935833,201.703082
2532.7725,201.703082
2533.435556,201.703082
2533.820278,201.703082
2534.173889,201.703082
2534.574167,201.722438
2535.016389,201.71276
2535.380833,201.732117
2535.770278,201.722438
2536.137778,201.732117
2536.396667,201.732117
2537.113056,201.751473
2538.17,201.780509
2538.528611,201.77083
2538.959444,201.761152
2539.913056,201.790187
2540.405556,201.790187
2541.163333,201.809544
2541.558889,201.809544
2542.007778,201.809544
2542.380833,201.799865
2543.261389,201.809544
2543.655556,201.819222
2545.626389,201.838579
2546.067778,201.857936
2546.378889,201.848257
2546.838056,201.848257
2547.203333,201.848257
2547.589722,201.877293
2548.013889,201.848257
2549.163611,201.877293
2549.533056,201.877293
2549.927778,201.886971
2550.734722,201.886971
2551.126944,201.896649
2552.578333,201.906328
2553.025278,201.916006
2553.772222,201.925684
2554.147778,201.925684
2554.526111,201.925684
2554.973056,201.916006
2555.235833,201.925684
2556.044167,201.925684
2556.800556,201.945041
2557.143056,201.95472
2557.533889,201.935363
2558.308611,201.945041
2558.588889,201.964398
2559.026111,201.983755
2559.779722,201.964398
2560.124444,201.983755
2560.801667,201.993433
2561.200833,201.993433
2561.608611,201.993433
2562.046667,202.01279
2562.410833,202.003112
2562.804722,202.003112
2563.18,202.01279
2563.524722,202.003112
2563.921111,202.022468
2565.058611,202.022468
2565.794167,202.032147
2566.165556,202.041825
2566.526667,202.022468
2566.828611,202.032147
2567.161389,202.032147
2567.537222,202.051503
2567.937778,202.041825
2568.290556,202.051503
2569.106944,202.051503
2569.456389,202.061182
2570.293611,202.041825
2570.601667,202.080539
2571.4375,202.07086
2572.233611,202.080539
2572.583611,202.090217
2573.033056,202.099895
2573.378611,202.090217
2573.820556,202.109574
2574.138333,202.090217
2574.475,202.099895
2574.898611,202.090217
2575.571667,202.119252
2576.346389,202.109574
2577.123611,202.119252
2577.468889,202.119252
2578.231944,202.138609
2578.588889,202.128931
2579.015556,202.148287
2579.361667,202.119252
2579.776389,202.138609
2580.127222,202.128931
2580.499444,202.128931
2581.228889,202.148287
2581.464444,202.119252
2581.869722,202.157966
2582.234167,202.148287
2582.576111,202.128931
2583.331389,202.148287
2584.357778,202.148287
2584.7625,202.148287
2585.473056,202.157966
2586.293611,202.167644
2586.601111,202.157966
2587.330556,202.177323
2588.354444,202.187001
2589.176389,202.216036
2589.946111,202.206358
2590.3325,202.196679
2590.620556,202.216036
2591.408056,202.216036
2591.926389,202.206358
2592.289167,202.216036
2592.710833,202.216036
2593.059444,202.216036
2594.441111,202.216036
2594.851111,202.225714
2595.237222,202.235393
2595.574167,202.245071
2596.229167,202.25475
2596.993611,202.235393
2597.360556,202.245071
2597.785278,202.235393
2598.165,202.264428
2598.511389,202.235393
2598.926944,202.25475
2599.214167,202.264428
2599.543889,202.264428
2601.905833,202.274106
2602.606111,202.274106
2603.023611,202.274106
2603.389722,202.274106
2603.723889,202.293463
2604.091389,202.283785
2604.4675,202.283785
2604.915278,202.293463
2605.154722,202.274106
2606.540833,202.303142
2606.986944,202.303142
2607.313333,202.293463
2607.768056,202.293463
2608.138056,202.303142
2608.973333,202.303142
2609.338889,202.283785
2609.761111,202.31282
2610.150556,202.322498
2610.954167,202.303142
2611.3575,202.31282
2611.911389,202.31282
2613.129167,202.322498
2613.475278,202.322498
2614.310556,202.332177
2614.771389,202.351534
2615.163611,202.332177
2615.854444,202.322498
2616.223056,202.332177
2617.036667,202.341855
2617.391944,202.351534
2617.833056,202.351534
2618.214444,202.37089
2618.968333,202.351534
2619.478056,202.361212
2619.917778,202.37089
2620.291389,202.380569
2621.024444,202.351534
2621.437778,202.37089
2621.885833,202.390247
2622.63,202.380569
2623.339167,202.380569
2623.750278,202.380569
2624.5025,202.380569
2624.937778,202.399925
2625.268056,202.37089
2625.731111,202.399925
2626.501389,202.399925
2627.228611,202.399925
2627.606389,202.399925
2628.83,202.409604
2629.161389,202.390247
2629.528611,202.409604
2629.9775,202.409604
2630.408889,202.409604
2630.878333,202.409604
2631.230833,202.409604
2631.97,202.409604
2632.73,202.428961
2633.456667,202.419282
2633.837778,202.419282
2634.208333,202.399925
2634.571389,202.428961
2634.988611,202.428961
2635.379722,202.428961
2637.027778,202.438639
2637.774722,202.438639
2639.293333,202.428961
2640.087222,202.457996
2640.455278,202.438639
2640.947222,202.457996
2641.633611,202.457996
2642.068611,202.506388
2642.856389,202.525744
2643.553611,202.525744
2644.349444,202.467674
2644.761667,202.448317
2645.115278,202.467674
2645.884444,202.467674
2646.268333,202.487031
2646.587778,202.467674
2647.0075,202.467674
2647.775278,202.487031
2648.054444,202.487031
2648.457778,202.496709
2648.863889,202.487031
2649.217222,202.467674
2649.575833,202.506388
2649.975278,202.487031
2650.33,202.467674
2651.101111,202.487031
2651.476667,202.467674
2652.292778,202.487031
2652.705,202.496709
2652.976667,202.496709
2654.048889,202.496709
2655.539722,202.496709
2655.96,202.506388
2656.280833,202.506388
2656.715278,202.516066
2657.067778,202.496709
2657.442778,202.496709
2658.243056,202.506388
2659.351944,202.506388
2659.767222,202.516066
2659.990833,202.506388
2661.592778,202.525744
2662.010833,202.525744
2662.393889,202.535423
2662.817778,202.535423
2663.174722,202.535423
2663.573333,202.535423
2664.016111,202.545101
2664.369444,202.535423
2664.809722,202.535423
2665.166111,202.545101
2665.538889,202.55478
2665.975556,202.545101
2667.548889,202.564458
2667.969444,202.545101
2668.349444,202.55478
2668.783889,202.564458
2669.513889,202.564458
2670.806389,202.574136
2671.531944,202.564458
2671.905556,202.574136
2672.253056,202.564458
2672.608056,202.564458
2673.005278,202.564458
2673.756389,202.564458
2674.478611,202.583815
2675.319722,202.574136
2675.826944,202.574136
2676.197778,202.574136
2676.574444,202.564458
2677.789167,202.583815
2678.170556,202.583815
2678.5525,202.574136
2678.955,202.574136
2679.308333,202.583815
2679.651667,202.574136
2680.071389,202.593493
2680.466944,202.593493
2680.914722,202.574136
2681.366389,202.593493
2681.784444,202.574136
2682.035278,202.583815
2682.420833,202.583815
2682.811111,202.593493
2683.992778,202.622528
2685.817222,202.593493
2686.193056,202.603172
2686.461111,202.593493
2686.86,202.603172
2687.611111,202.61285
2688.045,202.622528
2688.433333,202.61285
2688.892222,202.622528
2689.273889,202.632207
2690.3825,202.622528
2690.8575,202.622528
2692.006389,202.622528
2692.378056,202.641885
2692.782222,202.622528
2693.169444,202.622528
2693.545,202.632207
2693.9975,202.632207
2694.345833,202.651564
2694.764167,202.632207
2695.133889,202.632207
2695.486667,202.632207
2695.921111,202.632207
2696.280556,202.651564
2696.637778,202.641885
2696.970556,202.632207
2697.325556,202.641885
2697.757222,202.651564
2698.929167,202.651564
2700.356389,202.651564
2700.770556,202.67092
2701.121389,202.651564
2701.890556,202.651564
2702.265833,202.651564
2702.550833,202.661242
2702.980833,202.651564
2703.233056,202.661242
2703.588056,202.632207
2704.013889,202.651564
2704.855278,202.651564
2705.236111,202.661242
2705.601111,202.661242
2706.410556,202.67092
2706.842778,202.67092
2707.102778,202.680599
2707.446667,202.661242
2708.039444,202.67092
2709.040556,202.680599
2709.446111,202.67092
2709.864722,202.67092
2710.255833,202.67092
2711.056389,202.699955
2711.445,202.67092
2712.284444,202.67092
2713.094444,202.680599
2714.200278,202.690277
2714.551944,202.699955
2715.358611,202.699955
2715.838333,202.690277
2716.207222,202.680599
2717.063611,202.690277
2718.257778,202.709634
2718.631944,202.690277
2718.998056,202.709634
2719.371389,202.709634
2720.184444,202.699955
2720.553056,202.719312
2721.337778,202.709634
2721.752222,202.719312
2722.103056,202.719312
2722.4625,202.709634
2722.887778,202.709634
2723.638333,202.728991
2724.091389,202.719312
2724.449167,202.719312
2724.905,202.728991
2725.234722,202.728991
2725.634444,202.719312
2726.075833,202.728991
2726.461667,202.719312
2726.8825,202.719312
2727.250833,202.728991
2727.622778,202.738669
2728.048333,202.728991
2728.440556,202.719312
2728.901111,202.728991
2729.256944,202.748347
2729.556667,202.728991
2731.416944,202.728991
2731.821667,202.728991
2732.134444,202.719312
2732.903333,202.738669
2733.244444,202.738669
2734.325278,202.738669
2734.776667,202.748347
2735.152222,202.758026
2735.650833,202.728991
2736.441667,202.748347
2737.238333,202.767704
2738.034722,202.758026
2738.433333,202.767704
2738.831389,202.767704
2739.235,202.767704
2740.810278,202.767704
2741.210833,202.767704
2741.571667,202.748347
2741.965,202.767704
2742.357222,202.767704
2743.178889,202.777383
2744.488889,202.787061
2744.934444,202.787061
2745.591667,202.767704
2748.006389,202.767704
2748.204167,202.777383
2749.162778,202.777383
2749.515278,202.777383
2750.632778,202.806418
2751.104444,202.806418
2751.458889,202.787061
2752.256944,202.787061
2753.040833,202.796739
2753.871667,202.816096
2754.274722,202.796739
2754.64,202.787061
2755.004722,202.796739
2755.787778,202.806418
2756.098333,202.816096
2756.873056,202.806418
2757.241111,202.796739
2758.371389,202.796739
2758.808333,202.806418
2759.174444,202.806418
2759.585278,202.806418
2760.423333,202.796739
2760.8225,202.806418
2761.214722,202.806418
2761.626944,202.806418
2762.428333,202.816096
2762.875833,202.816096
2763.26,202.816096
2763.602222,202.806418
2764.032778,202.825774
2764.849167,202.825774
2765.606667,202.845131
2766.041111,202.835453
2766.439167,202.835453
2767.291389,202.825774
2767.653611,202.835453
2768.105833,202.835453
2768.5,202.835453
2768.920833,202.835453
2769.752778,202.845131
2770.144722,202.825774
2770.522222,202.835453
2770.933333,202.845131
2771.353611,202.835453
2771.781111,202.845131
2772.567222,202.85481
2773.355556,202.835453
2774.145556,202.845131
2774.982778,202.845131
2775.458056,202.835453
2775.9275,202.85481
2776.281944,202.845131
2776.56,202.845131
2776.914722,202.85481
2777.290556,202.845131
2777.731111,202.845131
2778.899722,202.845131
2779.197778,202.85481
2780.205,202.845131
2780.735556,202.85481
2781.032778,202.864488
2781.406111,202.864488
2782.170833,202.85481
2782.531944,202.864488
2782.895278,202.85481
2783.259722,202.85481
2783.621389,202.874166
2784.061667,202.874166
2784.357222,202.883845
2784.805556,202.874166
2785.205,202.864488
2786.028889,202.864488
2786.393611,202.874166
2786.817222,202.864488
2787.574167,202.864488
2788.003889,202.893523
2788.391389,202.883845
2788.803056,202.883845
2789.144444,202.883845
2789.536667,202.874166
2790.004722,202.893523
2790.410556,202.883845
2790.861389,202.883845
2791.239167,202.883845
2791.623056,202.874166
2792.041667,202.903202
2792.418056,202.893523
2792.853056,202.893523
2793.273889,202.883845
2793.731111,202.883845
2794.131389,202.883845
2794.952778,202.883845
2795.332778,202.883845
2796.153889,202.893523
2797.024167,202.893523
2797.825278,202.893523
2798.173611,202.883845
2798.586944,202.893523
2799.023611,202.883845
2799.4325,202.893523
2799.915556,202.893523
2801.046944,202.903202
2801.431667,202.91288
2801.851389,202.903202
2802.236389,202.883845
2802.526111,202.903202
2802.871667,202.91288
2803.398056,202.91288
2803.876667,202.893523
2804.1575,202.903202
2804.951944,202.903202
2805.332778,202.903202
2805.7525,202.91288
2806.145278,202.91288
2806.563333,202.893523
2807.001944,202.903202
2807.852222,202.91288
2808.261667,202.91288
2808.635833,202.922558
2810.7175,202.932237
2811.105833,202.91288
2811.488611,202.922558
2812.316944,202.932237
2813.301111,202.932237
2813.773611,202.922558
2814.187222,202.941915
2814.590833,202.951594
2815.011667,202.941915
2815.347778,202.91288
2815.760833,202.941915
2816.141944,202.932237
2817.367778,202.951594
2817.795556,202.941915
2818.484167,202.951594
2818.8925,202.941915
2819.389167,202.932237
2819.829722,202.951594
2820.313889,202.941915
2820.756389,202.941915
2821.434167,202.951594
2821.831944,202.941915
2822.182778,202.941915
2822.752222,202.941915
2823.501111,202.951594
2823.93,202.97095
2824.303889,202.961272
2824.736111,202.97095
2825.484444,202.97095
2826.298333,202.961272
2827.065278,202.961272
2827.456111,202.97095
2827.918333,202.961272
2829.031389,202.97095
2829.450833,202.97095
2830.280556,202.97095
2830.632778,202.97095
2831.4125,202.990307
2831.836667,202.990307
2832.2475,202.97095
2833.067222,202.990307
2833.491389,202.97095
2834.385833,202.999985
2834.832778,202.97095
2835.205556,202.999985
2835.612778,202.990307
2836.051111,202.999985
2837.182222,203.009664
2837.59,202.999985
2837.9975,203.009664
2838.400556,202.999985
2838.844722,202.999985
2839.648611,202.999985
2840.088611,202.999985
2840.471944,202.999985
2840.917778,203.029021
2841.736111,203.009664
2842.519167,202.999985
2842.789167,203.009664
2843.195833,202.999985
2843.603056,203.019342
2844.019722,203.009664
2844.93,203.029021
2845.283333,203.019342
2846.053056,203.009664
2846.387222,203.019342
2846.806111,203.009664
2847.180556,203.029021
2847.561944,203.019342
2848.004444,203.019342
2848.786389,203.029021
2849.891944,203.029021
2851.449444,203.029021
2851.878056,203.029021
2852.961944,203.029021
2853.373056,203.038699
2853.773889,203.029021
2854.538889,203.029021
2855.3025,203.048377
2855.728889,203.048377
2856.431667,203.038699
2856.833889,203.048377
2857.6275,203.048377
2858.033333,203.058056
2858.385278,203.038699
2858.771667,203.048377
2859.124722,203.058056
2859.561389,203.048377
2860.016667,203.058056
2860.402778,203.048377
2861.188611,203.038699
2862.011944,203.038699
2862.731944,203.067734
2863.4525,203.058056
2864.108611,203.058056
2864.923056,203.058056
2865.3225,203.067734
2865.730278,203.067734
2866.098056,203.058056
2866.523611,203.077413
2866.926389,203.058056
2867.302222,203.048377
2867.635,203.067734
2868.058889,203.077413
2868.471111,203.058056
2868.872778,203.067734
2870.070556,203.058056
2870.460833,203.077413
2872.381389,203.087091
2873.2,203.077413
2873.469167,203.087091
2873.941389,203.067734
2875.125556,203.087091
2875.501111,203.077413
2877.078056,203.096769
2877.906944,203.096769
2878.298889,203.096769
2878.731389,203.096769
2880.261389,203.106448
2880.599167,203.096769
2881.033889,203.116126
2881.415,203.087091
2881.804444,203.116126
2882.485556,203.096769
2882.948889,203.087091
2883.341667,203.096769
2883.7575,203.106448
2884.092778,203.106448
2884.473333,203.096769
2884.905,203.096769
2885.278611,203.087091
2885.626389,203.125804
2886.053889,203.125804
2886.455,203.116126
2887.252778,203.125804
2887.6175,203.106448
2888.031667,203.125804
2888.829444,203.116126
2889.183056,203.116126
2889.5675,203.116126
2890.433889,203.125804
2890.877778,203.125804
2891.6425,203.116126
2892.101389,203.135483
2892.873333,203.135483
2893.603333,203.116126
2894.0575,203.125804
2894.446944,203.116126
2894.8575,203.145161
2895.571111,203.15484
2896.006944,203.135483
2896.358889,203.145161
2896.775833,203.116126
2897.528889,203.135483
2897.944722,203.15484
2898.320833,203.145161
2898.764444,203.164518
2899.1525,203.15484
2900.378056,203.145161
2901.266389,203.164518
2901.638889,203.174196
2901.9825,203.15484
2902.389722,203.164518
2902.780278,203.15484
2903.136944,203.174196
2903.480556,203.15484
2903.911944,203.164518
2904.238889,203.174196
2904.552222,203.174196
2905.033056,203.174196
2905.448611,203.164518
2905.818611,203.164518
2906.189444,203.183875
2906.571111,203.164518
2906.961944,203.174196
2907.351667,203.183875
2907.756389,203.174196
2908.134167,203.164518
2908.603611,203.174196
2909.026667,203.174196
2910.124722,203.174196
2910.953333,203.174196
2912.037778,203.183875
2912.430833,203.183875
2912.850278,203.193553
2913.211944,203.193553
2913.728056,203.193553
2914.458611,203.174196
2914.861111,203.183875
2916.4225,203.193553
2916.775833,203.183875
2917.146944,203.183875
2917.441111,203.183875
2919.187778,203.183875
2919.951389,203.183875
2920.715833,203.21291
2921.845278,203.21291
2922.181944,203.203232
2922.55,203.21291
2922.986389,203.21291
2923.317778,203.203232
2923.743611,203.193553
2924.141944,203.222588
2925.2375,203.222588
2925.603056,203.222588
2926.384444,203.222588
2926.805833,203.222588
2927.146111,203.21291
2927.979444,203.21291
2929.151111,203.232267
2929.511389,203.241945
2929.938056,203.241945
2931.499722,203.232267
2931.544722,203.222588
2931.974167,203.232267
2932.341389,203.241945
2932.721667,203.222588
2934.181389,203.241945
2934.5825,203.251624
2935.026667,203.251624
2936.181389,203.222588
2936.5775,203.222588
2936.995556,203.232267
2937.371667,203.241945
2938.108611,203.232267
2938.475833,203.241945
2938.882222,203.241945
2939.382222,203.241945
2940.168056,203.232267
2941.7375,203.241945
2942.436667,203.261302
2942.870278,203.261302
2943.228889,203.261302
2943.608889,203.251624
2944.050556,203.251624
2944.396389,203.241945
2945.171944,203.232267
2945.571389,203.261302
2946.093333,203.251624
2946.455,203.27098
2948.091111,203.261302
2948.455,203.261302
2949.0925,203.27098
2949.465,203.290337
2949.885,203.280659
2950.237778,203.280659
2950.640278,203.261302
2951.073056,203.290337
2951.445556,203.280659
2951.864444,203.261302
2952.234444,203.280659
2952.615278,203.290337
2953.466389,203.280659
2953.849444,203.27098
2954.183056,203.300015
2955.313056,203.27098
2955.738333,203.300015
2956.098056,203.290337
2956.515556,203.309694
2956.9525,203.300015
2957.316111,203.290337
2957.734722,203.300015
2958.146389,203.300015
2958.435,203.300015
2958.820556,203.290337
2959.2175,203.300015
2959.603611,203.290337
2960.048333,203.300015
2961.566944,203.300015
2962.413889,203.280659
2962.866111,203.300015
2963.209444,203.290337
2963.6075,203.300015
2964.015,203.319372
2964.376667,203.300015
2964.764167,203.309694
2965.035556,203.300015
2965.4275,203.309694
2965.845556,203.319372
2966.179722,203.319372
2966.574722,203.309694
2966.9425,203.309694
2967.290556,203.300015
2967.718611,203.300015
2968.070278,203.319372
2968.449444,203.329051
2969.275278,203.319372
2969.728056,203.309694
2970.450833,203.329051
2971.561111,203.319372
2971.952778,203.329051
2973.063056,203.338729
2973.399167,203.338729
2973.853889,203.319372
2984.121389,203.367764
2984.491667,203.367764
2984.918056,203.348407
2985.8,203.377443
2986.167222,203.367764
2987.7675,203.377443
2988.178056,203.358086
2988.568889,203.367764
2989.310278,203.377443
2990.079167,203.367764
2990.795278,203.367764
2991.399722,203.367764
2991.730556,203.377443
2992.055556,203.377443
2992.448889,203.367764
2992.870833,203.377443
2993.229722,203.367764
2994.137222,203.367764
2994.914444,203.387121
2995.730833,203.377443
2996.091389,203.396799
2997.176111,203.406478
2998.034444,203.387121
2998.371667,203.387121
2998.774444,203.396799
2999.126944,203.406478
2999.461944,203.406478
2999.913611,203.406478
3000.259167,203.406478
3001.065556,203.396799
3001.426667,203.406478
3001.837778,203.396799
3002.235278,203.416156
3003.344444,203.396799
3003.790556,203.416156
3004.121944,203.416156
3005.266944,203.396799
3005.605278,203.396799
3006.065278,203.416156
3006.768056,203.406478
3007.131667,203.416156
3007.353611,203.416156
3007.82,203.425834
3008.160278,203.425834
3008.794167,203.416156
3009.067222,203.416156
3009.878056,203.425834
3010.215556,203.406478
3010.590278,203.445191
3011.025278,203.416156
3011.415556,203.425834
3012.199444,203.425834
3012.516667,203.416156
3013.155,203.416156
3013.553056,203.425834
3014.223333,203.425834
3014.553611,203.425834
3015.743611,203.425834
3016.102222,203.435513
3016.7875,203.435513
3017.158611,203.445191
3017.568056,203.45487
3018.004722,203.425834
3018.395278,203.435513
3018.847778,203.445191
3019.214722,203.445191
3019.607222,203.445191
3020.031111,203.435513
3020.143056,203.425834
3020.580278,203.425834
3021.150833,203.464548
3021.996944,203.45487
3022.352222,203.464548
3022.817222,203.464548
3023.223611,203.464548
3024.433611,203.464548
3025.273889,203.464548
3025.616111,203.445191
3026.368889,203.474226
3027.344167,203.474226
3027.443333,203.493583
3027.775,203.474226
3028.885278,203.493583
3029.230556,203.493583
3029.955556,203.45487
3030.3125,203.464548
3030.738611,203.474226
3031.096111,203.493583
3031.415278,203.493583
3031.830833,203.474226
3032.205,203.493583
3033.070556,203.493583
3033.7975,203.503262
3034.175278,203.493583
3034.554444,203.493583
3035.013333,203.503262
3035.358056,203.503262
3036.470833,203.474226
3037.253333,203.503262
3037.636111,203.493583
3038.080833,203.503262
3038.848889,203.51294
3039.213333,203.493583
3041.545278,203.51294
3042.381111,203.51294
3043.223611,203.522618
3043.612778,203.51294
3044.021111,203.532297
3044.576667,203.532297
3045.121667,203.503262
3045.512222,203.522618
3045.939444,203.532297
3047.014167,203.522618
3047.274167,203.51294
3047.731111,203.51294
3048.869722,203.532297
3049.237778,203.522618
3049.602222,203.551654
3050.040278,203.532297
3050.407222,203.532297
3050.85,203.541975
3051.204722,203.541975
3051.978611,203.532297
3052.785278,203.541975
3053.118056,203.532297
3053.474722,203.541975
3054.251111,203.541975
3054.716389,203.551654
3055.510278,203.541975
3055.972778,203.551654
3056.301389,203.551654
3056.716667,203.561332
3057.098611,203.57101
3057.4725,203.541975
3057.893611,203.551654
3058.7375,203.561332
3059.091389,203.561332
3059.410278,203.561332
3059.831111,203.561332
3060.184722,203.561332
3060.549444,203.57101
3061.788056,203.57101
3062.178611,203.561332
3062.582222,203.57101
3063.024167,203.580689
3063.317778,203.580689
3063.651667,203.590367
3064.103611,203.57101
3065.746667,203.590367
3066.119167,203.580689
3066.462778,203.57101
3067.573333,203.580689
3068.564167,203.590367
3069.134444,203.590367
3069.503333,203.590367
3069.826667,203.590367
3070.215556,203.590367
3070.578889,203.600045
3071.028056,203.580689
3072.557778,203.590367
3072.973611,203.600045
3073.329167,203.590367
3073.746389,203.600045
3074.120556,203.590367
3074.465833,203.590367
3075.273611,203.600045
3075.627222,203.600045
3076.040833,203.609724
3076.397778,203.590367
3076.784444,203.609724
3077.165278,203.619402
3077.496944,203.619402
3078.262222,203.609724
3079.098333,203.609724
3079.506667,203.638759
3079.935556,203.619402
3080.746944,203.609724
3081.129722,203.638759
3081.386944,203.629081
3081.794722,203.619402
3082.135,203.629081
3082.503611,203.619402
3083.314722,203.619402
3083.747222,203.629081
3084.497778,203.619402
3084.865278,203.629081
3085.243333,203.638759
3085.595,203.619402
3086.000556,203.638759
3086.417222,203.638759
3086.8275,203.648437
3087.240833,203.619402
3088.408611,203.648437
3089.189167,203.629081
3089.586389,203.638759
3090.381667,203.648437
3090.8325,203.638759
3091.2,203.658116
3091.535556,203.648437
3092.322778,203.648437
3092.6375,203.667794
3093.421944,203.658116
3094.550556,203.658116
3095.298056,203.658116
3095.630278,203.658116
3096.034722,203.658116
3096.284444,203.648437
3096.726389,203.667794
3097.467222,203.658116
3097.817778,203.658116
3098.201944,203.667794
3098.519167,203.658116
3098.930833,203.658116
3099.312222,203.658116
3100.051667,203.696829
3100.3425,203.667794
3100.725833,203.658116
3101.400278,203.677473
3101.884722,203.667794
3102.264722,203.677473
3102.618056,203.667794
3103.079444,203.687151
3103.356111,203.677473
3104.047222,203.677473
3104.782778,203.667794
3105.13,203.667794
3105.4575,203.677473
3105.746111,203.687151
3106.102222,203.667794
3106.425556,203.677473
3106.804722,203.677473
3107.1725,203.687151
3107.485833,203.696829
3107.903611,203.667794
3108.240833,203.677473
3108.586389,203.677473
3109.003333,203.687151
3109.293056,203.687151
3110.017222,203.687151
3110.346667,203.696829
3110.728056,203.687151
3111.412778,203.696829
3111.808333,203.716186
3112.504722,203.706508
3113.265556,203.696829
3113.718333,203.696829
3114.0775,203.696829
3114.405556,203.696829
3114.793333,203.696829
3115.113056,203.716186
3115.450833,203.706508
3117.528889,203.716186
3117.9375,203.716186
3118.288889,203.716186
3128.211111,203.7549
3128.557778,203.764578
3128.943611,203.764578
3129.121944,203.745221
3129.31,203.735543
3129.527778,203.735543
3129.776667,203.7549
3130.100278,203.764578
3130.291389,203.7549
3130.465,203.745221
3130.911944,203.764578
3131.124722,203.764578
3131.292222,203.7549
3131.46,203.764578
3131.6075,203.764578
3131.871667,203.764578
3132.009167,203.774256
3132.185,203.764578
3132.356944,203.764578
3132.543333,203.774256
3132.767778,203.7549
3132.95,203.7549
3133.163889,203.7549
3133.528889,203.774256
3133.777222,203.774256
3133.949444,203.774256
3134.086389,203.7549
3134.259722,203.774256
3134.4225,203.774256
3134.828611,203.7549
3134.984722,203.774256
3135.170278,203.783935
3135.3675,203.783935
3135.597222,203.7549
3135.870278,203.764578
3136.015833,203.764578
3136.309167,203.7549
3137.020278,203.764578
3137.258333,203.764578
3137.886111,203.783935
3138.516389,203.783935
3138.874722,203.774256
3139.155278,203.774256
3139.449722,203.764578
3139.814167,203.783935
3140.164722,203.774256
3140.469444,203.774256
3140.716389,203.764578
3141.4025,203.774256
3141.806944,203.774256
3142.143333,203.783935
3142.405,203.793613
3142.884722,203.793613
3143.232222,203.81297
3143.570833,203.793613
3144.341667,203.793613
3144.746389,203.793613
3145.083611,203.783935
3145.796667,203.803292
3146.145278,203.803292
3146.468611,203.803292
3146.8775,203.81297
3148.268611,203.793613
3149.007778,203.822648
3149.359167,203.803292
3149.746389,203.822648
3150.428056,203.793613
3151.131389,203.803292
3151.493889,203.803292
3152.181944,203.81297
3152.538333,203.793613
3153.2625,203.81297
3153.5975,203.81297
3153.959444,203.822648
3154.308056,203.81297
3154.640556,203.842005
3155.027222,203.81297
3155.400556,203.81297
3155.79,203.832327
3156.118611,203.822648
3156.773056,203.81297
3157.4475,203.822648
3157.826944,203.832327
3158.191111,203.81297
3158.943611,203.81297
3159.330556,203.842005
3160.180833,203.822648
3160.533889,203.842005
3160.919167,203.842005
3161.250833,203.842005
3161.595,203.832327
3161.975556,203.842005
3162.336389,203.851684
3163.121111,203.842005
3163.493611,203.851684
3165.264167,203.842005
3166.897778,203.87104
3167.283056,203.851684
3167.603333,203.861362
3169.620556,203.861362
3170.052222,203.851684
3171.238056,203.861362
3171.587778,203.87104
3171.988611,203.851684
3172.427222,203.861362
3172.844722,203.880719
3173.214722,203.880719
3173.5525,203.87104
3173.985278,203.880719
3174.348056,203.87104
3175.379167,203.890397
3176.051944,203.880719
3184.8775,203.842005
3185.224722,203.87104
3185.569722,203.880719
3186.024444,203.880719
3186.375833,203.87104
3187.317778,203.880719
3187.725833,203.880719
3188.09,203.890397
3188.453611,203.909754
3188.828333,203.880719
3189.57,203.890397
3190.733611,203.900075
3191.135833,203.909754
3191.503056,203.890397
3191.956111,203.909754
3192.312778,203.909754
3192.650556,203.890397
3193.11,203.890397
3193.446111,203.909754
3193.848056,203.909754
3194.601944,203.909754
3195.74,203.909754
3196.1175,203.919432
3196.468611,203.909754
3196.880833,203.909754
3197.178333,203.919432
3197.9725,203.929111
3198.327778,203.919432
3198.74,203.919432
3199.144722,203.929111
3199.511667,203.919432
3199.934722,203.919432
3200.286389,203.900075
3200.653333,203.929111
3201.09,203.919432
3201.792778,203.929111
3202.429167,203.948467
3202.873611,203.929111
3203.245278,203.948467
3204.043056,203.948467
3204.820278,203.948467
3205.134444,203.938789
3205.476111,203.948467
3206.232778,203.938789
3206.533056,203.958146
3206.957222,203.948467
3208.076111,203.948467
3208.435833,203.958146
3208.828611,203.948467
3209.227222,203.948467
3209.597778,203.948467
3209.960833,203.967824
3210.406389,203.967824
3211.210833,203.967824
3211.485,203.967824
3211.908889,203.967824
3212.316389,203.967824
3213.826667,203.987181
3214.188611,203.967824
3214.533056,203.996859
3214.995,203.987181
3216.548056,203.987181
3216.965278,203.987181
3218.124167,203.967824
3218.629167,204.006538
3219.028889,204.006538
3219.350278,204.006538
3219.760278,204.006538
3220.501389,203.987181
3220.896389,203.987181
3221.268333,204.006538
3221.6375,204.006538
3222.049444,204.016216
3222.430278,204.025894
3223.245,203.996859
3224.005833,204.006538
3224.348611,204.025894
3224.763889,204.016216
3225.507222,204.016216
3225.900833,204.016216
3226.719167,204.016216
3227.481667,204.006538
3227.922222,204.016216
3228.280278,204.016216
3228.651667,204.016216
3229.014167,204.016216
3229.386667,204.006538
3229.786667,204.016216
3230.168889,204.025894
3230.544167,204.025894
3231.327222,204.016216
3231.767222,204.025894
3232.152222,204.025894
3233.024444,204.025894
3233.380278,204.025894
3233.821111,204.035573
3234.207778,204.05493
3234.548333,204.035573
3234.965833,204.045251
3235.282222,204.045251
3235.741944,204.035573
3236.163056,204.035573
3236.522222,204.035573
3236.882778,204.035573
3237.650278,204.045251
3238.068333,204.025894
3238.909722,204.045251
3239.269722,204.035573
3239.930556,204.05493
3240.269444,204.035573
3240.615556,204.05493
3241.042222,204.064608
3242.216389,204.064608
3242.991667,204.083965
3244.095833,204.074286
3244.436667,204.083965
3244.862778,204.093643
3245.523611,204.093643
3246.281111,204.083965
3246.720278,204.064608
3247.074167,204.074286
3247.432222,204.074286
3247.865556,204.074286
3248.953611,204.074286
3256.9325,204.103322
3257.728889,204.103322
3258.129167,204.113
3258.4775,204.093643
3258.883889,204.103322
3259.25,204.103322
3259.59,204.103322
3259.973611,204.103322
3260.239167,204.122678
3260.493333,204.113
3260.906111,204.122678
3261.951389,204.113
3262.314444,204.132357
3263.780278,204.122678
3264.073889,204.122678
3264.824722,204.132357
3265.183611,204.122678
3265.538611,204.113
3265.938333,204.132357
3266.589167,204.132357
3267.338611,204.151714
3267.750556,204.122678
3268.065833,204.142035
3268.428333,204.142035
3268.949444,204.142035
3269.384444,204.132357
3270.881944,204.132357
3271.650833,204.142035
3271.975278,204.151714
3272.750833,204.17107
3273.417222,204.161392
3273.861111,204.151714
3274.2225,204.122678
3274.992222,204.142035
3275.402778,204.132357
3276.416389,204.161392
3276.834444,204.180749
3277.1825,204.180749
3277.917778,204.151714
3278.581667,204.161392
3279.004722,204.161392
3279.353889,204.151714
3279.767222,204.142035
3280.435556,204.161392
3281.203889,204.17107
3281.525833,204.180749
3281.929167,204.180749
3282.796389,204.190427
3283.160278,204.180749
3283.498611,204.200105
3284.275556,204.190427
3284.860833,204.180749
3285.355556,204.190427
3286.1625,204.190427
3286.502778,204.200105
3286.917778,204.190427
3287.271111,204.200105
3288.0575,204.190427
3288.8575,204.200105
3289.172778,204.219462
3289.413611,204.190427
3289.786111,204.209784
3290.163056,204.200105
3290.905833,204.200105
3291.235833,204.219462
3291.598333,204.200105
3292.0375,204.190427
3292.383611,204.209784
3292.790278,204.219462
3293.128889,204.219462
3293.513611,204.209784
3294.298333,204.219462
3294.901389,204.229141
3295.272222,204.229141
3296.058056,204.229141
3296.808611,204.248497
3297.17,204.229141
3297.536944,204.229141
3298.349722,204.229141
3298.796389,204.238819
3299.535833,204.248497
3300.334167,204.238819
3301.1275,204.229141
3301.890833,204.238819
3302.258611,204.229141
3302.607222,204.219462
3303.022778,204.238819
3303.778889,204.248497
3304.1325,204.248497
3304.501667,204.248497
3304.915,204.248497
3305.282778,204.248497
3305.643333,204.267854
3306.414167,204.258176
3306.800556,204.248497
3307.455556,204.258176
3307.9125,204.277533
3308.271389,204.277533
3308.650278,204.277533
3308.909444,204.267854
3309.779722,204.277533
3310.138889,204.267854
3310.5,204.277533
3310.911667,204.277533
3311.285,204.277533
3311.644167,204.258176
3312.087778,204.277533
3312.410833,204.287211
3313.207222,204.267854
3313.562778,204.287211
3314.006944,204.287211
3314.383889,204.267854
3314.843889,204.287211
3315.2,204.287211
3315.5325,204.287211
3315.9575,204.296889
3316.618333,204.287211
3317.054167,204.287211
3317.38,204.296889
3317.790833,204.296889
3318.170278,204.306568
3318.506389,204.287211
3318.945278,204.296889
3319.268889,204.296889
3319.649444,204.287211
3320.038889,204.296889
3320.359722,204.296889
3320.753333,204.296889
3321.386389,204.296889
3321.7775,204.316246
3322.106389,204.325924
3322.424444,204.306568
3323.207222,204.306568
3323.542222,204.306568
3323.990278,204.316246
3324.331944,204.306568
3325.111944,204.316246
3325.402222,204.316246
3329.370556,204.325924
3329.809167,204.325924
3330.601667,204.325924
3331.025556,204.316246
3331.358889,204.316246
3331.789444,204.335603
3332.133889,204.335603
3332.482222,204.335603
3334.048889,204.345281
3334.398056,204.35496
3334.873333,204.345281
3335.151667,204.345281
3335.494167,204.335603
3335.939167,204.345281
3336.616944,204.35496
3337.393333,204.35496
3337.804722,204.364638
3338.075,204.364638
3338.830556,204.374316
3339.176667,204.345281
3339.474167,204.364638
3339.918889,204.35496
3340.2725,204.374316
3341.616667,204.364638
3342.0175,204.383995
3343.168611,204.374316
3343.956667,204.364638
3344.323611,204.374316
3345.081389,204.364638
3345.346667,204.383995
3345.636389,204.374316
3346.034167,204.374316
3346.385833,204.393673
3346.634722,204.393673
3347.023889,204.374316
3347.343333,204.383995
3347.738611,204.383995
3348.086111,204.374316
3348.417222,204.383995
3348.823611,204.403352
3349.199722,204.383995
3349.497778,204.403352
3349.889444,204.383995
3350.260556,204.403352
3350.589722,204.403352
3350.995556,204.393673
3351.317222,204.393673
3351.746667,204.393673
3352.176111,204.403352
3353.015278,204.403352
3353.650833,204.41303
3354.078056,204.393673
3354.848056,204.41303
3355.233333,204.393673
3355.591667,204.393673
3355.912222,204.403352
3356.240556,204.393673
3356.998611,204.403352
3358.435,204.41303
3358.851389,204.422708
3359.595,204.422708
3360.025,204.422708
3360.363333,204.422708
3361.166667,204.432387
3361.546389,204.422708
3361.983056,204.442065
3362.337778,204.422708
3362.783056,204.432387
3363.124444,204.432387
3363.858611,204.432387
3364.236389,204.461422
3364.575278,204.442065
3364.977778,204.422708
3365.339444,204.451744
3365.751111,204.451744
3366.086944,204.442065
3366.412778,204.442065
3366.8375,204.442065
3367.518611,204.451744
3368.226111,204.442065
3368.581389,204.461422
3370.028333,204.461422
3370.381389,204.490457
3370.810278,204.461422
3371.156111,204.4711
3371.522778,204.4711
3371.931667,204.500135
3372.722778,204.461422
3373.077778,204.4711
3373.470556,204.442065
3373.893889,204.461422
3374.145833,204.4711
3375.321667,204.490457
3375.933333,204.4711
3376.800556,204.490457
3377.146667,204.4711
3377.908056,204.490457
3378.262222,204.490457
3378.650833,204.509814
3379.080833,204.4711
3379.875,204.509814
3380.243056,204.490457
3380.603056,204.500135
3381.044444,204.509814
3382.110833,204.500135
3382.471667,204.500135
3382.891111,204.500135
3383.230278,204.519492
3383.731111,204.509814
3384.080556,204.509814
3384.903889,204.529171
3385.297778,204.509814
3385.623056,204.509814
3386.050278,204.538849
3386.8675,204.529171
3387.604444,204.529171
3388.740833,204.519492
3389.122222,204.529171
3389.896667,204.519492
3390.266944,204.529171
3391.418333,204.548527
3391.851389,204.538849
3392.592222,204.538849
3393.059722,204.538849
3393.391111,204.538849
3393.802222,204.548527
3394.188889,204.548527
3394.995833,204.548527
3395.320833,204.548527
3395.739722,204.538849
3396.090833,204.567884
3396.47,204.558206
3396.901111,204.538849
3397.299444,204.558206
3397.958333,204.558206
3398.349722,204.567884
3398.743056,204.558206
3399.113056,204.567884
3399.403889,204.558206
3400.122778,204.548527
3400.535,204.567884
3400.939444,204.577563
3401.308611,204.567884
3401.776111,204.558206
3402.528333,204.558206
3402.940833,204.558206
3403.284722,204.567884
3403.623611,204.567884
3404.005833,204.577563
3404.345833,204.567884
3404.766111,204.567884
3405.024167,204.577563
3406.236944,204.587241
3406.983611,204.577563
3407.723611,204.596919
3408.466667,204.606598
3408.821111,204.596919
3409.530833,204.596919
3410.296111,204.577563
3410.563611,204.606598
3410.998889,204.616276
3411.3525,204.606598
3412.176944,204.596919
3412.559722,204.616276
3412.983056,204.616276
3413.333889,204.616276
3413.7525,204.616276
3414.109167,204.635633
3414.468056,204.625954
3414.844167,204.625954
3415.580556,204.616276
3415.971389,204.616276
3416.305833,204.625954
3416.787222,204.635633
3417.115278,204.645311
3417.775,204.625954
3418.098889,204.625954
3418.4675,204.635633
3419.534722,204.616276
3419.954444,204.635633
3420.283333,204.625954
3420.630278,204.625954
3421.037222,204.645311
3421.382222,204.645311
3421.735,204.625954
3422.026111,204.645311
3422.368056,204.645311
3422.736389,204.635633
3423.063889,204.645311
3423.395556,204.635633
3423.788333,204.635633
3424.107778,204.664668
3424.956944,204.635633
3425.771111,204.645311
3426.162778,204.664668
3427.266944,204.645311
3427.621944,204.664668
3428.014444,204.65499
3428.809167,204.674346
3429.056111,204.664668
3429.855833,204.674346
3430.129167,204.684025
3430.483056,204.674346
3430.934722,204.664668
3431.300833,204.664668
3431.655833,204.674346
3432.102778,204.645311
3432.484722,204.674346
3432.86,204.674346
3433.583611,204.664668
3433.9925,204.674346
3434.319444,204.674346
3434.728889,204.684025
3435.427778,204.674346
3435.852222,204.674346
3436.238333,204.674346
3436.596111,204.693703
3437.384722,204.684025
3437.793611,204.684025
3438.109444,204.693703
3438.5075,204.674346
3438.884167,204.684025
3439.281111,204.684025
3439.641667,204.703382
3440.065,204.693703
3440.433056,204.703382
3440.836667,204.703382
3441.984444,204.693703
3442.374167,204.703382
3442.815833,204.71306
3443.190278,204.71306
3443.4575,204.722738
3444.201944,204.71306
3444.986667,204.722738
3445.379722,204.732417
3445.796389,204.722738
3446.140278,204.732417
3446.485833,204.71306
3446.859722,204.722738
3447.157778,204.722738
3447.994444,204.732417
3448.363611,204.732417
3448.626944,204.732417
3449.395278,204.751774
3449.813056,204.732417
3450.1875,204.722738
3450.950278,204.732417
3451.325278,204.732417
3452.054444,204.742095
3452.441111,204.742095
3453.153889,204.742095
3453.936111,204.742095
3454.311111,204.742095
3454.736389,204.742095
3455.463889,204.742095
3456.212222,204.761452
3456.588333,204.77113
3456.999167,204.77113
3457.041389,204.751774
3457.318333,204.761452
3457.649722,204.751774
3458.064167,204.761452
3458.454444,204.751774
3459.583889,204.761452
3459.889722,204.77113
3460.245556,204.780809
3461.0825,204.77113
3462.197778,204.77113
3462.574444,204.780809
3463.372222,204.77113
3463.809722,204.77113
3464.200556,204.77113
3464.550278,204.780809
3464.997778,204.790487
3465.378056,204.780809
3466.190278,204.780809
3466.536944,204.790487
3466.991667,204.790487
3467.383333,204.790487
3467.845556,204.800165
3468.241389,204.809844
3468.615278,204.809844
3469.023333,204.800165
3469.786111,204.809844
3470.094722,204.819522
3470.477222,204.800165
3471.2775,204.809844
3471.786944,204.809844
3472.119167,204.809844
3472.475833,204.829201
3472.925556,204.809844
3473.299444,204.819522
3473.713611,204.838879
3474.110556,204.809844
3474.875278,204.829201
3475.274444,204.829201
3476.091667,204.819522
3476.371389,204.829201
3476.789722,204.809844
3477.8425,204.829201
3478.238611,204.819522
3478.579722,204.829201
3479.015278,204.829201
3479.407778,204.848557
3480.056667,204.838879
3480.389444,204.848557
3480.781389,204.838879
3481.138333,204.858236
3481.494444,204.858236
3481.941667,204.858236
3482.273056,204.858236
3482.720556,204.858236
3483.071944,204.867914
3483.860278,204.858236
3484.180278,204.877593
3485.014444,204.858236
3485.305556,204.858236
3485.756389,204.867914
3486.103056,204.858236
3486.463889,204.858236
3487.204722,204.858236
3487.938889,204.867914
3488.708611,204.887271
3489.046111,204.877593
3489.445278,204.867914
3489.8775,204.877593
3490.613333,204.877593
3491.0075,204.867914
3491.3775,204.867914
3491.755278,204.877593
3492.017222,204.877593
3492.366111,204.867914
3493.946944,204.867914
3494.341667,204.877593
3494.722778,204.887271
3495.098056,204.887271
3495.431389,204.896949
3495.850278,204.906628
3496.168333,204.896949
3496.839444,204.896949
3497.243889,204.906628
3497.596944,204.896949
3498.033611,188.404978
3498.408611,182.32695
3498.812778,180.342881
3499.063333,179.500861
3499.452778,178.707234
3499.871667,177.903927
3500.270833,177.420008
3501.195833,176.297315
3501.801389,175.958572
3502.574167,175.474652
3503.017222,175.174622
3503.376111,175.039125
3503.796111,174.748773
3504.084444,174.613276
3504.437222,174.497135
3504.901111,174.390673
3505.228889,174.22614
3505.995833,174.042251
3506.779444,174.013216
3507.295,173.800291
3507.731111,173.732543
3508.205556,173.548653
3508.593056,173.684151
3508.987222,173.355085
3509.278889,173.519618
3509.601389,173.480905
3510.775833,173.171196
3511.098333,173.238945
3511.433333,173.180875
3511.845,172.958272
3512.533611,173.064734
3512.938056,172.958272
3513.321667,172.803417
3513.622222,172.580814
3514.025556,172.348533
3514.233333,172.242071
3514.381389,172.164644
3514.762778,172.164644
3514.935556,172.116252
3515.336111,171.990433
3515.747222,171.8259
3516.099722,171.903327
3516.797222,171.874292
3517.539722,171.554905
3518.36,171.729116
3518.790556,171.690403
3519.4175,171.651689
3520.168611,171.583941
3520.536667,171.506514
3520.951944,171.254875
3521.298889,171.40973
3521.651667,171.487157
3522.046667,171.52587
3522.387778,171.477478
3522.790833,171.429086
3523.149167,171.341981
3525.036389,171.332303
3526.027222,171.206484
3526.384444,171.16777
3526.776389,171.187127
3527.126944,171.158092
3527.473333,171.1097
3527.862222,170.877418
3528.231667,170.983881
3529.012778,170.838705
3529.371111,170.887097
3529.611944,170.906454
3530.425278,170.819348
3531.181389,170.770956
3532.774444,170.422534
3533.111944,170.664494
3533.451667,170.693529
3533.884167,170.703207
3534.583333,170.693529
3535.378611,170.432213
3535.744722,170.432213
3536.020278,170.616102
3536.337222,170.596745
3536.763333,170.32575
3537.481667,170.538675
3537.791111,170.50964
3538.501389,170.441891
3538.944722,170.335429
3539.268611,170.335429
3539.592778,170.32575
3540.0425,170.287037
3540.764722,170.287037
3541.1575,170.258002
3541.526667,170.035399
3542.274444,170.093469
3542.617778,170.112826
3543.028889,170.064434
3543.63,170.064434
3543.713611,170.103147
3544.070556,170.064434
3544.736667,170.064434
3544.898611,169.977328
3545.731111,170.045077
3546.09,170.083791
3546.433333,170.112826
3546.906944,170.016042
3547.259722,170.016042
3547.960833,169.861188
3548.2825,169.861188
3548.648611,169.899901
3549.066944,169.948293
3549.354722,169.803117
3550.381111,169.96765
3550.771667,169.938615
3551.540556,169.977328
3551.946111,169.899901
3553.398889,169.841831
3553.796389,169.812796
3554.146389,169.783761
3554.795556,169.754725
3555.152778,169.716012
3555.871389,169.657942
3556.201111,169.648263
3556.563056,169.66762
3556.965,169.590193
3557.733333,169.551479
3558.086667,169.454695
3558.423333,169.483731
3558.842778,169.532123
3559.104167,169.512766
3559.457222,169.580514
3559.857222,169.580514
3560.212778,169.406303
3560.468333,169.493409
3561.273056,169.464374
3561.965278,169.435339
3562.726944,169.42566
3563.065278,169.338555
3563.4225,169.396625
3563.844722,169.396625
3564.176667,169.357912
3564.52,169.348233
3564.934722,169.299841
3565.745278,169.328876
3566.084444,169.30952
3566.492778,169.270806
3567.233056,169.280484
3568.012222,169.299841
3568.385,169.299841
3568.790833,169.319198
3569.194444,169.338555
3569.573056,169.348233
3569.976667,169.319198
3570.296111,169.357912
3570.725278,169.299841
3571.85,169.357912
3572.561944,169.30952
3573.031667,169.290163
3573.327778,169.270806
3574.475833,169.154665
3575.253611,168.922384
3575.497778,168.922384
3576.036111,169.096595
3576.346944,169.086917
3576.509722,169.086917
3577.0825,169.06756
3577.443333,169.086917
3577.849722,169.154665
3578.172778,169.135309
3578.494167,169.077238
3579.248611,169.057882
3579.579722,169.00949
3580.012778,169.048203
3580.337778,168.999811
3580.736389,168.990133
3581.471389,168.961098
3581.887222,169.028846
3582.241111,169.00949
3582.591111,169.048203
3582.969722,169.00949
3583.328056,168.951419
3583.723333,169.00949
3584.044444,168.873992
3584.797778,168.941741
3585.460833,168.883671
3585.896944,168.903027
3586.203056,168.661068
3586.6225,168.8256
3587.392222,168.835279
3587.803611,168.815922
3588.1325,168.777208
3588.468333,168.738495
3588.888611,168.738495
3589.223611,168.728816
3589.534444,168.699781
3589.924444,168.70946
3590.280278,168.70946
3590.715,168.719138
3591.353889,168.699781
3591.781944,168.622354
3592.144167,168.612676
3592.496944,168.632033
3592.864167,168.612676
3593.211111,168.602997
3593.953889,168.670746
3594.303889,168.632033
3594.634444,168.651389
3595.355,168.661068
3595.773056,168.641711
3596.055833,168.622354
3596.401944,168.612676
3596.814444,168.583641
3597.058333,168.593319
3597.324167,168.573962
3598.040833,168.641711
3598.371944,168.612676
3598.745,168.52557
3599.126944,168.438465
3599.457222,168.438465
3599.845278,168.428786
3600.178889,168.380394
3600.513333,168.390073
3600.930556,168.361038
3601.604167,168.148113
3602.008333,168.380394
3602.355,168.428786
3602.744722,168.399751
3603.082222,168.399751
3603.457222,168.419108
3603.851111,168.390073
3604.184167,168.52557
3604.968611,168.506213
3605.273056,168.486857
3606.008333,168.486857
3606.3275,168.515892
3606.6525,168.632033
3607.069722,168.622354
3607.120556,168.622354
3607.4175,168.593319
3607.793889,168.651389
3608.126111,168.651389
3608.129444,168.438465
3608.496111,168.573962
3608.92,168.380394
3609.563333,168.583641
3611.063611,168.535249
3611.400278,168.573962
3611.812778,168.341681
3612.1825,168.496535
3612.539722,168.515892
3612.929167,168.390073
3613.275556,168.390073
3614.0125,168.477178
3614.3475,168.496535
3614.73,168.457822
3615.092778,168.448143
3615.430278,168.4675
3615.844722,168.235219
3616.573056,168.428786
3616.980833,168.370716
3618.079444,168.370716
3618.435556,168.380394
3618.828056,168.390073
3620.728889,168.380394
3622.195278,168.399751
3622.518611,168.399751
3623.3,168.370716
3623.590556,168.370716
3623.915556,168.351359
3624.269444,168.341681
3624.631111,168.332003
3625.584444,168.341681
3626.003611,168.351359
3626.370278,168.332003
3626.774167,168.322324
3627.149444,168.370716
3627.461389,168.370716
3628.251111,168.293289
3628.610278,168.312646
3628.998333,168.351359
3629.338611,168.380394
3629.741667,168.419108
3630.022778,168.428786
3630.342222,168.419108
3631.461389,168.448143
3632.240278,168.215862
3632.588056,168.4675
3633.748889,168.428786
3634.069722,168.438465
3634.418056,168.390073
3634.826111,168.390073
3635.183611,168.361038
3635.535556,168.370716
3635.983889,168.332003
3636.354444,168.332003
3636.740556,168.370716
3637.101111,168.370716
3637.4125,168.361038
3637.783889,168.399751
3638.4925,168.496535
3638.778056,168.496535
3638.818056,168.515892
3639.163889,168.515892
3639.517222,168.477178
3639.803889,168.477178
3639.993056,168.380394
3640.342778,168.341681
3640.728056,168.332003
3641.080833,168.312646
3641.426667,168.254575
3641.818056,168.302967
3642.489444,168.264254
3642.876944,168.254575
3643.223333,168.254575
3643.591389,168.244897
3644.020833,168.312646
3644.348333,168.283611
3644.763056,168.283611
3645.105,168.264254
3645.401667,168.148113
3646.143889,168.177148
3647.3175,168.312646
3647.566944,168.293289
3647.911389,168.322324
3648.269167,168.244897
3648.626667,168.235219
3649.033611,168.186827
3649.363056,168.128756
3651.053889,168.196505
3651.411111,168.186827
3651.810556,168.206183
3652.186389,168.16747
3652.526111,168.157792
3652.922222,168.148113
3653.728333,168.138435
3654.06,168.235219
3654.385278,168.206183
3655.109444,168.254575
3655.841667,168.22554
3656.204167,168.215862
3656.584167,168.148113
3657.718056,168.254575
3658.085556,168.254575
3658.443056,168.22554
3658.855556,168.196505
3659.210833,168.186827
3659.557778,168.16747
3659.980278,168.157792
3660.334722,168.119078
3660.713333,168.080364
3661.061111,168.061008
3661.4425,168.070686
3661.853333,168.1094
3662.181667,168.128756
3662.915833,167.954545
3663.259722,168.157792
3663.624444,167.915832
3664.041944,167.828726
3664.373611,168.119078
3664.623056,168.1094
3665.03,168.051329
3665.364722,168.119078
3665.767222,168.099721
3666.099444,168.061008
3666.880556,168.022294
3667.251944,168.148113
3667.612222,168.119078
3668.596389,168.051329
3669.03,168.080364
3669.449722,167.770656
3670.143611,167.828726
3670.479444,167.770656
3670.929167,167.944867
3671.168056,167.915832
3671.94,167.92551
3672.290833,167.92551
3672.2975,167.983581
3672.727778,167.973902
3673.083056,167.993259
3673.315833,167.993259
3673.8475,167.896475
3674.240278,167.915832
3674.568889,167.838405
3675.009722,167.848083
3675.343611,167.896475
3676.062778,167.857762
3676.836389,167.86744
3677.153611,168.012616
3677.511111,168.041651
3677.896667,168.080364
3678.2575,168.138435
3678.613333,168.148113
3679.043889,168.080364
3679.815556,168.041651
3680.073611,168.012616
3680.439444,168.012616
3681.126944,168.002937
3681.491944,167.993259
3682.750833,167.973902
3683.106944,168.022294
3683.413056,167.973902
3683.823056,167.964224
3684.185833,167.964224
3684.618333,167.877118
3685.096389,167.944867
3685.869722,167.896475
3686.246389,167.964224
3686.580556,167.944867
3686.923056,167.954545
3687.247778,167.993259
3687.571389,167.954545
3687.979167,168.090043
3688.282778,168.080364
3688.641389,168.128756
3689.083611,168.080364
3689.600556,168.099721
3690.007778,168.080364
3690.8075,168.051329
3691.149167,168.070686
3691.9525,168.1094
3692.245,168.051329
3692.6425,168.148113
3693.088889,168.1094
3693.364444,168.16747
3694.014722,168.235219
3694.744722,168.177148
3695.741111,168.080364
3696.088056,168.070686
3696.433333,168.002937
3696.895278,167.915832
3698.000833,167.896475
3698.791389,167.877118
3699.148056,167.828726
3699.515,167.838405
3699.873611,167.877118
3700.211389,168.670746
3700.554722,168.651389
3700.981389,168.680424
3701.3325,168.690103
3701.760833,168.70946
3702.439444,168.661068
3702.741667,168.690103
3703.438333,168.680424
3703.849722,168.699781
3704.193056,168.670746
3704.556944,168.719138
3705.009444,168.738495
3705.352778,168.728816
3705.761667,168.757852
3707.138611,168.748173
3707.492778,168.699781
3708.258889,168.728816
3708.490556,168.728816
3708.622222,168.719138
3709.054444,168.777208
3709.499444,168.777208
3709.830833,168.738495
3710.206111,168.699781
3710.998611,168.719138
3711.769167,168.632033
3712.141667,168.651389
3716.533611,168.651389
3716.949444,168.641711
3717.321667,168.602997
3717.518611,168.632033
3718.409444,168.680424
3719.178611,168.622354
3719.955,168.632033
3720.353611,168.602997
3720.7625,168.622354
3721.113333,168.602997
3721.448889,168.52557
3721.849722,168.583641
3722.21,168.573962
3722.550278,168.52557
3723.342222,168.583641
3724.112778,168.602997
3724.461944,168.632033
3724.866389,168.690103
3725.250278,168.757852
3725.476667,168.748173
3726.247222,168.835279
3726.576667,168.786887
3727.345278,168.903027
3727.734167,168.796565
3728.058056,168.796565
3728.397222,168.738495
3728.780278,168.661068
3729.456944,168.670746
3729.868611,168.670746
3730.205833,168.670746
3730.5425,168.602997
3731.591111,168.593319
3731.988889,168.583641
3732.323333,168.602997
3733.445278,168.680424
3734.215556,168.70946
3734.535833,168.719138
3734.954722,168.680424
3735.629722,168.680424
3736.095833,168.728816
3736.398889,168.719138
3736.785,168.738495
3737.424444,168.699781
3737.844444,168.690103
3738.5075,168.670746
3738.898333,168.602997
3740.01,168.602997
3740.338889,168.641711
3740.755833,168.651389
3741.103889,168.641711
3742.461389,168.670746
3742.886389,168.583641
3743.247778,168.622354
3743.581111,168.593319
3744.249722,168.593319
3744.273056,168.651389
3744.585556,168.622354
3744.975278,168.612676
3745.355278,168.612676
3745.357222,168.622354
3746.062778,168.632033
3746.439167,168.564284
3747.210833,168.670746
3747.802222,168.757852
3748.093056,168.76753
3748.484167,168.786887
3748.842222,168.893349
3749.220833,168.922384
3749.601111,168.932063
3749.993611,168.990133
3750.349444,168.980454
3750.811389,169.00949
3751.162222,168.922384
3751.958056,168.864314
3752.740833,168.719138
3753.037222,168.622354
3753.434722,168.680424
3753.874444,168.690103
3754.233333,168.70946
3755.633889,168.632033
3756.046944,168.670746
3756.403333,168.632033
3756.817222,168.670746
3757.72,168.738495
3757.961111,168.738495
3758.303611,168.738495
3758.733056,168.690103
3759.155556,168.690103
3759.967222,168.738495
3760.312778,168.738495
3760.738056,168.699781
3761.086944,168.690103
3761.424167,168.632033
3761.8375,168.641711
3762.193333,168.690103
3762.481667,168.641711
3762.851111,168.661068
3763.196667,168.670746
3763.565,168.680424
3764.296111,168.573962
3765.203889,168.496535
3765.732778,168.515892
3766.268056,168.612676
3766.530833,168.602997
3766.897778,168.602997
3767.796944,172.522744
3768.088056,169.696655
3768.813056,168.535249
3770.287778,168.206183
3770.608333,168.148113
3771.018611,168.051329
3778.575833,198.402752
3779.3125,175.464974
3779.728333,173.577688
3780.061111,173.577688
3780.063889,172.687277
3780.413611,172.038825
3780.835833,171.487157
3781.062778,171.487157
3781.254167,171.254875
3781.992222,170.712886
3782.333611,170.538675
3782.59,170.393499
3782.621944,170.364464
3782.647778,170.345107
3782.695,170.354785
3782.918889,170.277358
3783.348889,170.112826
3783.764444,169.870866
3784.114444,169.764404
3784.439444,169.638585
3784.858889,169.541801
3785.219167,169.493409
3785.540833,169.251449
3786.2075,169.348233
3786.552222,169.319198
3787.360556,169.251449
3788.175833,169.251449
3788.97,169.154665
3789.361944,169.048203
3789.749444,169.096595
3790.079722,169.019168
3790.437778,168.970776
3790.843333,168.941741
3791.587222,168.903027
3792.000556,168.806243
3792.362778,168.873992
3793.1375,168.786887
3793.481389,168.748173
3794.211944,168.76753
3794.531667,168.699781
3794.993056,168.690103
3795.296944,168.719138
3796.0425,168.690103
3796.785278,168.699781
3797.9,168.554605
3798.2475,168.573962
3798.571111,168.515892
3799.061667,168.506213
3799.39,168.399751
3799.820833,168.496535
3800.903889,168.4675
3801.180556,168.593319
3802.642778,168.544927
3803.090833,168.544927
3803.448333,168.52557
3803.815556,168.52557
3804.128333,168.593319
3804.516667,168.52557
3805.277778,168.544927
3805.613611,168.496535
3806.385556,168.448143
3807.927778,168.390073
3808.296667,168.380394
3808.754722,168.341681
3809.098056,168.332003
3809.551667,168.351359
3809.922222,168.341681
3810.234444,168.341681
3810.548056,168.341681
3810.935278,168.332003
3811.244444,168.399751
3811.955,168.380394
3812.001111,168.380394
3812.284444,168.496535
3812.644167,168.486857
3813.016111,168.486857
3813.018889,168.486857
3813.248056,168.457822
3813.594167,168.419108
3814.026111,168.380394
3814.374722,168.332003
3814.787222,168.312646
3815.163056,168.302967
3815.508611,168.273932
3815.947778,168.244897
3816.308889,168.254575
3816.656111,168.215862
3817.068611,168.206183
3817.42,168.215862
3817.800556,168.302967
3818.146389,168.273932
3818.489722,168.215862
3818.884722,168.235219
3819.213611,168.186827
3819.554722,168.206183
3821.0325,168.273932
3821.268611,168.302967
3821.593056,168.215862
3821.975556,168.254575
3822.333611,168.196505
3822.645,168.119078
3823.36,168.196505
3823.803611,168.138435
3824.132222,168.119078
3824.473333,168.119078
3824.878333,168.090043
3825.236389,168.099721
3826.007778,168.1094
3826.343056,168.157792
3826.7425,168.128756
3827.821667,168.099721
3828.076111,168.157792
3828.434444,168.177148
3829.493889,168.341681
3830.241111,168.138435
3830.757222,168.244897
3831.254167,168.293289
3831.630556,168.22554
3832.021111,168.186827
3832.770833,168.16747
3833.100556,168.157792
3833.429722,168.177148
3833.844167,168.138435
3834.54,168.264254
3834.97,168.206183
3835.221111,168.264254
3835.556667,168.283611
3835.931944,168.273932
3836.301944,168.322324
3837.461667,168.302967
3838.184167,168.341681
3838.531389,168.22554
3838.956944,168.16747
3839.343333,168.215862
3840.504444,168.138435
3840.916389,168.099721
3841.598056,168.080364
3842.046667,168.157792
3842.423333,168.186827
3842.845278,168.148113
3843.340556,168.148113
3843.57,168.283611
3843.984444,168.254575
3844.365278,168.254575
3844.371944,168.361038
3845.573333,168.244897
3845.906667,168.273932
3846.271389,168.4675
3846.569444,168.448143
3847.375,168.341681
3848.161667,168.264254
3849.139722,168.16747
3850.729722,168.031973
3851.068611,168.012616
3851.818333,168.031973
3852.184167,167.983581
3853.308333,168.022294
3853.712778,168.138435
3854.078056,168.206183
3854.416667,168.138435
3854.8025,168.099721
3856.351944,167.92551
3856.622222,167.848083
3857.375833,167.877118
3858.160278,167.848083
3858.506389,167.838405
3859.258889,167.877118
3859.629167,167.886797
3860.058611,167.915832
3861.125556,167.92551
3861.356389,168.002937
3861.751944,167.935189
3862.066667,167.944867
3862.404167,167.944867
3862.791667,167.915832
3863.144167,167.993259
3863.4775,167.886797
3863.876111,167.86744
3864.206111,168.041651
3864.556111,168.041651
3864.908889,168.031973
3865.266944,168.022294
3865.614444,168.254575
3866.013333,168.302967
3866.369167,168.254575
3866.758889,168.235219
3867.093611,168.244897
3867.506111,168.244897
3867.901667,168.244897
3868.273333,168.283611
3868.598889,168.22554
3869.286667,168.322324
3869.640833,168.283611
3870.867778,168.341681
3871.208611,168.370716
3871.543611,168.457822
3871.931944,168.670746
3872.274444,168.612676
3873.039722,168.622354
3873.365833,168.496535
3873.754722,168.419108
3875.221944,168.457822
3875.415,168.457822
3875.619167,168.438465
3876.021111,168.419108
3876.396389,168.428786
3876.447778,168.428786
3876.754444,168.380394
3877.09,168.419108
3878.193056,168.448143
3878.808889,168.399751
3879.635278,168.506213
3880.823333,168.380394
3881.156944,168.390073
3881.914722,168.332003
3882.271111,168.361038
3883.019444,168.351359
3883.644167,168.370716
3883.958056,168.390073
3884.271111,168.380394
3885.526944,168.477178
3885.925833,168.390073
3886.266389,168.428786
3886.636111,168.390073
3887.101667,168.351359
3887.494722,168.361038
3888.308611,168.341681
3888.729722,168.351359
3889.090833,168.361038
3889.859167,168.370716
3890.178889,168.380394
3890.4825,168.390073
3890.899444,168.380394
3891.253889,168.341681
3891.923611,168.341681
3892.178889,168.351359
3892.547778,168.322324
3892.978889,168.370716
3893.356944,168.438465
3894.12,168.52557
3894.499722,168.486857
3894.898611,168.419108
3895.272778,168.573962
3895.606944,168.380394
3896.014722,168.390073
3896.521667,168.457822
3896.963611,168.438465
3897.3075,168.419108
3897.969167,168.748173
3898.189167,168.602997
3898.875,168.390073
3899.090833,168.52557
3899.284444,168.448143
3899.480278,168.419108
3899.745278,168.448143
3900.162778,168.486857
3900.366389,168.438465
3900.578056,168.448143
3900.8275,168.506213
3901.042222,168.438465
3901.179722,168.457822
3901.379722,168.486857
3901.608889,168.438465
3901.890833,168.419108
3902.088889,168.438465
3902.49,168.457822
3903.109722,168.428786
3903.348611,168.419108
3903.813333,168.390073
3904.195556,168.370716
3904.401389,168.351359
3905.038611,168.322324
3905.259444,168.341681
3905.441111,168.370716
3905.643333,168.322324
3906.106944,168.312646
3906.258611,168.332003
3906.469722,168.370716
3906.6475,168.419108
3906.764167,168.419108
3906.911389,168.428786
3907.143333,168.583641
3907.310833,168.399751
3907.527778,168.390073
3907.771389,168.390073
3907.829722,168.351359
3908.2925,168.341681
3908.458056,168.293289
3908.646944,168.322324
3908.941944,168.486857
3909.093333,168.332003
3909.8625,168.312646
3910.050833,168.351359
3910.346944,168.341681
3910.813611,168.322324
3911.003889,168.332003
3911.1875,168.332003
3911.411111,168.390073
3911.553333,168.351359
3911.823056,168.341681
3912.034167,168.351359
3913.680556,168.283611
3913.991389,168.332003
3914.439167,168.332003
3914.813056,168.351359
3914.980278,168.351359
3915.406944,168.283611
3915.848056,168.302967
3916.051667,168.332003
3916.231944,168.361038
3916.431667,168.380394
3916.622222,168.380394
3917.2375,168.515892
3917.438611,168.438465
3917.630278,168.428786
3917.935278,168.477178
3918.142222,168.506213
3918.324444,168.448143
3918.541111,168.380394
3918.810556,168.419108
3919.004444,168.457822
3919.199722,168.390073
3919.428333,168.351359
3919.936667,168.448143
3920.133056,168.390073
3920.331944,168.399751
3920.5175,168.390073
3920.791667,168.438465
3921.222222,168.399751
3921.441389,168.341681
3921.617222,168.390073
3921.912778,168.390073
3922.141389,168.351359
3922.289722,168.341681
3922.479167,168.351359
3922.730278,168.322324
3922.958056,168.399751
3923.358611,168.448143
3923.574444,168.390073
3923.846389,168.399751
3924.028333,168.457822
3924.439444,168.438465
3924.800556,168.390073
3925.010556,168.419108
3925.208333,168.390073
3925.356667,168.419108
3925.815833,168.370716
3926.02,168.341681
3926.233611,168.486857
3926.450556,168.457822
3926.635556,168.390073
3926.9125,168.477178
3927.095,168.4675
3927.275833,168.496535
3927.459444,168.535249
3927.758889,168.535249
3928.120833,168.554605
3928.351111,168.544927
3928.543333,168.602997
3928.816944,168.554605
3928.999722,168.602997
3929.204167,168.573962
3929.4125,168.612676
3929.644444,168.593319
3929.927778,168.632033
3930.324444,168.564284
3930.534444,168.602997
3930.7825,168.612676
3930.963611,168.602997
3931.168333,168.612676
3932.146389,168.661068
3932.313889,168.651389
3932.829722,168.670746
3933.045,168.757852
3933.250278,168.690103
3933.781389,168.690103
3934.011111,168.728816
3934.235833,168.728816
3934.4425,168.602997
3934.803611,168.661068
3935.249722,168.641711
3935.443889,168.602997
3935.928056,168.670746
3936.303056,168.573962
3936.501944,168.612676
3936.956667,168.554605
3937.134167,168.593319
3937.332222,168.632033
3937.525278,168.661068
3937.578889,168.661068
3937.908611,168.883671
3937.908889,168.883671
3938.173889,168.777208
3938.369722,168.777208
3938.579167,168.777208
3938.583056,168.738495
3938.891667,168.670746
3939.0975,168.699781
3939.3025,168.777208
3939.96,168.806243
3940.233056,168.699781
3940.468333,168.806243
3940.648056,168.844957
3940.948056,168.806243
3941.134722,168.844957
3941.526667,168.922384
3941.796667,168.70946
3941.993889,168.806243
3942.908333,168.661068
3943.300833,168.632033
3943.5125,168.70946
3944.010278,168.690103
3944.577778,168.554605
3944.830556,168.448143
3945.050833,168.4675
3945.238889,168.52557
3946.533056,168.52557
3947.258889,168.564284
3947.605,168.554605
3948.826389,168.554605
3949.303333,168.535249
3950.545278,168.593319
3950.907778,168.573962
3951.245833,168.535249
3951.601944,168.52557
3951.993333,168.506213
3952.328611,168.506213
3952.743333,168.506213
3953.490833,168.52557
3953.959167,168.651389
3954.333056,168.680424
3954.794444,168.690103
3955.145278,168.670746
3956.288056,168.632033
3956.624167,168.554605
3957.006389,168.670746
3957.4025,168.612676
3957.792778,168.612676
3958.107778,168.699781
3958.449167,168.641711
3958.874722,168.573962
3959.226944,168.583641
3959.9625,168.583641
3960.308333,168.564284
3960.716389,168.612676
3961.073056,168.680424
3961.336944,168.670746
3961.725833,168.719138
3961.966389,168.786887
3962.525833,168.602997
3964.6425,168.593319
3965.058611,168.651389
3965.429167,168.699781
3965.860833,168.690103
3966.209444,168.680424
3967.725833,168.622354
3968.035556,168.602997
3968.746111,168.602997
3968.754167,168.690103
3969.112222,168.728816
3969.455556,168.641711
3969.842778,168.641711
3969.853333,168.641711
3970.207222,168.612676
3971.286944,168.622354
3971.745278,168.622354
3972.086111,168.593319
3972.809722,168.583641
3973.163056,168.583641
3973.900833,168.632033
3974.948611,168.661068
3975.722222,168.583641
3976.070833,168.651389
3976.429722,168.564284
3976.804444,168.622354
3977.154167,168.661068
3977.483333,168.651389
3977.882778,168.632033
3978.598056,168.680424
3979.098056,168.738495
3979.871111,168.719138
3980.222778,168.728816
3980.568333,168.699781
3980.987778,168.757852
3981.323611,168.680424
3982.1275,168.632033
3982.503333,168.699781
3982.957778,168.622354
3983.3125,168.622354
3984.051111,168.690103
3984.404444,168.622354
3984.809722,168.699781
3985.531111,168.738495
3986.623611,168.738495
3987.362222,168.76753
3987.7775,168.76753
3988.096667,168.777208
3988.447778,168.796565
3988.821944,168.757852
3989.175833,168.796565
3989.565833,168.844957
3989.956944,168.922384
3990.321111,168.941741
3990.6375,168.893349
3991.788889,168.951419
3992.125833,168.951419
3992.871389,168.873992
3993.211667,168.864314
3993.522222,168.883671
3993.984167,168.854635
3994.146111,168.864314
3994.333611,168.757852
3994.504722,168.796565
3994.876667,168.786887
3995.12,168.738495
3995.780833,168.854635
3996.022778,168.883671
3996.220556,168.8256
3996.410556,168.854635
3996.559444,168.873992
3996.819722,168.844957
3997.169722,168.922384
3997.386389,168.922384
3997.580278,168.922384
3998.057222,168.970776
3998.231667,168.951419
3998.419722,168.941741
3998.923056,168.999811
3999.255833,168.970776
3999.4225,168.951419
4000.126667,168.980454
4000.270556,168.980454
4000.5125,169.06756
4000.915278,169.028846
4001.256111,169.135309
4001.309444,169.135309
4002.065556,169.00949
4002.352778,168.980454
4002.741667,169.00949
4003.448056,169.038525
4003.865833,169.057882
4004.241667,168.980454
4004.599722,169.048203
4005.002222,169.06756
4005.796389,169.086917
4006.126944,169.028846
4006.486944,168.999811
4006.926944,168.980454
4007.273611,168.941741
4007.611944,168.903027
4008.386667,168.932063
4008.816111,168.990133
4009.466111,168.999811
4010.048611,169.12563
4010.048889,169.12563
4010.543889,169.12563
4010.968611,169.135309
4011.300833,169.222414
4011.622222,169.144987
4012.043611,169.115952
4012.386389,169.154665
4013.162778,169.183701
4014.274444,169.057882
4014.611111,169.019168
4015.02,168.999811
4016.074444,168.951419
4017.494167,169.028846
4017.906389,168.961098
4018.266111,168.970776
4018.606389,168.932063
4018.980556,168.970776
4019.824444,168.980454
4020.198333,169.019168
4020.596389,168.980454
4022.06,169.019168
4022.436111,168.980454
4022.851111,169.106273
4023.197778,169.086917
4023.557222,169.038525
4023.961944,169.057882
4024.221111,169.077238
4024.46,169.048203
4024.856944,169.048203
4025.204444,168.980454
4025.945833,169.086917
4026.2725,169.12563
4027.361111,169.106273
4027.735,169.06756
4028.035,169.057882
4028.376667,169.06756
4028.770556,169.06756
4029.113333,169.038525
4029.449722,169.106273
4029.870556,169.096595
4030.234167,169.096595
4030.994722,169.048203
4031.323889,169.028846
4031.734444,169.106273
4032.497778,169.038525
4032.636389,169.038525
4032.895,169.06756
4033.211944,169.038525
4033.576667,169.12563
4034.0875,169.115952
4034.087778,169.115952
4035.018333,169.183701
4035.366111,169.135309
4035.7625,169.115952
4036.056944,169.144987
4037.067222,169.144987
4037.436667,169.203057
4037.9175,169.222414
4038.591111,169.280484
4038.966667,169.290163
4039.301389,169.241771
4039.624722,169.222414
4040.033611,169.319198
4040.376389,169.36759
4040.759444,169.232093
4041.084722,169.183701
4041.4225,169.154665
4041.835278,169.174022
4042.525833,169.057882
4043.636944,169.038525
4044.022778,169.057882
4044.565,169.106273
4045.373333,169.115952
4045.7725,169.096595
4046.164444,169.106273
4047.273611,169.144987
4047.61,169.057882
4048.3875,169.086917
4049.513889,169.077238
4050.359167,169.115952
4050.755,169.06756
4051.111389,169.077238
4051.456944,169.135309
4052.203333,169.144987
4053.170278,169.212736
4053.929167,169.203057
4054.189722,169.106273
4054.552222,169.212736
4054.964444,169.212736
4055.285278,169.144987
4055.6325,169.174022
4056.018333,169.12563
4056.363056,169.154665
4056.789722,169.222414
4057.133889,169.183701
4057.472222,169.096595
4059.040833,169.193379
4059.731944,169.106273
4060.431389,169.12563
4060.830278,169.203057
4061.493333,169.222414
4061.900833,169.164344
4062.256667,169.203057
4062.5875,169.328876
4062.974167,169.357912
4063.257222,169.357912
4064.014444,169.445017
4064.263333,169.445017
4064.3675,169.348233
4065.447778,169.386947
4066.583333,169.30952
4067.017222,169.30952
4067.378056,169.328876
4067.764722,169.474052
4068.017222,169.338555
4068.392778,169.338555
4069.135833,169.338555
4069.408333,169.36759
4069.819167,169.348233
4070.559722,169.377268
4070.9825,169.222414
4071.364167,169.386947
4071.773056,169.251449
4072.120833,169.42566
4072.513611,169.386947
4072.87,169.406303
4073.139167,169.396625
4073.912222,169.464374
4074.238056,169.522444
4074.885,169.512766
4075.278333,169.512766
4076.724167,169.483731
4077.038611,169.522444
4077.375,169.561158
4077.8,169.580514
4078.128611,169.280484
4078.835833,169.445017
4079.557778,169.435339
4079.933889,169.445017
4080.304722,169.435339
4080.733611,169.445017
4081.067778,169.445017
4081.406944,169.435339
4081.808889,169.474052
4086.062222,169.60955
4086.399444,169.570836
4086.824167,169.599871
4087.458889,169.474052
4087.876389,169.483731
4088.2075,169.406303
4096.835278,181.523644
4097.245,176.994159
4097.743889,175.116552
4098.159167,174.4681
4098.721667,174.4681
4098.889167,173.442191
4099.2075,173.26798
4099.7375,173.26798
4100.036389,172.561458
4100.830556,172.096895
4101.194722,171.990433
4101.551111,171.835579
4101.985278,171.671046
4102.355833,171.564584
4102.774722,171.4678
4103.094167,171.361338
4103.461944,171.283911
4103.844444,171.216162
4104.570278,171.100021
4104.983056,171.003237
4105.261944,170.945167
4106.174444,170.887097
4106.805556,170.838705
4107.166944,170.819348
4107.945278,170.732243
4108.283056,170.732243
4108.623056,170.693529
4109.382222,170.693529
4109.8175,170.693529
4110.176389,170.654815
4110.515556,170.703207
4110.9775,170.693529
4111.356667,170.645137
4111.777778,170.645137
4112.130833,170.596745
4112.466667,170.596745
4113.268611,170.432213
4113.618056,170.403177
4114.039167,170.374142
4114.396389,170.354785
4114.798056,170.296715
4115.18,170.296715
4115.550278,170.287037
4116.32,170.335429
4116.728611,170.26768
4117.004722,170.277358
4117.368611,170.296715
4118.613056,170.248323
4119.321667,170.238645
4119.773056,170.238645
4120.149167,170.238645
4120.983056,170.228966
4121.341389,170.190253
4121.77,170.151539
4122.13,170.141861
4122.891944,170.219288
4123.224167,170.238645
4123.590278,170.20961
4124.003333,170.20961
4124.381111,170.287037
4124.776667,170.20961
4125.100556,170.258002
4125.87,170.219288
4126.200833,170.277358
4126.997778,170.238645
4127.329167,170.335429
4127.773333,170.228966
4128.139167,170.228966
4128.816944,170.228966
4129.173333,170.20961
4129.518889,170.26768
4129.7825,170.26768
4129.9675,170.296715
4130.243889,170.335429
4130.244167,170.335429
4130.782778,170.335429
4131.800833,170.277358
4132.12,170.238645
4132.457222,170.277358
4132.883611,170.277358
4133.586667,170.238645
4135.083056,170.345107
4135.371944,170.383821
4135.790556,170.277358
4136.149167,170.238645
4136.821111,170.141861
4137.186111,170.180574
4137.939722,170.122504
4138.276111,170.151539
4138.606944,170.122504
4139.046944,170.122504
4139.405,170.122504
4139.778056,170.122504
4140.136667,170.141861
4140.891111,170.132183
4141.263333,170.141861
4141.609167,170.103147
4142.002222,170.074112
4143.237222,170.103147
4143.596667,170.103147
4143.977222,170.054755
4144.300278,170.093469
4144.714722,170.083791
4145.017222,170.064434
4146.092778,169.812796
4146.4825,169.870866
4147.214722,169.880544
4147.574722,169.870866
4148.355278,170.016042
4148.754444,169.899901
4149.129167,169.938615
4149.470833,169.948293
4149.857778,169.938615
4150.176111,170.02572
4150.505556,170.006364
4152.096389,169.880544
4152.444444,169.899901
4152.843889,169.861188
4153.2275,169.899901
4153.495833,169.938615
4154.279722,169.948293
4154.923056,169.987007
4155.254722,169.90958
4155.521667,169.977328
4155.970278,169.948293
4156.779444,170.006364
4157.108056,170.074112
4157.46,170.141861
4157.8825,170.228966
4158.264167,170.26768
4158.585556,170.228966
4159.357222,170.258002
4159.791667,170.151539
4160.124167,170.112826
4160.4775,170.035399
4160.935,170.074112
4161.284722,170.074112
4161.744444,170.016042
4162.189722,169.948293
4162.514444,169.987007
4162.9625,169.987007
4163.302222,169.987007
4163.308333,169.957972
4164.13,169.987007
4164.365,169.987007
4165.250556,169.899901
4166.051667,169.928936
4166.395,169.977328
4166.799167,169.90958
4167.253333,169.90958
4168.389444,169.957972
4168.833333,169.928936
4169.198611,169.899901
4169.767222,169.977328
4170.142778,169.938615
4170.550556,169.938615
4170.987222,169.96765
4171.368611,170.083791
4172.510556,169.987007
4172.9625,169.977328
4173.797778,170.045077
4174.475,170.016042
4174.890556,169.948293
4175.245833,169.996685
4175.631111,169.987007
4176.044444,169.899901
4176.393611,169.948293
4176.835556,169.90958
4177.219444,170.016042
4177.606944,170.02572
4178.013611,170.035399
4179.094722,170.02572
4179.478333,169.96765
4179.889167,169.938615
4180.266944,170.006364
4180.608333,169.938615
4181.044722,169.977328
4181.433889,169.96765
4181.836944,170.035399
4182.590833,170.054755
4183.021389,169.987007
4183.3775,170.132183
4183.759444,170.074112
4184.136944,169.996685
4184.450556,170.045077
4184.873333,169.987007
4185.251111,170.006364
4185.629444,169.977328
4186.388333,169.957972
4186.86,169.96765
4187.125278,169.987007
4187.473889,169.957972
4188.574167,169.899901
4188.955833,169.928936
4190.065833,170.054755
4190.4175,169.987007
4190.799722,169.957972
4191.160556,169.96765
4191.508611,169.880544
4191.904444,169.938615
4192.266111,169.987007
4192.603333,169.870866
4192.998889,169.880544
4193.7525,169.861188
4194.471944,169.899901
4194.856389,169.96765
4195.559722,169.880544
4196.019167,169.977328
4196.1875,169.977328
4196.3875,170.006364
4196.786944,169.996685
4197.177222,170.006364
4197.218889,170.006364
4197.491389,169.96765
4197.928333,169.890223
4198.616111,169.928936
4199.057778,169.841831
4199.779444,169.841831
4200.448889,169.812796
4200.866389,169.803117
4201.216944,169.812796
4201.601944,169.793439
4203.430833,169.880544
4204.204722,169.861188
4204.529444,169.851509
4204.950556,169.841831
4205.305278,169.890223
4205.643056,169.851509
4206.033611,169.899901
4207.504722,170.035399
4207.904444,170.093469
4208.218889,169.996685
4208.581389,170.02572
4209.386389,170.112826
4209.830833,169.890223
4210.176667,169.948293
4210.539722,169.861188
4210.9425,169.977328
4211.378611,169.948293
4211.804444,169.928936
4212.501944,169.899901
4212.881667,169.987007
4213.26,170.035399
4213.968333,170.074112
4214.310833,170.016042
4214.631667,169.977328
4215.0375,170.006364
4215.386667,170.016042
4215.772778,170.016042
4216.178889,170.016042
4216.515278,169.996685
4217.286944,169.987007
4217.730278,170.074112
4218.119722,169.996685
4218.355278,170.035399
4219.115278,170.093469
4219.898056,170.122504
4220.594167,170.103147
4221.048611,170.074112
4222.303611,170.064434
4222.720833,170.006364
4223.118333,170.02572
4223.420278,170.093469
4223.807778,170.103147
4224.998333,170.006364
4225.583056,169.987007
4227.252778,170.151539
4227.520833,170.151539
4227.594722,170.083791
4227.983333,170.112826
4228.594167,170.112826
4228.770833,170.122504
4229.163056,170.199931
4229.508611,170.190253
4229.909722,170.258002
4230.942778,170.258002
4231.273056,170.277358
4231.595278,170.248323
4232.265556,170.199931
4232.629167,170.083791
4233.0475,170.02572
4233.755,170.035399
4234.084722,169.987007
4234.422778,169.996685
4234.831667,169.977328
4235.189167,169.957972
4235.515278,169.996685
4236.069444,169.90958
4236.38,169.861188
4236.708611,169.880544
4237.065556,169.832153
4237.413611,169.832153
4238.9375,169.890223
4239.263333,169.861188
4239.6125,169.822474
4240.363056,169.841831
4241.133056,169.783761
4241.493889,170.006364
4242.323056,169.851509
4242.731944,169.938615
4243.138889,169.832153
4243.462222,169.938615
4244.224444,169.90958
4244.558611,170.045077
4244.941389,169.841831
4245.305,169.870866
4245.614167,169.870866
4246.014167,169.957972
4247.365556,170.083791
4247.744167,169.957972
4248.1375,170.054755
4248.505,170.122504
4248.895278,170.083791
4249.200278,170.045077
4249.921944,170.141861
4250.323889,170.122504
4251.350833,169.977328
4251.763333,170.258002
4252.098611,170.228966
4252.421944,170.238645
4252.835833,170.199931
4253.543056,170.228966
4254.288333,170.26768
4254.626667,170.248323
4255.034167,170.170896
4255.3475,170.161218
4256.46,170.122504
4256.877222,170.20961
4257.229444,170.238645
4257.573889,170.219288
4257.960833,170.035399
4258.271389,170.141861
4259.010556,170.103147
4259.258056,170.103147
4259.370833,170.170896
4259.771111,170.151539
4260.124167,170.006364
4260.265833,170.006364
4260.386667,169.96765
4260.564444,169.977328
4260.9875,169.812796
4261.334167,169.783761
4261.757222,169.793439
4262.110278,169.812796
4262.446944,169.870866
4263.177778,169.803117
4263.495,169.832153
4263.925,169.899901
4264.283333,169.890223
4265.023333,169.948293
4265.761667,169.928936
4266.104444,169.948293
4266.338611,169.987007
4266.727222,169.90958
4267.821944,169.96765
4268.193056,169.957972
4268.552778,169.977328
4268.976944,169.870866
4269.151389,169.957972
4269.909167,169.987007
4270.261389,169.96765
4270.611944,169.996685
4271.033056,169.861188
4271.386667,169.96765
4271.781667,169.957972
4272.143056,169.832153
4272.510278,169.948293
4272.959444,169.851509
4274.073611,169.957972
4274.461111,170.141861
4275.500278,170.132183
4276.026667,169.948293
4276.761944,169.96765
4277.120278,170.045077
4278.106944,169.938615
4278.409167,169.996685
4278.783056,169.96765
4279.457778,170.035399
4280.205833,169.880544
4280.552222,169.948293
4280.936944,169.822474
4281.718056,169.90958
4282.061944,169.793439
4282.795,169.793439
4283.168056,169.812796
4283.516389,169.851509
4283.903889,169.735369
4284.271111,169.745047
4285.395556,169.696655
4285.705,169.735369
4286.016944,169.657942
4286.365833,169.657942
4286.748889,169.619228
4287.094722,169.590193
4287.444722,169.599871
4287.848889,169.638585
4288.564167,169.706333
4288.950278,169.677298
4289.292778,169.638585
4290.108889,169.657942
4290.478333,169.638585
4290.899167,169.638585
4290.906389,169.764404
4291.638611,169.793439
4291.954444,169.793439
4292.078056,169.735369
4293.603889,169.735369
4294.015833,169.754725
4294.290278,169.696655
4294.718889,169.657942
4295.058889,169.696655
4295.413056,169.832153
4295.847222,169.841831
4296.214722,169.851509
4296.601389,169.880544
4296.965833,169.861188
4297.324167,169.880544
4297.732778,169.996685
4298.006111,169.948293
4298.965,170.093469
4299.353333,170.064434
4299.745,170.161218
4300.093056,170.045077
4300.433056,170.083791
4300.835,170.258002
4301.189444,170.122504
4301.566944,170.316072
4301.96,170.228966
4302.333889,170.248323
4302.738333,170.141861
4303.109167,169.977328
4303.480556,170.074112
4304.298611,170.083791
4304.606667,170.064434
4305.056667,170.006364
4305.435556,169.957972
4305.816111,169.987007
4306.052222,169.928936
4306.431389,170.045077
4306.791667,169.957972
4307.146944,169.938615
4308.255278,169.957972
4308.5,169.977328
4308.909444,169.996685
4309.2875,169.890223
4309.653056,170.035399
4310.051667,169.890223
4310.855833,169.890223
4311.188056,169.870866
4311.518611,169.996685
4312.316667,169.803117
4312.605556,169.841831
4313.047778,169.948293
4313.749722,169.957972
4314.127222,169.957972
4314.491667,169.938615
4314.888056,170.054755
4315.296667,170.016042
4315.628611,170.016042
4316.024444,170.006364
4316.403611,170.074112
4316.795,170.02572
4317.130833,170.035399
4317.851111,170.103147
4318.586667,170.103147
4319.339167,170.083791
4319.738889,170.016042
4320.083333,170.074112
4320.419722,170.045077
4321.516944,170.161218
4321.916389,170.132183
4322.446389,170.277358
4322.5525,170.277358
4323.051389,170.364464
4323.573889,170.364464
4323.820556,170.258002
4324.911667,170.32575
4325.292222,170.170896
4326.034722,170.277358
4326.461944,170.258002
4326.877778,170.258002
4327.227778,170.170896
4327.611389,170.132183
4328.328611,170.26768
4328.755278,170.122504
4329.098611,170.180574
4329.467222,170.112826
4329.902778,170.132183
4330.280556,170.083791
4330.588056,170.170896
4330.999444,170.199931
4331.318056,170.054755
4331.7375,170.103147
4332.221944,170.045077
4333.010556,170.02572
4333.350833,170.122504
4334.0725,170.170896
4335.617778,169.948293
4336.002222,169.96765
4336.335556,170.083791
4337.148056,170.083791
4337.513889,170.112826
4337.959444,170.074112
4338.627222,170.006364
4339.075278,170.093469
4339.450833,170.006364
4339.891111,170.02572
4340.271111,170.035399
4340.655556,170.045077
4341.458333,170.093469
4341.851944,170.064434
4342.228056,170.161218
4342.528056,170.064434
4343.310556,170.054755
4343.606111,170.045077
4344.011667,170.035399
4345.100278,170.045077
4345.455278,170.035399
4345.866667,170.112826
4346.549444,170.132183
4347.328611,170.383821
4347.744444,170.20961
4348.438611,170.180574
4348.834444,170.093469
4349.152778,170.122504
4349.505556,170.199931
4350.613889,170.132183
4351.073056,170.248323
4351.440556,170.151539
4351.824167,170.190253
4352.179444,170.238645
4352.417222,170.151539
4352.7825,170.064434
4353.158611,170.054755
4353.944167,170.045077
4354.297222,170.074112
4354.644722,170.02572
4355.060833,170.074112
4355.425556,170.02572
4356.192778,170.045077
4356.436944,170.045077
4356.554167,169.938615
4356.956389,170.083791
4357.330556,170.02572
4357.485278,170.02572
4358.403056,169.90958
4359.906667,169.774082
4360.244722,169.754725
4360.591944,169.764404
4361.383056,169.832153
4361.775833,169.793439
4362.114444,169.803117
4362.871111,169.793439
4363.868889,169.841831
4364.258333,169.851509
4364.625833,169.841831
4365.05,169.861188
4365.403056,169.851509
4366.120278,169.841831
4367.448889,169.803117
4367.846111,169.899901
4368.512778,169.880544
4368.952222,170.045077
4369.764722,169.957972
4370.156111,169.987007
4372.2975,169.987007
4372.737222,170.054755
4373.075,170.112826
4373.423333,170.132183
4373.805833,170.122504
4374.196111,170.035399
4374.5425,170.035399
4374.953333,170.103147
4375.319444,170.141861
4375.741389,170.093469
4376.089444,170.141861
4376.4225,170.083791
4376.835556,170.161218
4377.189444,170.064434
4377.551944,170.141861
4378.610556,169.96765
4378.999444,170.054755
4379.360278,170.045077
4379.769167,170.083791
4380.880556,170.141861
4381.531667,170.141861
4382.246389,170.093469
4382.604167,170.074112
4383.005278,170.045077
4383.230833,170.054755
4383.555278,170.093469
4383.967778,170.054755
4384.317778,169.996685
4384.731667,170.074112
4385.801389,170.016042
4386.171667,170.064434
4386.500833,170.093469
4386.909167,170.054755
4387.280833,170.045077
4387.866111,170.045077
4388.077222,170.199931
4388.869444,170.228966
4388.921667,170.228966
4389.243889,170.161218
4389.591111,170.190253
4390.377778,170.132183
4390.778889,170.199931
4391.132778,170.161218
4391.481389,170.190253
4392.998333,170.190253
4393.34,170.248323
4393.729444,170.287037
4394.010278,170.151539
4394.37,170.219288
4395.401111,170.112826
4396.231111,170.180574
4396.589167,170.228966
4396.975,170.238645
4397.334722,170.258002
4398.102778,170.219288
4398.443611,170.26768
4398.834167,170.199931
4399.893611,170.170896
4401.965556,170.151539
4402.362778,170.141861
4402.744722,170.083791
4403.424167,170.151539
4403.799444,170.112826
4404.173611,170.122504
4404.507222,170.190253
4404.898889,170.258002
4405.592222,170.238645
4405.969444,170.180574
4406.301667,170.132183
4406.585,170.190253
4406.977778,170.190253
4407.336944,170.258002
4407.730278,170.141861
4408.088056,170.132183
4408.860833,170.199931
4409.176944,170.141861
4409.508611,170.180574
4409.915833,170.122504
4410.284167,170.248323
4411.052778,170.122504
4411.393611,170.103147
4411.832778,170.083791
4412.194167,170.199931
4412.507222,170.190253
4412.923611,170.20961
4413.533611,170.161218
4413.925278,170.103147
4414.27,170.112826
4414.606667,170.180574
4415.327222,170.112826
4415.714722,170.103147
4416.055556,170.112826
4416.378056,170.045077
4416.748333,170.074112
4417.1125,170.161218
4417.458333,170.190253
4418.198056,170.190253
4418.6,170.26768
4419.204444,170.32575
4419.450556,170.32575
4419.540278,170.248323
4420.509722,170.248323
4420.624444,170.112826
4421.020833,170.296715
4421.723333,170.287037
4422.041944,170.335429
4422.362222,170.287037
4422.641111,170.248323
4423.043611,170.470926
4423.376944,170.451569
4423.783611,170.248323
4424.9025,170.190253
4425.985833,170.20961
4426.352778,170.170896
4426.648056,170.151539
4427.039444,170.161218
4427.403056,170.112826
4428.499167,170.045077
4428.89,170.122504
4429.216111,170.064434
4429.977778,170.170896
4430.3825,170.103147
4431.320556,170.170896
4431.919167,170.132183
4432.2575,170.093469
4433.046111,170.093469
4433.785833,170.112826
4434.144722,170.180574
4434.481389,170.161218
4434.869722,170.228966
4435.265,170.122504
4436.4825,170.122504
4436.848333,170.219288
4437.216389,170.248323
4438.006111,170.093469
4438.344444,170.190253
4438.748333,170.016042
4439.079444,170.228966
4439.4625,170.219288
4439.851667,170.20961
4441.253056,170.20961
4441.547778,170.296715
4441.964722,170.228966
4442.346389,170.180574
4442.614167,170.199931
4443.374444,170.287037
4443.643611,170.32575
4444.376944,170.306394
4444.763611,170.335429
4445.497222,170.32575
4445.92,170.403177
4446.1725,170.461248
4446.481944,170.432213
4446.898333,170.403177
4447.275556,170.441891
4447.623333,170.364464
4448.014167,170.374142
4448.4,170.364464
4449.104167,170.122504
4449.828889,170.277358
4450.578056,170.26768
4450.825556,170.26768
4451.3075,170.296715
4451.779167,170.26768
4451.828611,170.26768
4452.89,170.199931
4454.074167,170.228966
4454.423333,170.228966
4454.821667,170.258002
4455.178333,170.26768
4455.461944,170.26768
4455.748889,170.26768
4456.126667,170.248323
4458.0125,170.296715
4458.361944,170.306394
4458.738889,170.316072
4459.113889,170.374142
4459.459444,170.335429
4459.865,170.364464
4460.244444,170.364464
4460.5625,170.32575
4461.295278,170.296715
4461.723889,170.258002
4462.086667,170.345107
4462.441667,170.296715
4462.865556,170.316072
4463.542778,170.296715
4464.366667,170.219288
4464.763611,170.199931
4465.47,170.248323
4466.217778,170.287037
4466.761667,170.248323
4467.271944,170.277358
4467.635278,170.26768
4468.030278,170.345107
4468.332222,170.345107
4468.741389,170.141861
4469.111389,170.422534
4469.447778,170.335429
4469.819444,170.374142
4470.196389,170.345107
4470.5475,170.345107
4470.9875,170.354785
4471.603056,170.306394
4472.353889,170.316072
4472.769444,170.316072
4473.135833,170.364464
4473.510833,170.306394
4473.849444,170.296715
4474.214167,170.316072
4474.560556,170.219288
4474.943333,170.258002
4476.453056,170.20961
4476.875278,170.258002
4477.208611,170.287037
4477.571111,170.277358
4477.947778,170.248323
4478.621944,170.248323
4479.319444,170.228966
4480.110833,170.074112
4480.484167,170.103147
4480.879444,170.054755
4481.2275,170.093469
4481.447778,170.112826
4481.888056,170.112826
4482.272222,170.190253
4482.336111,170.190253
4482.552222,170.141861
4482.952778,170.132183
4483.337222,170.132183
4483.764722,170.083791
4484.130278,170.083791
4484.928056,170.112826
4485.994444,170.151539
4486.302222,170.132183
4486.724167,170.122504
4488.1375,170.112826
4488.511111,170.083791
4489.489444,170.112826
4489.795,170.093469
4490.529167,170.112826
4490.792778,170.103147
4492.027222,170.083791
4492.347778,170.103147
4492.751111,170.045077
4493.115,170.064434
4493.863333,170.151539
4494.154167,170.20961
4494.490556,170.180574
4494.907222,170.296715
4495.281667,170.374142
4496.001944,170.306394
4497.172222,170.32575
4497.540833,170.190253
4497.940556,169.948293
4498.719444,170.132183
4499.076667,170.161218
4499.850278,170.190253
4500.179167,170.20961
4500.557778,170.190253
4500.996944,170.180574
4501.758611,170.170896
4502.109722,170.248323
4502.476944,170.180574
4503.555,170.190253
4503.938333,170.190253
4504.298056,170.277358
4504.493889,170.277358
4504.634722,170.248323
4505.397778,170.277358
4505.560556,170.277358
4505.774167,170.20961
4506.469167,170.199931
4508.365556,170.180574
4509.423611,170.141861
4509.834444,170.190253
4510.156389,170.180574
4511.276389,170.093469
4511.621389,170.045077
4511.961667,170.064434
4512.318056,170.054755
4512.743056,170.045077
4513.441111,170.093469
4513.838056,170.103147
4514.216389,170.190253
4515.591389,170.199931
4516.017222,170.258002
4517.027778,170.141861
4517.353056,170.016042
4517.744722,170.199931
4518.118333,170.258002
4518.869722,170.296715
4519.193611,170.480604
4519.923889,170.219288
4520.278056,170.199931
4520.636111,170.228966
4521.025278,170.190253
4521.723611,170.20961
4522.061111,170.238645
4522.820556,170.26768
4523.168611,170.26768
4523.519167,170.238645
4524.628611,170.219288
4525.084722,170.219288
4525.428333,170.199931
4526.7325,170.248323
4527.410278,170.26768
4527.812778,170.26768
4528.155278,170.296715
4528.381667,170.238645
4528.805,170.26768
4529.123889,170.26768
4529.480833,170.228966
4530.128611,170.238645
4530.461389,170.20961
4530.865,170.26768
4531.982778,170.258002
4532.323056,170.199931
4533.045,170.190253
4533.396389,170.170896
4533.794444,170.219288
4534.1475,170.180574
4534.492222,170.151539
4534.905,170.132183
4535.234722,170.122504
4535.573889,170.083791
4535.959444,170.199931
4536.252778,170.103147
4536.625556,170.074112
4537.034167,170.093469
4537.410556,170.064434
4537.851667,170.054755
4538.506667,170.045077
4540.600556,170.064434
4541.371667,170.045077
4541.784722,170.02572
4542.106111,170.035399
4542.470278,170.083791
4542.876667,170.132183
4543.241389,170.219288
4543.596944,170.112826
4543.98,170.180574
4544.631667,170.093469
4545.050556,170.093469
4545.369722,170.112826
4545.770556,170.219288
4546.425278,170.035399
4546.801944,170.074112
4547.1275,170.083791
4547.471944,170.103147
4547.9075,170.122504
4548.27,170.064434
4548.605,170.093469
4549.008056,170.045077
4550.098889,170.054755
4550.453056,169.987007
4550.818611,170.006364
4551.059722,170.016042
4551.316111,170.045077
4551.63,170.045077
4551.710278,170.074112
4552.062222,170.112826
4552.383889,170.093469
4552.721111,170.093469
4552.807222,170.064434
4553.841389,170.112826
4554.153611,170.151539
4554.390833,170.141861
4554.779167,170.122504
4555.111667,170.112826
4555.476944,170.122504
4555.915,170.083791
4556.603889,170.083791
4557.019167,170.093469
4557.388056,170.083791
4557.788889,170.122504
4558.506667,170.083791
4559.258056,170.045077
4559.609167,170.054755
4559.986944,170.093469
4560.758611,170.045077
4561.411111,170.045077
4561.824444,170.132183
4562.171389,170.064434
4562.518889,169.987007
4563.546667,170.016042
4563.922778,170.083791
4564.245,170.074112
4564.578056,170.006364
4565.324167,170.122504
4565.759167,170.122504
4566.107222,170.170896
4566.836667,170.180574
4567.229444,170.141861
4567.983056,170.238645
4568.335278,170.180574
4569.127778,170.093469
4569.8475,170.093469
4570.212778,170.054755
4570.566667,170.045077
4571.518611,170.045077
4572.511389,170.006364
4572.893889,170.016042
4573.219167,170.006364
4573.537778,170.016042
4573.955833,170.016042
4574.300278,169.96765
4574.717222,169.996685
4575.306667,170.006364
4575.640278,169.948293
4576.020833,169.987007
4576.347222,169.96765
4576.648056,169.977328
4578.825833,170.045077
4579.171111,170.083791
4579.472222,170.045077
4579.879167,170.074112
4580.632778,170.045077
4581.061944,170.045077
4581.426667,170.093469
4581.850556,170.083791
4582.614444,170.016042
4583.031389,170.02572
4583.094444,170.02572
4583.360833,170.035399
4583.748056,170.035399
4584.098889,170.02572
4584.146389,170.02572
4584.447222,169.948293
4585.239444,169.90958
4585.956389,169.90958
4586.327778,169.899901
4586.844722,169.890223
4587.586111,169.890223
4587.994444,169.977328
4588.5575,169.90958
4589.009167,169.938615
4589.365,169.90958
4589.716944,169.977328
4590.277778,170.006364
4590.617778,170.016042
4591.358611,170.045077
4591.752222,170.006364
4592.750556,169.90958
4593.083889,169.90958
4593.8775,169.90958
4594.605556,169.870866
4595.785556,169.851509
4596.428611,169.841831
4596.788333,169.822474
4597.924722,169.812796
4598.632778,169.803117
4599.032778,169.870866
4599.340833,169.803117
4600.075278,169.851509
4600.853611,169.841831
4601.127778,169.841831
4601.434167,169.812796
4602.205,169.551479
4602.554444,169.561158
4603.596389,169.803117
4604.769167,169.774082
4605.089722,169.803117
4605.44,169.754725
4605.853611,169.783761
4607.0125,169.783761
4607.346389,169.735369
4607.734444,169.66762
4608.076389,169.657942
4608.857778,169.66762
4609.160556,169.628906
4609.453611,169.677298
4609.855556,169.706333
4610.204722,169.638585
4611.608889,169.638585
4611.988333,169.657942
4612.360556,169.638585
4612.783056,169.706333
4613.488056,169.764404
4613.916667,169.832153
4614.313056,169.851509
4614.553889,169.851509
4614.645833,169.841831
4615.475833,169.841831
4615.633056,169.841831
4617.003056,169.706333
4617.357222,169.628906
4617.758333,169.590193
4618.064167,169.628906
4618.386667,169.570836
4618.783889,169.541801
4619.481944,169.512766
4619.928056,169.561158
4620.284167,169.570836
4620.721944,169.580514
4621.085556,169.590193
4621.456389,169.628906
4622.1325,169.599871
4622.468333,169.580514
4623.239444,169.580514
4624.349167,169.512766
4624.763056,169.580514
4625.085833,169.561158
4625.863889,169.532123
4626.191111,169.522444
4626.582222,169.493409
4626.985,169.580514
4627.625556,169.551479
4628.037778,169.628906
4628.387222,169.551479
4628.775833,169.532123
4629.136389,169.551479
4629.480278,169.522444
4629.883611,169.541801
4630.248611,169.522444
4631.019167,169.512766
4631.389167,169.474052
4632.116389,169.454695
4632.963611,169.464374
4634.0875,169.474052
4634.424444,169.454695
4634.910278,169.522444
4635.555833,169.445017
4635.963889,169.512766
4636.736111,169.522444
4637.425556,169.580514
4637.832778,169.580514
4638.182222,169.619228
4638.4875,169.60955
4638.915,169.745047
4640.018611,169.348233
4640.345278,169.454695
4641.054722,169.512766
4641.380833,169.512766
4641.8075,169.522444
4642.150833,169.522444
4642.908611,169.512766
4643.2375,169.474052
4643.574444,169.454695
4643.960833,169.532123
4644.348889,169.493409
4644.758056,169.474052
4645.151944,169.493409
4645.518611,169.561158
4645.787222,169.561158
4645.894167,169.570836
4646.223333,169.503087
4646.554444,169.522444
4646.854167,169.522444
4647.344722,169.386947
4647.774444,169.445017
4648.559444,169.42566
4648.969167,169.493409
4649.65,169.406303
4650.080278,169.445017
4650.440278,169.36759
4650.864444,169.474052
4651.231667,169.377268
4651.595833,169.386947
4652.275278,169.386947
4652.550833,169.338555
4653.332778,169.338555
4654.458056,169.36759
4654.883611,169.36759
4655.246944,169.338555
4656.074722,169.270806
4656.430833,169.222414
4656.793889,169.193379
4657.173056,169.212736
4657.516667,169.222414
4657.905278,169.232093
4658.270556,169.193379
4658.609167,169.174022
4658.961111,169.174022
4659.618333,169.12563
4660.419167,169.174022
4660.851389,169.222414
4661.560833,169.280484
4662.269444,169.299841
4662.712778,169.241771
4663.055,169.396625
4663.389167,169.299841
4663.791111,169.328876
4664.156667,169.396625
4664.521667,169.241771
4664.936944,169.280484
4665.298056,169.183701
4665.615556,169.028846
4667.105833,169.154665
4667.832222,169.106273
4668.118056,169.106273
4668.4675,169.096595
4669.250278,169.174022
4669.9625,169.241771
4670.743056,169.174022
4671.100278,169.164344
4671.830833,169.203057
4672.203056,169.203057
4672.586389,169.135309
4673.013056,169.154665
4673.728056,169.12563
4674.083333,169.154665
4674.458056,169.115952
4674.859444,169.135309
4675.238889,169.077238
4675.608056,169.06756
4676.004722,169.115952
4676.337222,169.057882
4676.728889,169.028846
4677.011667,169.12563
4677.27,169.12563
4677.349444,169.077238
4678.128056,169.077238
4678.277222,169.077238
4678.826389,168.990133
4679.149722,168.980454
4680.302778,168.903027
4680.733611,168.903027
4681.096111,168.941741
4681.848333,168.922384
4682.191111,168.922384
4682.550833,168.932063
4683.601111,168.903027
4684.005833,168.961098
4685.115556,169.00949
4685.449167,168.922384
4685.846944,168.922384
4686.220556,168.990133
4686.566944,168.922384
4686.937222,168.873992
4687.648889,168.932063
4688.075556,168.941741
4688.430556,168.970776
4688.819722,168.990133
4689.158611,168.999811
4689.747222,168.951419
4690.136667,168.864314
4690.515833,168.844957
4690.906389,168.893349
4691.222778,168.864314
4691.569167,168.873992
4691.990833,168.932063
4692.373056,168.854635
4692.773333,168.873992
4693.128889,168.873992
4693.937778,168.873992
4694.3225,168.835279
4694.992222,168.893349
4695.443056,168.8256
4695.885833,168.796565
4697.056667,168.777208
4697.4125,168.748173
4697.837222,168.719138
4698.194444,168.777208
4698.558056,168.757852
4698.993333,168.815922
4699.3325,168.806243
4699.755556,168.76753
4700.504722,168.728816
4700.857222,168.728816
4701.231667,168.719138
4701.991111,168.835279
4702.374167,168.76753
4702.7875,168.835279
4703.158333,168.777208
4703.504167,168.757852
4703.910278,168.786887
4704.636389,168.738495
4705.068056,168.738495
4705.420278,168.690103
4706.18,168.70946
4706.5325,168.670746
4716.984444,168.690103
4717.295,168.670746
4717.448611,168.670746
4717.713333,168.661068
4718.400556,168.612676
4718.453611,168.612676
4719.424444,168.554605
4719.8175,168.602997
4720.365556,168.573962
4720.794167,168.544927
4721.1275,168.602997
4721.5025,168.583641
4721.937778,168.612676
4722.648611,168.593319
4723.346944,168.622354
4723.736667,168.612676
4724.086111,168.573962
4724.45,168.544927
4725.606111,168.602997
4726.012222,168.602997
4726.375556,168.535249
4727.105278,168.486857
4727.440833,168.438465
4728.591389,168.332003
4729.024444,168.438465
4729.762778,168.370716
4730.4025,168.312646
4730.784444,168.332003
4731.008611,168.361038
4731.744444,168.283611
4732.102222,168.361038
4732.443056,168.273932
4732.778333,168.302967
4733.146111,168.361038
4733.404722,168.341681
4734.149444,168.361038
4735.133889,168.361038
4735.472222,168.302967
4736.209722,168.302967
4736.492778,168.254575
4737.218889,168.264254
4737.549167,168.215862
4737.931111,168.273932
4738.094167,168.254575
4738.327778,168.206183
4738.715,168.206183
4739.062778,168.254575
4740.049444,168.22554
4741.200556,168.22554
4741.974722,168.264254
4742.306944,168.235219
4742.652222,168.186827
4743.079167,168.235219
4743.43,168.177148
4744.218056,168.215862
4744.971667,168.293289
4746.055556,168.22554
4746.773889,168.138435
4748.147778,168.215862
4748.521111,168.177148
4749.4325,168.177148
4750.034167,168.244897
4750.359722,168.206183
4750.449444,168.206183
4750.751389,168.119078
4750.989722,168.119078
4751.3375,168.080364
4751.733889,168.061008
4752.091389,168.031973
4752.414722,168.138435
4753.215833,168.177148
4753.5275,168.090043
4753.932222,168.128756
4754.278333,168.051329
4754.617222,168.031973
4755.059167,168.090043
4755.774444,168.031973
4756.444444,168.022294
4756.888333,168.051329
4757.221111,168.041651
4757.562778,168.031973
4757.946389,168.1094
4758.611944,168.1094
4759.409167,168.235219
4759.791111,168.22554
4760.094722,168.206183
4760.811667,168.080364
4761.154722,168.080364
4761.483056,168.090043
4762.260556,168.061008
4763.025,168.099721
4763.713056,168.051329
4764.358889,168.051329
4764.766944,168.070686
4765.068333,168.061008
4765.801111,168.041651
4766.455,168.051329
4766.8425,168.041651
4767.9,168.061008
4768.264444,168.002937
4768.637778,168.002937
4769.353056,167.983581
4770.062222,168.051329
4770.390833,167.954545
4770.780278,168.012616
4771.125278,168.022294
4771.485833,167.92551
4772.09,168.002937
4772.371111,167.964224
4772.760278,167.954545
4773.818056,167.886797
4774.466667,167.86744
4774.865278,167.877118
4775.513056,167.86744
4775.868611,167.548053
4777.315556,167.402877
4777.606667,167.383521
4777.976944,167.402877
4778.309722,167.383521
4778.631667,167.383521
4779.103611,167.393199
4779.578333,167.364164
4779.97,167.354485
4780.315556,167.296415
4780.619167,167.296415
4781.006111,167.277058
4781.344722,167.277058
4781.752778,167.344807
4782.423889,167.296415
4783.198056,167.393199
4783.539722,167.315772
4783.932222,167.373842
4784.3075,167.335129
4784.557222,167.315772
4784.866389,167.315772
4785.177778,167.306093
4785.505556,167.32545
4785.815,167.32545
4785.895556,167.32545
4786.249444,167.277058
4786.618889,167.248023
4786.876111,167.248023
4787.365278,167.199631
4787.818056,167.170596
4788.186944,167.102847
4788.503889,167.151239
4789.228611,167.093169
4789.589722,167.073812
4790.037778,167.20931
4790.351389,167.170596
4790.733611,167.20931
4791.3975,167.141561
4792.165556,167.122204
4792.516389,167.131883
4792.928333,167.151239
4793.295,167.073812
4793.727778,167.093169
4794.073056,167.131883
4794.428889,167.064134
4795.841389,167.170596
4796.182222,167.141561
4796.519167,167.073812
4796.950278,167.093169
4797.002222,167.093169
4797.348889,167.073812
4798.009444,167.083491
4798.296944,167.064134
4798.608889,167.035099
4798.986111,167.083491
4799.297222,167.064134
4799.586111,167.015742
4799.971667,167.006063
4800.29,167.006063
4800.608333,166.96735
4800.944444,166.986707
4801.279167,166.986707
4801.605833,166.986707
4802.005278,166.986707
4802.351389,166.947993
4802.604722,166.947993
4803.112778,166.870566
4803.646667,166.880244
4804.016389,166.928636
4804.345278,166.880244
4804.743056,166.938315
4805.05,166.977028
4806.175556,167.006063
4806.483333,167.015742
4806.8975,167.044777
4807.59,166.986707
4807.987778,167.044777
4808.316111,166.986707
4808.643889,166.96735
4809.041111,167.044777
4809.167778,167.015742
4809.818056,166.947993
4810.103056,166.96735
4810.399444,166.938315
4811.146111,166.938315
4811.480833,166.938315
4811.8725,166.918958
4812.198889,166.977028
4812.522222,166.986707
4812.937778,166.986707
4813.593333,166.96735
4813.975833,166.986707
4815.400278,166.986707
4815.801389,167.044777
4816.127222,167.015742
4816.4725,166.96735
4816.886389,166.899601
4817.564444,166.889923
4817.933333,166.938315
4818.574722,166.851209
4819.048889,166.977028
4819.209167,166.977028
4819.394444,166.96735
4819.802778,167.006063
4820.123333,166.986707
4820.301944,166.986707
4820.855278,166.851209
4821.197778,166.841531
4821.521111,166.831853
4821.9075,166.841531
4822.291111,166.831853
4822.610556,166.841531
4823.025556,166.889923
4823.380833,166.802817
4823.753056,166.783461
4824.069444,166.764104
4824.351389,166.735069
4825.093611,166.72539
4825.406667,166.706033
4825.807778,166.715712
4826.145556,166.754425
4826.853056,166.715712
4827.149167,166.72539
4828.082778,166.706033
4828.431667,166.715712
4828.763611,166.773782
4829.461667,166.773782
4829.849444,166.822174
4830.205278,166.831853
4830.533611,166.860888
4831.220278,166.938315
4831.549444,166.880244
4831.906944,166.889923
4832.193333,166.822174
4833.205278,166.580214
4833.517222,166.580214
4833.921667,167.044777
4834.265556,167.170596
4834.644167,167.20931
4835.039167,167.228666
4835.398611,167.218988
4835.763333,167.286737
4836.116389,167.248023
4836.470278,167.180274
4836.958611,167.248023
4838.046389,167.306093
4838.745833,167.189953
4839.073611,167.257702
4839.492222,167.199631
4839.903611,167.160918
4840.2425,167.151239
4840.5725,167.122204
4841.650833,167.112526
4842.048611,167.170596
4844.709167,167.054455
4845.057222,167.006063
4845.346389,166.986707
4846.084444,167.073812
4846.4225,167.02542
4846.823611,167.02542
4847.176944,166.977028
4847.548611,166.928636
4847.916667,166.928636
4848.2775,166.928636
4848.603889,166.880244
4849.002222,166.889923
4849.263056,166.802817
4850.371667,166.851209
4850.841389,166.793139
4851.190556,166.764104
4851.910278,166.72539
4852.233611,166.773782
4852.570278,166.812496
4853.329722,166.802817
4853.724167,166.812496
4854.039444,166.773782
4854.353333,166.802817
4854.726667,166.851209
4855.086389,166.928636
4855.408333,166.851209
4855.771944,166.938315
4856.102222,166.870566
4856.445278,166.783461
4857.194722,166.793139
4858.235278,166.783461
4858.577778,166.764104
4858.962778,166.764104
4859.2625,166.735069
4859.868333,166.735069
4860.211389,166.72539
4860.470278,166.560858
4861.183056,166.696355
4861.489167,166.686677
4861.859167,166.66732
4862.1725,166.72539
4863.296389,166.831853
4863.475,166.831853
4863.99,166.744747
4864.348611,166.773782
4864.498889,166.773782
4864.595,166.744747
4864.970833,166.715712
4865.342778,166.706033
4865.726111,166.696355
4866.038611,166.696355
4866.404444,166.657642
4866.8125,166.66732
4867.496944,166.647963
4867.864722,166.66732
4868.524444,166.589893
4868.952222,166.647963
4869.325833,166.599571
4870.060556,166.599571
4870.423056,166.531822
4870.802222,166.483431
4871.118889,166.522144
4871.451667,166.464074
4872.22,166.473752
4872.564167,166.483431
4873.650556,166.454395
4874.751111,166.376968
4875.265,166.36729
4876.0575,166.347933
4876.395278,166.328576
4876.793611,166.357612
4877.123611,166.318898
4877.443611,166.347933
4877.827222,166.376968
4878.562222,166.444717
4878.951111,166.444717
4879.549444,166.464074
4879.94,166.560858
4880.277222,166.541501
4880.641111,166.589893
4881.755556,166.493109
4882.018889,166.464074
4882.373056,166.42536
4882.753611,166.376968
4883.094722,166.36729
4883.469722,166.36729
4883.878889,166.289863
4884.205556,166.338255
4884.536944,166.318898
4884.969444,166.289863
4885.246667,166.299541
4885.585833,166.338255
4886.013056,166.357612
4886.370278,166.357612
4886.775,166.338255
4887.151111,166.299541
4887.498889,166.30922
4887.891667,166.251149
4888.256111,166.00919
4888.565,166.30922
4889.007778,166.299541
4889.365,166.318898
4889.771944,166.357612
4890.115833,166.328576
4890.484722,166.347933
4890.901111,166.338255
4891.928333,166.386647
4892.237222,166.386647
4892.558333,166.415682
4892.9475,166.435039
4893.238611,166.357612
4894.262778,166.270506
4895.291944,166.280184
4895.385278,166.280184
4895.601389,166.260828
4896.02,166.251149
4896.486111,166.251149
4896.487778,166.231792
4896.913889,166.164044
4897.568889,166.086617
4897.948056,166.144687
4898.304167,166.12533
4898.756667,166.173722
4899.300833,166.144687
4900.218611,166.105973
4900.522222,166.028546
4901.254722,165.980154
4901.625556,165.999511
4902.012778,166.057582
4902.331667,166.086617
4902.746944,166.115652
4902.983333,166.202757
4903.375,166.144687
4903.7675,166.183401
4904.104722,166.06726
4904.447222,166.115652
4904.816944,166.096295
4905.178056,166.144687
4905.431389,166.086617
4907.146944,165.999511
4907.505278,165.931762
4907.900833,165.922084
4908.298333,165.980154
4908.6325,165.970476
4909.323333,166.00919
4909.625556,165.989833
4909.962222,166.018868
4910.320278,165.980154
4910.738889,166.018868
4911.304444,165.970476
4911.569722,167.441591
4911.845278,166.241471
4912.185,165.786587
4912.489444,165.593019
4912.848889,165.641411
4913.165833,165.641411
4913.468889,165.612376
4913.838056,165.505913
4914.161944,165.593019
4914.4375,165.515592
4914.808611,165.52527
4915.099444,165.496235
4915.375833,165.418808
4915.750556,165.360738
4916.0625,165.505913
4916.39,165.389773
4916.793333,165.331702
4917.413611,165.583341
4917.764722,165.534949
4918.035833,165.583341
4918.819722,165.476878
4919.139444,165.273632
4919.427222,165.4672
4919.715833,165.370416
4920.006667,165.380094
4920.719444,165.399451
4921.054444,165.447843
4921.373889,165.418808
4921.741111,165.428486
4922.023611,165.418808
4922.764722,165.360738
4923.065278,165.360738
4924.051389,165.380094
4924.379444,165.322024
4924.763611,165.370416
4925.103333,165.380094
4925.444444,165.322024
4925.811111,165.370416
4926.114722,165.399451
4926.809444,165.399451
4927.101389,165.399451
4927.1075,165.515592
4927.422222,165.476878
4927.772778,165.486557
4928.068889,165.622054
4928.126111,165.622054
4928.388611,165.418808
4928.7325,165.331702
4929.022222,165.399451
4929.394444,165.322024
4930.073611,165.370416
4930.861667,165.418808
4931.187778,165.389773
4931.983611,165.302667
4932.336944,165.244597
4932.753056,165.234919
4933.126111,165.22524
4933.448056,165.205883
4933.825833,165.273632
4934.195833,165.273632
4934.567222,165.22524
4935.051111,165.273632
4935.436944,165.205883
4935.837222,165.215562
4937.025556,165.22524
4937.364167,165.196205
4937.760556,165.205883
4938.140833,165.205883
4938.465833,165.147813
4938.835,165.196205
4939.605556,165.176848
4940.005833,165.176848
4940.356111,165.215562
4940.856111,165.176848
4941.238333,165.196205
4941.596111,165.176848
4941.983889,165.215562
4942.344167,165.205883
4942.746944,165.1091
4943.072778,165.118778
4943.4475,165.1091
4944.179167,165.060708
4944.921111,165.021994
4945.265,164.954245
4945.613056,164.992959
4946.338611,165.041351
4947.096389,164.992959
4947.320278,164.992959
4948.224444,164.954245
4948.972222,164.973602
4949.333611,165.012316
4949.728889,165.012316
4950.327778,165.012316
4950.729444,165.060708
4951.052222,165.080064
4951.382222,165.060708
4951.8225,165.080064
4953.583333,165.118778
4953.971389,165.138135
4954.2575,165.1091
4955.022222,165.080064
4956.869167,165.080064
4957.190556,165.080064
4957.895556,165.070386
4958.2425,165.1091
4958.516944,165.1091
4958.600278,165.128456
4959.374722,165.147813
4959.549722,165.147813
4959.797778,165.118778
4960.166944,165.089743
4960.498056,165.099421
4960.921944,165.051029
4961.238056,165.031672
4961.5525,165.051029
4962.233889,165.002637
4962.579167,164.886497
4962.9825,164.915532
4963.268889,164.876818
4963.911389,164.92521
4964.2125,164.86714
4964.546667,164.876818
4965.242222,164.838105
4965.886111,164.915532
4966.203611,164.886497
4966.947222,164.876818
4967.713056,164.799391
4968.491667,164.760678
4969.971111,164.750999
4970.294722,164.741321
4970.615278,164.702607
4970.992222,164.712286
4971.4425,164.673572
4971.442778,164.673572
4971.9325,164.712286
4972.297222,164.683251
4972.630278,164.721964
4973.363333,164.741321
4973.765278,164.780034
4974.0875,164.750999
4974.406111,164.760678
4974.781111,164.828426
4975.784722,164.983281
4980.591667,164.741321
4981.011944,164.741321
4981.333056,164.721964
4982.077778,164.741321
4982.398611,164.731642
4982.8275,164.741321
4983.525,164.586467
4983.925556,164.518718
4984.603889,164.538075
4984.955833,164.528396
4985.295278,164.499361
4985.628611,164.518718
4986.080278,164.480004
4986.37,164.470326
4986.7775,164.470326
4987.095556,164.383221
4987.421944,164.450969
4987.81,164.363864
4988.189722,164.363864
4988.513056,164.383221
4988.898611,164.392899
4989.2025,164.354185
4989.539444,164.480004
4989.745556,164.480004
4989.928333,164.480004
4990.578889,164.470326
4990.776389,164.470326
4990.919722,164.421934
4991.267778,164.276758
4991.595278,164.315472
4991.981111,164.305793
4992.634444,164.238045
4993.038611,164.26708
4993.388611,164.257402
4993.78,164.20901
4994.124167,164.189653
4994.429722,164.228366
4995.151111,164.218688
4996.198611,164.257402
4996.525278,164.20901
4996.913333,164.26708
4997.526944,164.238045
4997.916389,164.26708
4998.243611,164.344507
4998.540556,164.373542
4998.883056,164.363864
4999.229444,164.470326
4999.947222,164.334829
5000.267222,164.238045
5000.608611,164.20901
5000.981944,164.20901
5001.938889,164.160618
5002.275556,164.179974
5002.593611,164.092869
5002.990833,164.189653
5003.312778,164.150939
5003.614444,164.170296
5004.357222,164.150939
5004.746389,164.102547
5005.096944,164.073512
5005.97,164.160618
5006.329444,164.160618
5006.65,164.121904
5007.010833,164.131582
5007.323333,164.112226
5008.401667,164.063834
5008.806389,164.073512
5009.160833,164.092869
5009.493333,164.102547
5009.879444,164.083191
5010.216667,164.044477
5010.524722,164.092869
5010.884444,164.063834
5011.208889,164.02512
5011.4725,164.005763
5011.908611,164.005763
5012.511667,164.044477
5012.851944,164.044477
5013.179167,164.015442
5013.465833,164.102547
5013.866944,164.034799
5014.170833,164.044477
5014.504167,164.044477
5014.903056,164.015442
5015.225278,164.02512
5015.58,163.986407
5015.988889,163.918658
5016.335,163.918658
5016.614444,163.96705
5016.986389,163.889623
5017.292778,163.889623
5017.618333,163.889623
5017.9875,163.870266
5018.329444,163.879944
5018.999167,163.90898
5019.438611,163.947693
5019.981667,163.879944
5021.026944,163.889623
5021.18,163.889623
5021.344444,163.957372
5021.608333,163.928336
5021.986389,163.957372
5022.218611,163.957372
5022.309722,163.947693
5022.629167,163.938015
5023.028056,163.976728
5023.755556,163.918658
5024.594167,163.889623
5024.946389,163.879944
5025.296667,163.841231
5025.603056,163.938015
5026.288056,163.812196
5027.018889,163.879944
5027.325833,163.802517
5027.718056,163.734769
5028.066111,163.792839
5028.344444,163.754125
5028.631389,163.783161
5029.035833,163.841231
5029.351944,163.734769
5029.619167,163.802517
5030.333889,163.754125
5030.612778,163.783161
5030.983056,163.773482
5031.311389,163.744447
5031.840278,163.734769
5032.43,163.734769
5032.800833,163.812196
5033.152222,163.744447
5033.915556,163.812196
5034.245278,163.831552
5034.556111,163.754125
5034.968611,163.850909
5035.302222,163.754125
5035.601944,163.812196
5035.975,163.734769
5036.3,163.783161
5036.640556,163.734769
5037.420278,163.821874
5038.456667,163.657342
5038.854722,163.72509
5039.211944,163.599271
5039.546389,163.599271
5039.937778,163.618628
5040.721667,163.579914
5041.045833,163.628306
5041.396389,163.502487
5041.8,163.560558
5043.268889,163.444417
5043.496389,163.473452
5044.276944,163.454095
5044.609167,163.434739
5044.984167,163.492809
5045.247222,163.434739
5045.573889,163.42506
5045.908611,163.502487
5046.199444,163.463774
5046.503889,163.463774
5046.893056,163.512166
5047.235556,163.521844
5047.556667,163.502487
5047.944722,163.570236
5048.290556,163.60895
5048.6175,163.502487
5049.013889,163.599271
5049.370833,163.550879
5049.628611,163.492809
5050.031944,163.60895
5051.022222,163.570236
5051.343889,163.589593
5051.736667,163.705733
5052.098611,163.66702
5052.416944,163.637985
5052.822222,163.628306
5052.966389,163.628306
5053.172222,163.676698
5053.489167,163.754125
5053.867778,163.90898
5054.216389,163.90898
5054.218333,163.734769
5054.549722,163.589593
5055.111389,163.570236
5055.4375,163.696055
5056.241944,163.763804
5056.599722,163.550879
5056.988056,163.60895
5057.297222,163.599271
5057.581111,163.618628
5057.964722,163.647663
5058.320278,163.628306
5058.729722,163.589593
5059.062778,163.647663
5059.385833,163.618628
5059.782778,163.647663
5060.103056,163.599271
5060.889167,163.521844
5061.215,163.531522
5062.208333,163.454095
5064.381389,163.454095
5065.153056,163.531522
5065.484167,163.357312
5066.206389,163.386347
5066.542222,163.463774
5066.946111,163.376668
5067.257778,163.376668
5067.580556,163.396025
5068.245278,163.454095
5068.586667,163.386347
5069.296944,163.386347
5069.616111,163.463774
5069.999167,163.560558
5070.631944,163.521844
5072.115556,163.773482
5072.455833,163.686377
5072.865,163.696055
5073.5125,163.66702
5074.174722,163.60895
5074.5325,163.599271
5074.9175,163.618628
5075.878611,163.66702
5076.191944,163.628306
5076.505556,163.599271
5076.902222,163.628306
5077.586667,163.570236
5077.921944,163.618628
5078.263611,163.589593
5078.596667,163.579914
5078.963056,163.560558
5079.294444,163.550879
5080.314722,163.550879
5080.645556,163.299241
5081.023611,163.550879
5082.026389,163.541201
5082.367222,163.531522
5083.118611,163.560558
5083.464444,163.502487
5084.609722,163.502487
5084.815,163.454095
5085.124167,163.463774
5085.615556,163.463774
5085.873611,163.521844
5087.851389,163.463774
5088.23,163.396025
5088.539444,163.328276
5088.935556,163.42506
5089.273889,163.454095
5089.572222,163.492809
5089.983889,163.454095
5090.346389,163.444417
5090.59,163.434739
5090.993333,163.483131
5091.342222,163.473452
5092.387778,163.386347
5092.780278,163.36699
5093.388333,163.386347
5093.773333,163.415382
5094.0875,163.463774
5094.399722,163.502487
5094.775278,163.434739
5095.409444,163.550879
5096.875556,163.415382
5097.899722,163.357312
5098.238333,163.376668
5099.270833,163.376668
5099.617222,163.347633
5100.392778,163.328276
5100.79,163.347633
5101.042778,163.328276
5101.719444,163.337955
5102.262222,163.337955
5102.587222,163.357312
5102.976667,163.347633
5103.259722,163.376668
5104.021944,163.337955
5104.360278,163.357312
5104.768611,163.357312
5105.097222,163.318598
5105.473889,163.337955
5105.864167,163.36699
5106.425278,163.521844
5106.782778,163.42506
5107.118889,163.444417
5107.41,163.434739
5108.106944,163.444417
5108.453889,163.434739
5108.860833,163.454095
5109.200556,163.42506
5109.533611,163.434739
5109.924722,163.42506
5110.570833,163.473452
5110.927222,163.454095
5111.264167,163.42506
5111.597222,163.396025
5111.965833,163.386347
5112.299722,163.289563
5112.631667,163.328276
5113.337778,163.299241
5114.022222,163.328276
5114.411944,163.299241
5115.145,163.289563
5115.632778,163.347633
5116.216389,163.347633
5116.276111,163.347633
5116.528611,163.36699
5116.898333,163.357312
5117.231389,163.376668
5117.290833,163.376668
5117.5925,163.318598
5118.635833,163.318598
5119.056667,163.347633
5119.6425,163.318598
5119.971389,163.357312
5120.277778,163.357312
5120.608611,163.318598
5121.729444,163.241171
5122.331944,163.270206
5122.651667,163.241171
5123.069722,163.279884
5123.394167,163.299241
5125.193611,163.212136
5125.488333,163.260528
5125.881389,163.231492
5126.211389,163.221814
5126.53,163.260528
5126.917222,163.231492
5127.252222,163.192779
5127.61,163.241171
5128.010278,163.250849
5128.346389,163.144387
5128.717222,163.289563
5129.046389,163.212136
5129.328056,163.221814
5130.0825,163.231492
5130.442778,163.231492
5131.146667,163.279884
5131.44,163.221814
5132.165833,163.241171
5132.878889,163.144387
5133.215,163.183101
5134.250278,163.173422
5135.252222,163.12503
5135.5625,163.105673
5136.312222,163.086317
5136.724167,163.057281
5137.043056,162.970176
5137.381111,163.057281
5137.751944,163.095995
5138.813889,163.037925
5139.161667,163.057281
5139.616944,163.037925
5140.942222,163.095995
5141.276111,163.076638
5141.615,163.173422
5141.975556,163.173422
5142.330556,163.163744
5142.74,163.134709
5143.052222,163.202457
5143.766389,163.115352
5144.389167,163.057281
5145.133333,163.057281
5145.462778,163.018568
5145.855556,163.028246
5146.167778,163.018568
5147.5575,163.018568
5147.56,163.028246
5147.959444,163.00889
5148.568056,163.00889
5148.716389,162.941141
5149.025,162.912106
5149.357222,162.883071
5150.050278,162.912106
5150.874444,162.950819
5151.540833,162.989533
5152.021944,162.960498
5152.317222,162.892749
5152.761944,162.960498
5153.059167,162.950819
5153.445833,162.912106
5154.48,162.883071
5154.843611,162.815322
5155.221667,162.825
5155.56,162.844357
5155.925833,162.815322
5156.2375,162.786287
5156.536944,162.728216
5156.842222,162.815322
5157.078056,162.795965
5157.435278,162.825
5157.847778,162.844357
5158.147778,162.815322
5158.4525,162.825
5158.824167,162.854035
5159.477222,162.844357
5159.835,162.873392
5160.374167,162.76693
5160.792222,162.795965
5161.141389,162.786287
5161.443333,162.728216
5162.757222,162.786287
5163.065278,162.795965
5163.3825,162.728216
5163.503056,162.699181
5163.503333,162.699181
5164.254722,162.786287
5164.590556,162.728216
5165.525833,162.699181
5166.504167,162.786287
5166.908611,162.873392
5167.249444,162.854035
5167.582222,162.825
5167.954444,162.815322
5168.617222,162.795965
5169.303611,162.795965
5170.026944,162.776608
5170.769167,162.805643
5171.030278,162.776608
5171.361944,162.815322
5171.752778,162.873392
5172.418333,162.757251
5172.814167,162.805643
5173.853889,162.815322
5174.186944,162.786287
5174.526944,162.805643
5174.921111,162.786287
5175.580278,162.747573
5175.97,162.737895
5176.311389,162.670146
5176.630556,162.699181
5177.007222,162.689503
5177.643611,162.737895
5178.300556,162.699181
5178.620556,162.70886
5179.038611,162.699181
5179.376944,162.670146
5180.086944,162.631432
5180.4325,162.602397
5180.8775,162.631432
5181.576389,162.679824
5181.985,162.670146
5182.656944,162.621754
5183.058333,162.554005
5183.401667,162.534649
5183.818333,162.670146
5184.136667,162.631432
5184.476389,162.602397
5184.893611,162.592719
5185.209444,162.563684
5185.528889,162.554005
5185.979722,162.583041
5186.589722,162.563684
5187.650833,162.612076
5189.061389,162.612076
5189.363056,162.612076
5190.107778,162.612076
5190.421667,162.573362
5190.7825,162.679824
5191.135278,162.679824
5191.436389,162.670146
5191.824444,162.679824
5192.177778,162.631432
5192.473333,162.631432
5193.191111,162.612076
5193.538333,162.621754
5193.936111,162.660468
5194.278333,162.631432
5195.021111,162.699181
5195.363333,162.641111
5195.743333,162.650789
5196.062778,162.689503
5197.837222,162.699181
5198.1625,162.660468
5198.515278,162.718538
5198.885833,162.679824
5199.215,162.621754
5199.507222,162.679824
5199.772222,162.660468
5199.945833,162.670146
5200.722778,162.718538
5201.080278,162.689503
5201.356111,162.689503
5201.387222,162.660468
5201.778056,162.76693
5202.397222,162.76693
5202.722778,162.737895
5203.070833,162.699181
5203.731667,162.689503
5204.09,162.699181
5204.453333,162.660468
5204.852222,162.641111
5205.281944,162.670146
5206.583056,162.641111
5207.5425,162.612076
5208.216667,162.52497
5208.486389,162.495935
5208.782222,162.515292
5209.14,162.505613
5209.496944,162.476578
5209.871111,162.52497
5210.109722,162.457221
5210.464167,162.476578
5210.843611,162.476578
5211.216111,162.505613
5211.774167,162.486257
5212.6275,162.40883
5212.947222,162.389473
5213.258889,162.360438
5214.258056,162.40883
5214.601944,162.418508
5214.995556,162.495935
5215.5125,162.4669
5215.904722,162.52497
5216.254167,162.583041
5216.6125,162.583041
5217.026111,162.631432
5217.580833,162.563684
5217.879167,162.544327
5218.217778,162.505613
5218.5175,162.486257
5219.230278,162.52497
5219.550556,162.52497
5219.929167,162.52497
5220.283056,162.505613
5220.582778,162.4669
5221.283333,162.447543
5221.591389,162.447543
5222.259722,162.437865
5222.580833,162.447543
5223.549444,162.4669
5224.221667,162.437865
5224.854444,162.4669
5225.211667,162.447543
5225.515833,162.447543
5225.895,162.4669
5226.254722,162.4669
5226.520833,162.447543
5227.740278,162.428186
5228.061667,162.476578
5228.376667,162.418508
5228.799167,162.360438
5229.416389,162.4669
5229.788333,162.447543
5230.154722,162.428186
5230.86,162.389473
5231.226111,162.350759
5231.571944,162.379794
5232.004722,162.312046
5232.315833,162.283011
5233.025556,162.379794
5233.323889,162.379794
5233.333611,162.350759
5233.643889,162.360438
5234.346667,162.360438
5234.749167,162.321724
5235.079444,162.312046
5235.3325,162.263654
5236.373333,162.341081
5236.771389,162.321724
5237.093056,162.370116
5237.421667,162.428186
5237.95,162.389473
5238.326667,162.389473
5238.7525,162.495935
5239.348333,162.515292
5239.768333,162.554005
5240.171667,162.437865
5240.571944,162.447543
5240.947778,162.389473
5241.276389,162.253975
5241.628889,162.253975
5242.353056,162.244297
5242.764167,162.195905
5243.419167,162.215262
5243.808056,162.253975
5244.155278,162.22494
5244.457778,162.263654
5245.243611,162.273332
5245.576111,162.263654
5245.989444,162.234619
5246.374167,162.205583
5247.866111,162.244297
5248.196944,162.244297
5248.574167,162.283011
5248.970556,162.302367
5249.241389,162.302367
5250.020833,162.273332
5250.316389,162.283011
5250.6225,162.244297
5251.015,162.263654
5251.342222,162.302367
5251.732778,162.302367
5252.078889,162.263654
5253.563611,162.215262
5253.965833,162.215262
5255.023056,162.195905
5255.2825,162.195905
5255.641389,162.215262
5256.290278,162.215262
5256.363333,162.157191
5256.74,162.157191
5257.077222,162.157191
5257.378056,162.16687
5258.114167,162.244297
5258.465278,162.22494
5258.8425,162.157191
5259.181667,162.22494
5259.955556,162.16687
5260.500833,162.16687
5260.9,162.16687
5261.205833,162.137835
5261.848611,162.137835
5262.170833,162.137835
5262.546667,162.137835
5262.911667,162.331402
5263.2575,162.331402
5263.548889,162.331402
5263.571389,162.379794
5264.774167,162.215262
5265.436944,162.147513
5266.497222,162.128156
5266.922778,162.147513
5267.261667,162.1088
5267.993889,162.128156
5268.329444,162.089443
5268.623889,162.118478
5269.333333,162.147513
5269.639722,162.234619
5269.753333,162.234619
5270.005833,162.263654
5270.349722,162.273332
5270.72,162.253975
5270.773056,162.253975
5271.048611,162.292689
5271.398056,162.263654
5271.749444,162.234619
5272.387778,162.234619
5272.768056,162.22494
5273.393889,162.253975
5273.782778,162.263654
5274.108056,162.234619
5274.448333,162.22494
5274.828889,162.22494
5275.154167,162.215262
5275.433889,162.22494
5275.807222,162.234619
5276.390556,162.215262
5276.526389,162.215262
5276.8,162.263654
5277.132222,162.253975
5277.497778,162.234619
5277.554722,162.234619
5277.885,162.215262
5278.553889,162.1088
5279.342778,162.099121
5279.740556,162.137835
5280.084722,162.1088
5280.430278,162.118478
5280.816944,162.147513
5281.399722,162.128156
5281.770278,162.157191
5282.068889,162.147513
5282.297778,162.157191
5282.593333,162.137835
5282.932778,162.22494
5283.231667,162.215262
5283.481667,162.215262
5283.886389,162.312046
5284.527778,162.312046
5284.531389,162.283011
5284.898056,162.321724
5285.208611,162.283011
5285.525,162.360438
5285.784167,162.447543
5286.069444,162.341081
5286.422778,162.273332
5286.770556,162.360438
5287.0725,162.321724
5287.399722,162.302367
5287.753611,162.341081
5288.346667,162.302367
5288.749722,162.312046
5289.081111,162.360438
5290.074444,162.292689
5290.425556,162.292689
5290.83,162.292689
5290.835,162.341081
5291.519167,162.302367
5291.878611,162.302367
5291.900556,162.331402
5292.225833,162.292689
5292.601944,162.205583
5293.408889,162.215262
5293.834167,162.244297
5294.150278,162.195905
5295.0,162.215262
5295.355278,162.195905
5296.086111,162.244297
5296.438333,162.205583
5296.860556,162.263654
5297.200278,162.22494
5297.9,162.312046
5298.130556,162.312046
5298.245556,162.253975
5298.549444,162.263654
5299.145833,162.263654
5299.26,162.22494
5299.588333,162.157191
5300.015278,162.16687
5300.373056,162.1088
5300.724167,162.128156
5301.078611,162.128156
5302.828611,162.176548
5303.464167,162.128156
5304.192778,162.050729
5304.918056,162.050729
5305.61,162.089443
5305.861667,162.089443
5306.026667,162.089443
5306.327222,162.079764
5306.734167,162.099121
5306.898889,162.099121
5307.084722,162.060408
5307.406944,162.060408
5308.735556,162.137835
5309.000556,162.128156
5309.316111,162.128156
5309.718056,162.128156
5310.056389,162.089443
5310.805,162.137835
5311.148056,162.147513
5311.486944,162.137835
5311.856944,162.118478
5312.547222,162.041051
5312.883889,162.079764
5313.041944,162.079764
5313.216944,162.079764
5313.956111,162.1088
5314.129167,162.1088
5314.625833,162.050729
5316.488611,161.915232
5316.887222,161.973302
5317.177222,161.92491
5317.539722,161.915232
5317.926389,162.002337
5318.604722,162.002337
5318.983056,162.012016
5319.715556,161.982981
5320.050833,162.041051
5320.399167,162.060408
5320.718056,162.060408
5320.798056,162.118478
5321.135556,162.099121
5321.8125,162.099121
5321.891944,162.050729
5322.224167,162.002337
5322.566111,161.973302
5322.973889,162.002337
5323.317222,161.982981
5324.638889,161.992659
5325.422222,162.002337
5325.784444,162.041051
5326.142222,161.973302
5326.495556,161.963624
5327.266111,161.944267
5327.611667,161.982981
5327.818333,161.982981
5327.982778,161.982981
5328.350833,161.953945
5328.915833,161.953945
5329.459167,161.905553
5329.839444,161.992659
5330.889722,161.934589
5331.210833,161.905553
5331.546389,161.886197
5331.961111,161.905553
5332.989722,161.86684
5333.338611,161.886197
5333.743611,161.944267
5334.084444,161.934589
5334.391389,161.982981
5335.338056,161.982981
5335.345556,161.973302
5335.764722,161.963624
5336.344722,161.963624
5336.430556,161.886197
5336.824167,161.953945
5337.155833,161.886197
5337.520278,161.92491
5337.925833,161.934589
5338.237222,161.857161
5338.562778,161.905553
5339.751667,161.973302
5340.113889,161.953945
5340.473056,161.886197
5340.906111,161.934589
5341.220556,161.915232
5341.522222,161.934589
5341.943333,161.953945
5342.273611,162.031372
5342.553333,162.031372
5343.039444,162.089443
5343.609167,162.089443
5344.108333,162.002337
5344.412778,161.973302
5345.451667,161.982981
5345.729722,161.92491
5346.065278,161.963624
5347.086111,161.953945
5347.856667,161.953945
5348.19,161.992659
5348.548056,161.963624
5349.318056,161.963624
5349.733333,161.963624
5349.928889,161.992659
5350.179167,161.982981
5350.555,161.934589
5350.761111,161.934589
5350.958611,161.886197
5351.273056,161.86684
5351.608333,161.799091
5351.98,161.760378
5352.710833,161.770056
5353.035833,161.779734
5353.519722,161.789413
5353.946111,161.779734
5354.266111,161.789413
5354.972222,161.799091
5355.314444,161.779734
5355.938611,161.770056
5356.773889,161.770056
5356.906111,161.799091
5357.606667,161.818448
5357.800278,161.818448
5358.039722,161.789413
5358.401111,161.837805
5359.161944,161.837805
5359.945556,161.886197
5360.279722,161.837805
5360.600556,161.80877
5360.994444,161.837805
5362.041389,161.828126
5362.382222,161.818448
5362.75,161.779734
5363.403056,161.837805
5363.713611,161.837805
5363.771389,161.837805
5364.190833,161.847483
5364.535556,161.828126
5364.743611,161.828126
5364.926667,161.818448
5365.640278,161.818448
5366.388889,161.799091
5366.724444,161.789413
5367.005833,161.799091
5367.285556,161.799091
5367.585556,161.80877
5367.970278,161.80877
5368.303611,161.770056
5368.606944,161.779734
5368.930278,161.799091
5369.243889,161.799091
5369.523889,161.779734
5369.8625,161.80877
5370.1875,161.770056
5370.495556,161.799091
5370.636667,161.799091
5370.814167,161.828126
5371.139722,161.779734
5371.448333,161.86684
5371.638333,161.86684
5371.8425,161.828126
5372.175556,161.80877
5372.783611,161.799091
5373.068333,161.818448
5373.411111,161.818448
5373.756389,161.80877
5374.088611,161.789413
5374.389722,161.799091
5374.725278,161.770056
5375.054444,161.770056
5376.064167,161.750699
5376.418333,161.731342
5376.7825,161.731342
5377.084722,161.711986
5377.642222,161.711986
5377.643889,161.760378
5377.986944,161.731342
5378.296111,161.741021
5378.562222,161.721664
5378.786111,161.721664
5378.947222,161.673272
5379.249444,161.644237
5379.491111,161.682951
5379.986111,161.711986
5380.499444,161.702307
5381.155,161.673272
5381.450278,161.711986
5381.805,161.663594
5382.782222,161.673272
5383.056944,161.741021
5383.369722,161.750699
5383.748056,161.779734
5384.043333,161.80877
5384.518056,161.80877
5384.735833,161.779734
5385.361944,161.828126
5385.544167,161.828126
5385.986389,161.760378
5386.355833,161.721664
5386.590556,161.721664
5386.932222,161.721664
5387.288611,161.692629
5387.522222,161.711986
5387.871389,161.702307
5388.121667,161.702307
5388.434444,161.702307
5388.841389,161.721664
5389.169722,161.721664
5389.510556,161.711986
5389.963611,161.731342
5390.321111,161.721664
5390.614444,161.682951
5391.459722,161.702307
5391.468889,161.721664
5391.872222,161.760378
5392.474167,161.760378
5392.898889,161.721664
5393.248333,161.731342
5394.010833,161.741021
5394.3825,161.789413
5394.742222,161.770056
5395.099444,161.760378
5395.431667,161.818448
5396.181667,161.750699
5396.523333,161.760378
5396.921667,161.750699
5397.623889,161.731342
5398.016111,161.721664
5398.321389,161.760378
5398.564167,161.760378
5398.738611,161.711986
5399.493333,161.702307
5399.646389,161.702307
5399.878333,161.702307
5400.978333,161.653915
5401.715,161.692629
5402.041111,161.750699
5402.375556,161.702307
5402.758611,161.741021
5403.051389,161.750699
5403.398056,161.721664
5403.797222,161.770056
5403.999167,161.770056
5405.029167,161.779734
5405.375556,161.789413
5405.638056,161.789413
5405.781944,161.828126
5406.150278,161.799091
5406.753889,161.789413
5407.934444,161.876518
5408.606111,161.770056
5409.335,161.721664
5409.6325,161.750699
5410.943056,161.702307
5411.291111,161.702307
5411.627778,161.721664
5411.998889,161.770056
5412.335278,161.673272
5412.631944,161.702307
5412.82,161.702307
5413.418889,161.682951
5413.808889,161.702307
5413.848056,161.702307
5414.112222,161.682951
5414.542222,161.663594
5414.971111,161.653915
5415.362778,161.644237
5415.798611,161.653915
5416.242778,161.605523
5416.628333,161.62488
5417.389167,161.644237
5418.117222,161.702307
5418.445278,161.702307
5419.002778,161.789413
5419.348889,161.750699
5419.748889,161.828126
5419.986389,161.828126
5420.07,161.818448
5420.378333,161.760378
5420.806944,161.818448
5421.009167,161.818448
5421.113056,161.789413
5421.807222,161.711986
5422.131667,161.663594
5422.445556,161.62488
5422.866111,161.62488
5423.155833,161.605523
5423.485833,161.56681
5423.893889,161.56681
5424.223056,161.518418
5425.296667,161.32485
5425.636944,161.499061
5426.033056,161.499061
5426.406389,161.479704
5426.796389,161.50874
5427.103056,161.56681
5427.334722,161.56681
5427.845278,161.537775
5428.050556,161.537775
5428.378611,161.537775
5428.918333,161.499061
5429.246389,161.499061
5429.561944,161.489383
5429.961389,161.528096
5430.278889,161.528096
5430.622778,161.547453
5431.265278,161.663594
5431.596944,161.653915
5431.933611,161.634559
5432.263056,161.653915
5432.553889,161.634559
5432.912222,161.605523
5433.624167,161.586167
5434.002778,161.605523
5434.303333,161.605523
5435.109722,161.663594
5435.309167,161.663594
5435.448056,161.595845
5436.448056,161.576488
5437.211111,161.586167
5437.945,161.576488
5438.305833,161.595845
5438.723889,161.557131
5439.080833,161.644237
5439.443611,161.605523
5439.865556,161.62488
5440.403611,161.62488
5440.748056,161.605523
5441.263333,161.605523
5441.483056,161.653915
5442.453889,161.653915
5442.455833,161.595845
5442.885833,161.547453
5443.232778,161.557131
5444.634167,161.557131
5445.366944,161.586167
5445.585833,161.615202
5446.034444,161.615202
5446.7675,161.557131
5447.098333,161.537775
5447.371389,161.50874
5447.754167,161.479704
5448.097778,161.489383
5448.432778,161.499061
5448.501111,161.499061
5449.121389,161.50874
5449.446389,161.479704
5449.503056,161.479704
5449.857222,161.431312
5450.167778,161.460348
5450.574722,161.470026
5450.991667,161.470026
5451.360278,161.470026
5451.7725,161.489383
5452.038333,161.518418
5452.730278,161.528096
5453.0725,161.56681
5453.406667,161.557131
5454.358333,161.557131
5454.7925,161.595845
5455.120278,161.615202
5455.851111,161.615202
5455.852778,161.663594
5456.144722,161.595845
5456.418611,161.576488
5456.851389,161.576488
5456.916667,161.576488
5457.194722,161.528096
5457.520833,161.499061
5457.900833,161.499061
5458.611667,161.450669
5458.991111,161.479704
5459.318056,161.421634
5460.044444,161.50874
5461.401389,161.450669
5461.787778,161.489383
5462.370833,161.489383
5462.633611,161.50874
5462.775556,161.50874
5463.058611,161.576488
5463.3775,161.557131
5463.770556,161.56681
5463.815833,161.56681
5464.218056,161.547453
5464.549167,161.518418
5464.9525,161.615202
5465.273056,161.557131
5465.622222,161.528096
5466.356944,161.537775
5466.606111,161.528096
5467.360278,161.537775
5468.075278,161.557131
5468.467778,161.528096
5469.182778,161.557131
5469.529722,161.605523
5469.744722,161.605523
5469.941667,161.62488
5470.242222,161.557131
5470.610556,161.528096
5470.8325,161.528096
5471.021111,161.528096
5471.352778,161.440991
5471.742222,161.334529
5472.073056,161.392599
5472.404444,161.363564
5472.8275,161.363564
5473.462222,161.373242
5474.213056,161.363564
5474.610278,161.353885
5475.335833,161.382921
5476.064167,161.499061
5476.745556,161.479704
5477.087222,161.479704
5477.094167,161.605523
5477.384722,161.499061
5477.766944,161.528096
5478.120278,161.528096
5478.1275,161.528096
5478.452778,161.353885
5478.824167,161.392599
5480.116111,161.382921
5480.433056,161.382921
5480.845,161.382921
5482.250278,161.431312
5482.931111,161.421634
5483.274444,161.470026
5483.587778,161.431312
5483.973889,161.518418
5484.166389,161.518418
5484.320278,161.460348
5484.738611,161.450669
5485.079722,161.470026
5485.222778,161.470026
5485.396111,161.411956
5485.787778,161.440991
5486.077222,161.489383
5486.817222,161.421634
5487.1675,161.440991
5487.889722,161.450669
5488.246389,161.431312
5488.5825,161.392599
5488.970833,161.470026
5490.010556,161.479704
5490.366944,161.460348
5490.776389,161.460348
5491.271944,161.460348
5491.748611,161.470026
5492.103889,161.470026
5492.307778,161.470026
5492.39,161.440991
5492.771944,161.373242
5493.125,161.382921
5494.151389,161.344207
5494.450278,161.344207
5494.834722,161.353885
5496.513333,161.315172
5496.901944,161.315172
5497.314444,161.295815
5497.709444,161.276458
5498.051111,161.295815
5498.783611,161.315172
5499.113333,161.305493
5499.448333,161.344207
5499.853889,161.382921
5500.003333,161.382921
5500.117778,161.392599
5500.118056,161.392599
5500.828611,161.460348
5501.037778,161.460348
5501.150278,161.489383
5501.466111,161.431312
5501.871111,161.431312
5502.112778,161.411956
5502.889444,161.460348
5503.225556,161.450669
5503.534722,161.489383
5504.276389,161.479704
5504.574722,161.373242
5506.034722,161.363564
5506.376667,161.363564
5507.175556,161.363564
5507.503889,161.392599
5507.635,161.392599
5507.908889,161.431312
5508.240833,161.411956
5508.580833,161.392599
5508.638889,161.392599
5508.996111,161.344207
5509.598056,161.344207
5510.349444,161.305493
5510.729444,161.363564
5511.0825,161.353885
5511.372222,161.334529
5511.773889,161.392599
5512.478611,161.344207
5512.851667,161.382921
5513.223611,161.363564
5513.500833,161.344207
5514.2925,161.334529
5514.848333,161.334529
5515.009167,161.431312
5515.820556,161.440991
5515.8775,161.440991
5516.178056,161.344207
5517.243611,161.315172
5517.586389,161.276458
5517.980556,161.305493
5518.298333,161.276458
5518.725278,161.295815
5519.404167,161.218388
5519.832778,161.228066
5520.200278,161.20871
5520.523056,161.20871
5521.559167,161.373242
5521.950833,161.373242
5521.9525,161.373242
5522.5825,161.26678
5522.954167,161.26678
5522.977222,161.305493
5523.292222,161.20871
5523.624722,161.179674
5523.988333,161.237745
5524.979444,161.257101
5525.280833,161.257101
5525.721111,161.257101
5526.327222,161.32485
5527.145,161.431312
5527.41,161.440991
5527.836667,161.450669
5528.185,161.450669
5528.510556,161.373242
5529.256389,161.382921
5529.572222,161.382921
5529.581944,161.411956
5529.955,161.334529
5530.207222,161.295815
5530.508611,161.32485
5530.623333,161.32485
5530.908056,161.286137
5531.260278,161.286137
5531.603333,161.286137
5532.316944,161.247423
5532.618333,161.247423
5533.386667,161.295815
5533.796944,161.295815
5534.105278,161.295815
5534.46,161.295815
5534.842222,161.353885
5535.160556,161.315172
5535.485833,161.26678
5535.879167,161.276458
5536.218889,161.26678
5536.836389,161.276458
5537.150556,161.295815
5537.4825,161.344207
5538.223333,161.353885
5538.28,161.353885
5538.948889,161.431312
5539.316389,161.431312
5539.3225,161.363564
5540.013056,161.334529
5540.408333,161.257101
5540.786111,161.26678
5541.0975,161.305493
5541.464444,161.257101
5542.229167,161.20871
5542.538056,161.179674
5542.939167,161.228066
5543.598333,161.150639
5543.989167,161.228066
5544.632778,161.179674
5544.984167,161.257101
5545.323056,161.26678
5545.734167,161.26678
5546.300556,161.32485
5546.566944,161.199031
5546.735556,161.199031
5546.938889,161.20871
5547.313889,161.131282
5547.599167,161.150639
5547.977222,161.218388
5548.930833,161.315172
5549.282778,161.26678
5549.591667,161.286137
5549.961111,161.382921
5550.305556,161.353885
5550.624167,161.392599
5550.954444,161.547453
5551.285556,161.547453
5551.937778,161.32485
5553.081111,161.32485
5553.346111,161.199031
5553.628611,161.363564
5554.006111,161.305493
5554.126389,161.305493
5554.755,161.26678
5555.433056,161.218388
5555.776389,161.169996
5556.140278,161.237745
5556.421944,161.20871
5557.096667,160.928036
5557.440278,175.348833
5557.824167,183.643211
5558.167222,185.298215
5558.505,171.700081
5558.8375,170.664494
5559.16,170.316072
5559.943056,170.848383
5560.318889,185.346607
5560.377778,185.346607
5560.741389,187.814596
5561.046667,188.714686
5561.389444,188.714686
5561.816667,190.06966
5562.174167,190.505188
5562.573889,190.91168
5562.901944,191.192353
5563.204722,191.424634
5563.579167,191.695629
5563.955833,191.947267
5564.303889,192.160192
5564.731944,192.373116
5565.098056,175.987607
5565.461389,173.519618
5566.1975,171.76783
5566.545,171.351659
5566.934722,170.935489
5567.376944,170.935489
5567.943333,188.705008
5568.252222,184.949793
5568.476111,184.949793
5568.603889,189.788987
5568.993889,191.86984
5569.710278,192.857036
5569.946944,193.050603
5570.316111,193.302241
5570.648889,193.515166
5571.094722,193.757126
5571.755556,185.201431
5572.043611,182.917332
5572.230278,178.329776
5573.080278,175.252049
5573.399722,176.084391
5573.470833,176.084391
5574.188056,173.316372
5574.474167,173.316372
5574.476944,173.26798
5574.801389,173.26798
5574.835833,172.484031
5575.860556,172.484031
5575.869167,170.064434
5576.1675,170.064434
5577.168889,170.064434
5577.47,170.064434
5577.720278,175.019768
5578.341944,185.830527
5578.502222,185.830527
5578.805,185.830527
5579.1525,191.985981
5579.396111,193.399025
5579.778333,188.124304
5579.838889,188.124304
5580.140278,188.124304
5580.5025,191.618202
5580.895,191.889197
5581.202222,191.889197
5581.249444,192.121478
5581.465833,192.121478
5581.568056,192.286011
5581.924167,192.440865
5582.4975,192.440865
5582.605278,192.721538
5582.8125,192.721538
5583.010278,192.866714
5583.351667,192.963498
5583.817778,192.963498
5583.8275,193.108674
5584.116389,193.108674
5584.525833,193.273206
5584.9125,193.350633
5585.151667,193.350633
5585.243056,193.428061
5585.409167,193.428061
5585.998889,193.602271
5586.386111,193.679699
5586.426667,193.679699
5586.790556,193.679699
5586.798889,193.747447
5587.142222,193.795839
5587.928889,193.795839
5587.930833,172.232393
5588.255,172.232393
5588.264722,169.038525
5588.623333,167.451269
5589.0375,166.328576
5589.270556,166.328576
5589.3875,165.602697
5589.542222,165.602697
5590.302222,164.373542
5590.554722,164.373542
5590.648611,163.957372
5590.828611,163.957372
5591.3725,163.318598
5591.833889,163.318598
5592.091944,163.318598
5592.199444,162.883071
5592.544444,162.747573
5592.930278,162.747573
5593.153333,162.747573
5593.415,162.747573
5593.625833,162.670146
5594.035,162.360438
5594.423889,162.360438
5594.7575,162.360438
5595.105278,161.982981
5595.424167,161.80877
5595.8325,161.80877
5596.099444,161.80877
5596.842778,161.634559
5597.1325,161.634559
5597.5575,161.634559
5597.561389,161.479704
5597.949167,161.586167
5598.291667,161.440991
5598.566111,161.440991
5598.601667,161.382921
5598.867778,161.382921
5599.036111,161.450669
5599.376111,161.32485
5599.726944,161.228066
5599.936389,161.228066
5600.377778,161.20871
5600.788889,161.02482
5601.146389,161.053855
5601.449722,160.986107
5601.867222,160.937715
5602.209167,160.840931
5602.492222,160.821574
5603.191667,160.715112
5603.938611,160.734469
5604.301944,160.657041
5604.6175,160.60865
5604.9375,160.66672
5605.588611,160.473152
5606.346389,160.560258
5606.403611,160.560258
5606.606111,160.521544
5606.974167,160.511866
5607.2975,160.502187
5607.498889,160.502187
5607.745556,160.405403
5608.107222,160.415082
5608.438889,160.347333
5608.779167,160.386047
5609.071389,160.357011
5609.431667,160.318298
5610.2625,160.289263
5610.618889,160.298941
5611.420278,160.202157
5611.836944,160.240871
5612.833333,160.231192
5613.512222,160.12473
5613.727778,160.12473
5613.899167,160.095695
5614.568611,159.960198
5614.731667,159.960198
5616.080556,159.844057
5616.418889,159.911806
5616.841389,159.844057
5617.197778,159.873092
5617.556389,159.873092
5618.253333,159.931162
5619.019444,159.863414
5619.380833,159.815022
5619.8125,159.911806
5620.859444,159.979554
5621.0675,159.979554
5621.216389,159.950519
5621.930556,159.88277
5622.081944,159.88277
5622.936667,159.747273
5623.598611,159.679524
5624.008889,159.776308
5624.386944,159.795665
5624.814444,159.815022
5625.450556,159.853735
5625.872778,159.785987
5626.542778,159.737595
5626.959444,159.70856
5627.573611,159.737595
5627.970833,159.756951
5628.236111,159.756951
5628.299444,159.756951
5628.636667,159.76663
5629.043611,159.805343
5629.242222,159.805343
5629.840556,159.756951
5630.164722,159.747273
5633.786944,159.621454
5634.399167,159.58274
5635.077222,159.495635
5635.728056,159.427886
5635.986944,159.427886
5636.321944,159.476278
5636.730556,159.52467
5637.005,159.52467
5637.09,159.573062
5637.870278,159.447243
5638.573056,159.292389
5638.959444,159.340781
5639.301944,159.28271
5639.715833,159.214962
5640.389167,159.205283
5641.154444,159.340781
5641.4825,159.331102
5641.898333,159.4666
5642.2325,159.398851
5642.888056,159.398851
5642.906389,159.28271
5643.237222,159.28271
5643.551111,159.243997
5643.856389,159.243997
5643.908889,159.243997
5644.383889,159.321424
5644.908611,159.360138
5645.249167,159.350459
5645.608889,159.214962
5645.999722,159.311746
5647.151111,159.311746
5647.504167,159.185927
5647.89,159.263354
5648.611389,159.243997
5649.433333,159.340781
5649.805556,159.253675
5650.128889,159.273032
5650.183889,159.273032
5650.481667,159.243997
5650.852778,159.214962
5651.175278,159.263354
5651.232778,159.263354
5651.489444,159.137535
5652.584167,159.127856
5653.364722,159.176248
5653.789444,159.243997
5654.504722,159.205283
5654.922222,159.205283
5655.2625,159.16657
5655.600833,159.079464
5656.243333,159.16657
5656.554167,159.098821
5656.901944,159.22464
5657.249722,159.22464
5657.263056,159.205283
5657.591111,159.195605
5658.006111,159.214962
5658.293611,159.214962
5659.042222,159.137535
5659.316389,158.98268
5659.602778,158.973002
5660.387222,158.98268
5660.803056,158.98268
5661.1375,158.992359
5661.496389,158.963324
5661.816944,159.002037
5662.168056,158.973002
5662.958056,158.856861
5663.266111,158.86654
5664.013889,158.760078
5664.379167,158.769756
5664.629722,158.769756
5664.785278,158.80847
5665.483889,158.837505
5665.715833,158.837505
5666.241111,158.731042
5666.575278,158.68265
5667.323056,158.68265
5667.742222,158.672972
5668.061389,158.721364
5668.373611,158.750399
5669.426944,158.914932
5669.822222,158.963324
5670.153333,158.86654
5670.487222,158.818148
5670.894444,158.827826
5671.778333,158.827826
5672.316111,158.818148
5672.638889,158.760078
5672.870278,158.760078
5673.080278,158.760078
5673.391667,158.856861
5674.099444,158.86654
5675.175556,158.818148
5675.917778,158.779434
5676.206667,158.731042
5676.484167,158.769756
5676.903889,158.769756
5677.847222,158.914932
5678.850556,158.914932
5678.973056,158.885897
5679.280833,158.847183
5679.949722,158.847183
5680.024722,158.779434
5680.351667,158.68265
5680.759444,158.721364
5681.150556,158.692329
5681.443611,158.711686
5681.824167,158.692329
5682.514167,158.750399
5682.8825,158.818148
5683.350556,158.856861
5683.748611,158.905253
5684.062778,158.86654
5684.398611,158.798791
5684.773056,158.856861
5685.0925,158.798791
5685.531111,158.653615
5685.966944,158.702007
5686.018611,158.702007
5686.3225,158.672972
5686.740278,158.68265
5687.049722,158.68265
5688.07,158.605223
5688.418056,158.547153
5688.8275,158.585867
5689.139167,158.595545
5689.807222,158.692329
5690.111389,158.653615
5690.4425,158.518118
5691.203611,158.614902
5691.528056,158.576188
5693.331389,158.576188
5693.500556,158.56651
5693.888333,158.595545
5694.408333,158.595545
5694.994444,158.692329
5695.330556,158.711686
5695.711389,158.68265
5696.052222,158.779434
5696.738889,158.643937
5697.054167,158.653615
5697.382778,158.585867
5697.819167,158.634259
5698.149722,158.518118
5699.516944,158.50844
5699.967222,158.585867
5700.282778,158.527796
5700.999444,158.547153
5701.351389,158.460048
5701.591389,158.411656
5702.259722,158.353585
5702.600556,158.305193
5702.971667,158.489083
5703.299167,158.537475
5704.000833,158.469726
5704.329167,158.38262
5704.731389,158.334229
5705.076667,158.363264
5705.347778,158.363264
5706.068889,158.518118
5706.392778,158.518118
5706.776944,158.518118
5707.114722,158.537475
5707.460556,158.460048
5707.832222,158.460048
5708.090556,158.460048
5708.183611,158.498761
5708.98,158.431012
5709.183056,158.431012
5709.305833,158.431012
5709.723056,158.314872
5710.08,158.334229
5710.491944,158.363264
5711.34,158.38262
5712.903889,158.227766
5713.291111,158.305193
5714.0025,158.314872
5714.393333,158.295515
5714.804167,158.353585
5715.319167,158.353585
5715.515,158.305193
5715.918611,158.32455
5716.248333,158.334229
5716.424722,158.334229
5716.429722,158.295515
5718.001944,158.26648
5718.331944,158.276158
5719.07,158.401977
5719.395833,158.440691
5719.774167,158.440691
5720.128611,158.479404
5720.476944,158.372942
5720.851944,158.314872
5721.168889,158.38262
5721.460278,158.32455
5721.833056,158.26648
5722.1825,158.305193
5722.454722,158.32455
5722.715833,158.32455
5722.854167,158.305193
5723.195278,158.32455
5723.538889,158.363264
5723.748056,158.363264
5723.949444,158.343907
5724.243333,158.256801
5725.014444,158.227766
5725.350833,158.276158
5725.64,158.198731
5726.318611,158.353585
5726.724722,158.334229
5727.0475,158.38262
5727.39,158.431012
5727.791667,158.38262
5728.132222,158.421334
5728.488611,158.440691
5728.882778,158.343907
5729.195278,158.32455
5729.533889,158.295515
5729.914722,158.305193
5730.276389,158.343907
5730.525833,158.343907
5731.344444,158.363264
5731.598889,158.363264
5731.746111,158.305193
5732.058611,158.353585
5732.339167,158.343907
5732.7425,158.32455
5733.041944,158.314872
5733.819167,158.227766
5734.158056,158.20841
5734.824167,158.169696
5735.155833,158.130982
5735.499444,158.169696
5736.2575,158.111626
5736.621389,158.053555
5737.000833,158.101947
5737.624444,158.101947
5738.056111,158.08259
5738.108333,158.08259
5738.358889,158.092269
5739.036667,158.08259
5739.148333,158.08259
5739.403889,158.034199
5739.794167,158.08259
5740.122778,158.160018
5740.517222,158.101947
5741.485,158.227766
5741.882778,158.218088
5742.211111,158.198731
5742.974167,158.237445
5743.3175,158.247123
5743.632222,158.198731
5744.039722,158.26648
5744.807222,158.26648
5745.147222,158.343907
5745.211111,158.343907
5745.484167,158.334229
5745.873889,158.256801
5746.194722,158.26648
5746.242778,158.26648
5746.485556,158.189053
5746.906944,158.121304
5747.249444,158.130982
5747.984444,158.08259
5748.354167,158.101947
5748.561389,158.121304
5748.925833,158.121304
5750.009167,158.121304
5750.733611,158.08259
5751.035556,158.08259
5751.380556,158.111626
5751.799444,158.092269
5752.075556,158.150339
5752.396944,158.218088
5752.556944,158.218088
5753.151111,158.334229
5753.506944,158.256801
5753.718333,158.256801
5753.877222,158.295515
5754.219722,158.334229
5754.478056,158.32455
5754.859444,158.343907
5755.179444,158.305193
5755.51,158.198731
5755.918056,158.189053
5756.290278,158.198731
5756.621111,158.198731
5757.014722,158.247123
5757.344722,158.140661
5757.746111,158.150339
5758.090556,158.150339
5758.769722,158.063234
5759.128333,158.053555
5759.723611,158.053555
5759.87,158.034199
5760.135556,158.034199
5760.454167,157.976128
5760.769722,157.976128
5760.835278,158.034199
5761.492778,158.005163
5761.893611,158.034199
5762.535556,157.985807
5762.943889,158.08259
5763.266389,158.014842
5763.583889,158.034199
5763.988333,158.063234
5764.289167,158.043877
5764.601667,158.101947
5765.298611,158.140661
5765.984444,158.189053
5766.325833,158.169696
5766.861111,158.169696
5767.032778,158.305193
5767.364167,158.227766
5767.913056,158.227766
5768.051389,158.276158
5768.380278,158.227766
5768.743333,158.237445
5769.034444,158.198731
5769.363333,158.218088
5769.729722,158.169696
5770.394167,158.02452
5771.4925,157.947093
5771.863889,157.985807
5772.514722,158.072912
5772.903611,158.130982
5773.242778,158.092269
5773.570278,158.092269
5773.8425,158.092269
5773.950833,158.092269
5774.273333,158.053555
5774.626389,158.005163
5774.986389,158.014842
5775.287222,158.034199
5775.716389,157.985807
5776.062222,157.985807
5776.415278,157.985807
5776.799167,158.02452
5777.462222,158.005163
5777.82,158.043877
5778.161667,158.101947
5778.443611,158.043877
5779.234167,158.034199
5779.552778,157.947093
5779.924722,157.995485
5780.590833,158.043877
5781.237778,158.043877
5781.328333,158.130982
5781.738611,158.101947
5782.091389,158.053555
5782.258333,158.053555
5782.455,157.947093
5782.841667,157.918058
5783.185278,157.869666
5783.943889,157.869666
5784.285,157.821274
5784.600278,157.792239
5784.993611,157.821274
5785.326111,157.850309
5785.614167,157.830952
5786.004722,157.869666
5786.343056,157.90838
5786.727222,157.956771
5787.315278,157.937415
5788.043056,157.995485
5788.276389,157.995485
5788.370278,158.014842
5789.330556,158.014842
5789.332222,158.005163
5789.708611,158.005163
5790.551944,158.02452
5790.958056,158.130982
5791.9875,158.111626
5792.313611,157.850309
5792.923889,157.821274
5793.240278,157.801917
5793.97,157.821274
5794.347778,157.830952
5794.769167,157.840631
5795.122778,157.927736
5795.391389,157.927736
5795.404167,157.937415
5795.788333,157.937415
5795.7925,157.859988
5796.089167,157.918058
5796.328333,157.859988
5796.379722,157.859988
5796.533056,157.898701
5796.931944,157.898701
5797.2775,157.90838
5797.444722,157.90838
5798.030833,157.850309
5798.321389,157.90838
5798.726111,157.937415
5799.078889,157.985807
5799.424722,157.937415
5799.867222,157.850309
5800.126389,157.927736
5800.416389,157.90838
5800.853333,157.898701
5801.490556,157.995485
5801.933056,157.898701
5802.312222,157.918058
5803.034722,158.072912
5803.7175,158.072912
5804.193889,158.063234
5804.523333,158.02452
5804.784444,158.02452
5805.251944,157.879344
5805.594167,157.821274
5806.336667,157.78256
5806.75,157.830952
5808.249444,157.78256
5808.613056,157.734169
5808.948056,157.801917
5809.265278,157.78256
5809.611111,157.840631
5810.0325,157.898701
5810.361389,157.869666
5810.619444,157.869666
5811.738889,157.869666
5812.585,157.763204
5813.835833,157.850309
5814.133889,158.043877
5814.486667,158.053555
5814.896389,158.130982
5815.564167,158.179374
5815.892778,157.995485
5816.232222,157.879344
5816.551389,157.830952
5817.264444,157.72449
5817.582222,157.753525
5817.849722,157.753525
5817.999444,157.772882
5818.296944,157.78256
5818.6275,157.72449
5818.859167,157.72449
5819.059722,157.627706
5819.386389,157.685777
5820.1425,157.705133
5820.472778,157.78256
5821.478611,157.850309
5821.818333,157.811596
5822.139167,157.78256
5822.500833,157.801917
5823.203333,157.763204
5823.516944,157.821274
5824.2075,157.840631
5824.929167,157.840631
5825.302778,157.792239
5825.626944,157.753525
5825.982222,157.753525
5826.260556,157.763204
5826.561389,157.734169
5827.545,157.792239
5828.495556,157.830952
5828.872778,157.811596
5829.180556,157.792239
5829.526944,157.743847
5829.876944,157.695455
5830.173889,157.714812
5830.397222,157.676098
5830.945833,157.618028
5831.526111,157.743847
5831.928611,157.734169
5832.095,157.734169
5832.529167,157.743847
5832.811389,157.792239
5833.1275,157.792239
5833.4625,157.743847
5833.791389,157.714812
5834.099167,157.705133
5834.806944,157.685777
5835.113889,157.66642
5835.420278,157.734169
5835.780556,157.695455
5836.078333,157.656741
5836.370556,157.627706
5836.748056,157.676098
5836.748333,157.676098
5837.375,157.66642
5837.633333,157.66642
5838.013611,157.685777
5838.329722,157.734169
5838.641667,157.763204
5839.0025,157.801917
5839.325833,157.78256
5839.585,157.78256
5839.597778,157.772882
5839.936389,157.918058
5840.263333,157.918058
5840.580278,157.840631
5840.641944,157.840631
5841.282778,157.811596
5841.577222,157.695455
5843.047222,157.685777
5843.380278,157.647063
5843.75,157.705133
5844.401111,157.72449
5844.788611,157.78256
5845.757778,157.705133
5846.0825,157.772882
5846.416667,157.753525
5847.074722,157.753525
5847.148889,157.743847
5847.4425,157.743847
5847.808889,157.685777
5848.104444,157.685777
5848.118333,157.72449
5848.859444,157.763204
5849.146389,157.78256
5849.459444,157.869666
5850.15,157.879344
5850.444167,157.859988
5850.846944,157.763204
5851.145278,157.637385
5851.462778,157.801917
5851.771667,157.792239
5852.016944,157.811596
5852.78,157.869666
5853.078056,157.869666
5853.400556,157.918058
5853.778889,157.850309
5854.072222,157.821274
5854.335278,157.821274
5854.443056,157.830952
5854.766111,157.753525
5855.082222,157.695455
5855.380556,157.695455
5855.395833,157.72449
5855.782222,157.705133
5856.400278,157.60835
5857.791389,157.753525
5858.099722,157.695455
5858.463889,157.66642
5859.191944,157.627706
5859.502778,157.685777
5860.721111,157.772882
5861.174167,157.811596
5861.466944,157.811596
5861.469444,157.879344
5862.173889,157.850309
5862.508056,157.850309
5862.885556,157.859988
5863.469167,157.947093
5863.863056,157.947093
5864.210556,157.90838
5864.525833,157.830952
5864.927778,157.743847
5865.278056,157.743847
5865.572778,157.685777
5865.961111,157.714812
5866.281667,157.695455
5866.521944,157.72449
5867.184722,157.637385
5867.870278,157.60835
5868.185,157.685777
5868.520278,157.734169
5868.794722,157.734169
5868.909444,157.96645
5869.297778,157.869666
5869.818611,157.869666
5870.324722,157.695455
5870.632222,157.695455
5871.332778,157.598671
5871.616667,157.656741
5871.975278,157.763204
5872.3,157.78256
5872.759444,157.78256
5873.016944,157.859988
5873.610278,157.753525
5873.981667,157.801917
5874.476111,157.72449
5874.8675,157.72449
5875.190278,157.72449
5875.785278,157.72449
5875.825556,157.772882
5876.1525,157.869666
5876.869444,157.879344
5877.225278,157.705133
5877.529722,157.676098
5877.92,157.656741
5878.218333,157.618028
5878.540556,157.627706
5878.911111,157.618028
5879.548056,157.60835
5879.935278,157.579314
5880.265833,157.627706
5880.607222,157.685777
5881.026944,157.72449
5881.339167,157.676098
5881.743333,157.72449
5882.084722,157.714812
5882.39,157.618028
5883.038333,157.618028
5883.043611,157.676098
5883.388889,157.637385
5883.75,157.60835
5884.058611,157.60835
5884.065278,157.656741
5884.404167,157.695455
5884.734444,157.72449
5885.447222,157.792239
5885.821944,157.78256
5886.178056,157.792239
5886.508333,157.811596
5886.889722,157.763204
5887.248056,157.830952
5887.568056,157.772882
5887.956667,157.830952
5888.614444,157.753525
5888.979444,157.850309
5889.608333,157.830952
5889.9,157.830952
5890.001111,157.898701
5890.284722,157.898701
5890.586944,157.830952
5890.855278,157.78256
5890.910556,157.78256
5891.437222,157.656741
5891.7875,157.618028
5892.078611,157.618028
5892.761389,157.685777
5893.08,157.821274
5893.392778,157.734169
5893.7525,157.734169
5893.974722,157.705133
5894.995833,157.588993
5895.306389,157.579314
5895.989167,157.627706
5896.275833,157.685777
5896.594444,157.72449
5896.985278,157.811596
5897.276111,157.811596
5897.284167,157.811596
5897.619722,157.772882
5898.026389,157.918058
5898.341667,157.918058
5898.346667,157.772882
5898.744444,157.695455
5899.04,157.753525
5899.740556,157.656741
5900.059167,157.743847
5900.363333,157.685777
5900.725556,157.579314
5901.054167,157.530922
5901.386389,157.540601
5901.7325,157.472852
5902.628056,157.414782
5903.030278,157.405103
5903.358056,157.395425
5903.646667,157.337355
5904.346389,157.298641
5904.723056,157.298641
5904.996111,157.405103
5905.266389,157.337355
5905.571389,157.337355
5905.746111,157.337355
5905.966389,157.36639
5906.278889,157.405103
5907.549444,157.269606
5908.276944,157.317998
5909.248333,157.36639
5909.5725,157.472852
5909.916111,157.42446
5910.235833,157.472852
5910.89,157.42446
5911.209722,157.511566
5911.544167,157.463174
5911.816667,157.463174
5911.943333,157.579314
5912.265,157.579314
5912.891667,157.579314
5914.330833,157.405103
5914.623611,157.376068
5915.598056,157.288963
5915.98,157.356711
5916.579722,157.395425
5916.948056,157.395425
5917.624722,157.36639
5918.010278,157.453495
5918.313333,157.48253
5918.631944,157.463174
5918.997778,157.540601
5919.060556,157.540601
5919.273056,157.627706
5919.598333,157.627706
5920.147778,157.627706
5920.311667,157.530922
5920.741389,157.501887
5921.079444,157.405103
5921.38,157.472852
5921.759722,157.501887
5922.090833,157.521244
5922.4025,157.772882
5922.79,157.647063
5923.373333,157.66642
5923.741667,157.637385
5924.360278,157.637385
5924.558333,157.492209
5924.853056,157.42446
5925.896111,157.327676
5926.159444,157.347033
5926.335,157.347033
5926.460278,157.250249
5926.862778,157.337355
5927.170278,157.327676
5927.392778,157.327676
5927.4875,157.30832
5927.843333,157.317998
5928.132222,157.414782
5929.321667,157.317998
5929.968889,157.288963
5930.2575,157.317998
5931.108889,157.463174
5931.795,157.492209
5932.123333,157.376068
5932.414444,157.221214
5932.820556,157.298641
5933.369444,157.337355
5933.527222,157.337355
5933.725556,157.288963
5934.029722,157.376068
5934.335833,157.327676
5934.569444,157.327676
5934.719167,157.269606
5934.993056,157.259928
5935.541667,157.211536
5935.916111,157.337355
5936.223611,157.347033
5936.510556,157.211536
5937.448056,157.269606
5937.762778,157.288963
5938.075278,157.288963
5938.373611,157.279284
5938.720833,157.172822
5939.055556,157.279284
5939.355278,157.279284
5939.999444,157.30832
5940.615,157.30832
5940.981389,157.472852
5941.279444,157.569636
5941.576389,157.453495
5941.628333,157.453495
5941.887222,157.42446
5942.156667,157.376068
5942.421111,157.453495
5942.618611,157.42446
5942.900556,157.453495
5943.166389,157.434139
5943.4525,157.501887
5943.744444,157.327676
5944.310278,157.317998
5945.614722,157.492209
5945.997778,157.579314
5946.276944,157.656741
5946.5925,157.530922
5946.9875,157.550279
5947.333889,157.48253
5947.756111,157.48253
5947.997222,157.559958
5948.269444,157.559958
5948.623333,157.472852
5948.783889,157.472852
5948.984722,157.434139
5949.277778,157.463174
5949.553333,157.356711
5949.934444,157.327676
5950.206111,157.298641
5950.381389,157.30832
5950.766389,157.259928
5950.966667,157.269606
5951.372222,157.327676
5952.144444,157.269606
5952.429722,157.221214
5952.808056,157.259928
5953.116389,157.298641
5953.417222,157.36639
5953.764444,157.337355
5954.069444,157.405103
5954.405278,157.443817
5954.752778,157.356711
5955.045278,157.356711
5955.054722,157.453495
5955.380556,157.463174
5955.769444,157.395425
5956.078889,157.395425
5956.441944,157.288963
5957.387778,157.356711
5958.428333,157.221214
5959.106111,157.30832
5959.450833,157.317998
5960.136944,157.201857
5960.4275,157.105073
5960.756111,157.153465
5961.105,157.211536
5961.407778,157.192179
5961.619722,157.1825
5962.498333,157.1825
5962.644722,157.269606
5963.512778,157.269606
5963.578333,157.288963
5963.960556,157.269606
5964.219444,157.221214
5964.532222,157.298641
5964.928056,157.337355
5965.268056,157.337355
5966.549167,157.347033
5967.253611,157.42446
5967.565556,157.443817
5968.256667,157.279284
5968.575278,157.250249
5968.858333,157.240571
5969.311944,157.317998
5969.911667,157.298641
5970.008611,157.356711
5970.207222,157.434139
5970.330556,157.463174
5970.752222,157.376068
5970.850556,157.42446
5970.915556,157.42446
5971.411389,157.414782
5972.779167,157.201857
5973.0575,157.172822
5973.752222,157.114752
5974.387778,157.085717
5974.782778,157.114752
5975.396944,157.12443
5976.0725,157.143787
5976.415833,157.12443
5977.205278,157.12443
5977.208056,157.143787
5978.246389,157.143787
5979.255,157.201857
5979.522778,157.201857
5979.815556,157.1825
5980.221111,157.163144
5980.908889,157.163144
5981.965,157.172822
5982.328333,157.221214
5982.598611,157.172822
5982.998889,157.211536
5983.718611,157.240571
5984.288611,157.240571
5984.828889,157.259928
5985.096944,157.337355
5985.313611,157.337355
5985.809722,157.163144
5986.136389,157.1825
5986.4525,157.201857
5987.166944,157.143787
5987.469167,157.143787
5988.217222,157.085717
5988.530556,157.095395
5989.216389,157.076038
5989.555556,157.095395
5989.952222,157.134109
5990.3075,157.143787
5990.631667,157.105073
5991.018056,157.153465
5991.335556,157.250249
5991.641389,157.250249
5991.650278,157.153465
5992.0275,157.192179
5992.320556,157.153465
5992.623889,157.095395
5993.014444,157.095395
5993.765556,157.095395
5994.829722,157.12443
5995.058889,157.192179
5995.382778,157.172822
5995.5975,157.134109
5995.991111,157.153465
5996.586944,157.114752
5996.848333,157.076038
5997.115556,157.095395
5997.435,157.076038
5998.124722,157.105073
5998.823611,156.950219
5999.327222,156.950219
5999.512778,157.076038
5999.907778,157.085717
6000.240556,157.06636
6000.398889,157.06636
6000.604444,156.998611
6000.998333,157.037325
6001.220556,157.076038
6002.875,157.12443
6003.195278,157.192179
6003.535833,157.163144
6003.944167,157.085717
6004.537778,157.105073
6005.920833,157.211536
6006.223611,157.288963
6006.388056,157.288963
6006.538611,157.211536
6006.891667,157.259928
6007.3925,157.259928
6007.489444,157.288963
6008.482222,157.230892
6008.804167,157.250249
6009.095,157.259928
6009.411667,157.201857
6010.108333,157.153465
6010.444167,157.143787
6010.874444,157.1825
6011.458889,157.037325
6011.860556,157.192179
6012.197778,157.250249
6012.485,157.12443
6013.149167,157.172822
6013.483056,157.1825
6013.534167,157.1825
6014.130556,157.172822
6014.544722,157.172822
6014.829167,157.211536
6015.455833,157.221214
6016.279444,157.250249
6016.565556,157.192179
6016.943333,157.259928
6017.289444,157.30832
6017.585833,157.240571
6017.998056,157.269606
6018.254167,157.337355
6018.576389,157.230892
6020.245833,157.259928
6021.011111,157.221214
6021.145556,157.221214
6021.725,157.153465
6022.056389,157.153465
6022.208056,157.153465
6022.390833,157.085717
6022.784444,157.114752
6023.415,157.12443
6024.145833,157.105073
6024.896389,157.076038
6025.541667,157.056681
6025.937778,157.06636
6026.613611,157.076038
6027.335833,157.095395
6027.763333,157.06636
6028.064722,157.134109
6028.334722,157.134109
6028.651389,157.114752
6028.934722,157.134109
6029.351389,157.134109
6030.059722,157.240571
6030.375556,157.163144
6031.393889,157.1825
6031.771944,157.201857
6032.048333,157.201857
6032.625833,157.163144
6033.363889,157.211536
6033.736389,157.153465
6034.411389,157.201857
6034.801111,157.153465
6035.320556,157.153465
6035.425556,157.221214
6035.830833,157.1825
6036.178056,157.201857
6036.334167,157.201857
6036.898333,157.114752
6037.1875,157.134109
6037.633056,157.085717
6037.998889,157.12443
6038.358889,157.153465
6038.8675,157.12443
6039.186667,157.172822
6039.518889,157.134109
6039.8975,157.134109
6040.280278,157.163144
6041.000278,157.056681
6041.361667,157.143787
6042.049444,157.12443
6042.221111,157.12443
6042.428333,157.134109
6042.821944,157.163144
6043.162778,157.172822
6043.314167,157.172822
6044.5025,157.192179
6044.889444,157.172822
6045.890278,157.06636
6046.193611,157.134109
6046.861111,157.153465
6047.175833,157.192179
6047.506667,157.211536
6047.882222,157.230892
6048.170556,157.269606
6048.479722,157.259928
6049.099444,157.259928
6049.178611,157.230892
6049.528056,157.240571
6049.91,157.221214
6050.175556,157.221214
6050.252778,157.269606
6050.566944,157.172822
6050.956944,157.201857
6051.454167,157.153465
6051.873611,157.201857
6052.2175,157.192179
6052.551667,157.211536
6053.731111,157.269606
6054.073333,157.240571
6054.780556,157.230892
6055.390833,157.230892
6055.788333,157.259928
6056.120833,157.36639
6056.269722,157.36639
6056.449444,157.395425
6057.078611,157.463174
6057.354722,157.463174
6057.728333,157.376068
6058.0425,157.405103
6058.353889,157.327676
6059.8975,157.240571
6060.205278,157.327676
6060.553333,157.30832
6061.298056,157.347033
6061.583333,157.30832
6062.910278,157.327676
6063.562778,157.327676
6063.615,157.327676
6064.235278,157.337355
6064.636667,157.337355
6065.211944,157.327676
6065.902222,157.347033
6066.23,157.443817
6066.600278,157.376068
6066.975,157.356711
6067.285833,157.42446
6068.020833,157.376068
6068.348611,157.36639
6068.728889,157.30832
6069.038889,157.347033
6069.346944,157.405103
6070.346389,157.414782
6070.628333,157.414782
6070.731389,157.259928
6071.07,157.317998
6071.377778,157.30832
6071.7275,157.30832
6071.750556,157.269606
6072.073333,157.259928
6072.723333,157.288963
6073.591667,157.298641
6074.344722,157.376068
6074.724167,157.337355
6075.057222,157.376068
6075.395833,157.356711
6075.758333,157.356711
6076.408056,157.414782
6076.962778,157.42446
6077.821667,157.42446
6077.833333,157.36639
6078.156389,157.443817
6078.488889,157.376068
6078.883056,157.376068
6078.888056,157.356711
6079.851667,157.395425
6080.1925,157.42446
6080.481111,157.376068
6080.860833,157.405103
6081.119167,157.434139
6081.430556,157.48253
6082.186389,157.521244
6082.484722,157.463174
6082.873056,157.48253
6084.246944,157.356711
6084.561944,157.434139
6084.808333,157.434139
6084.831667,157.395425
6085.093611,157.356711
6085.423889,157.414782
6085.786389,157.472852
6085.827778,157.472852
6086.490833,157.453495
6087.109722,157.550279
6087.414722,157.492209
6088.108056,157.434139
6088.753889,157.453495
6089.093889,157.453495
6089.883611,157.48253
6090.2275,157.618028
6090.596667,157.627706
6091.2575,157.559958
6091.518333,157.550279
6091.9875,157.579314
6092.137222,157.579314
6093.018611,157.414782
6093.206389,157.414782
6093.351667,157.395425
6093.726944,157.347033
6094.114444,157.347033
6094.410278,157.414782
6094.765556,157.42446
6095.3925,157.356711
6095.803611,157.337355
6096.176944,157.337355
6096.901667,157.288963
6097.240278,157.327676
6097.526944,157.317998
6097.88,157.30832
6099.195833,157.30832
6100.029722,157.618028
6100.358333,157.618028
6101.104444,157.492209
6101.104722,157.492209
6101.8,157.569636
6102.133889,157.579314
6102.449722,157.405103
6103.095833,157.579314
6103.738889,157.579314
6104.095278,157.656741
6104.42,157.569636
6105.115556,157.569636
6105.421111,157.501887
6105.795,157.376068
6106.121389,157.337355
6106.503611,157.337355
6107.451944,157.36639
6107.561389,157.36639
6107.833889,157.356711
6108.138333,157.347033
6109.189722,157.298641
6109.492778,157.279284
6109.886944,157.337355
6112.168333,157.347033
6112.896944,157.288963
6113.210556,157.259928
6113.516111,157.279284
6113.853333,157.30832
6114.187778,157.347033
6114.807778,157.327676
6115.156389,157.327676
6115.221944,157.327676
6115.834444,157.434139
6116.169167,157.395425
6116.261389,157.395425
6116.535833,157.434139
6116.912778,157.443817
6117.271944,157.395425
6117.913333,157.347033
6118.249722,157.288963
6118.568056,157.288963
6118.969167,157.269606
6120.033056,157.288963
6120.411667,157.279284
6120.764444,157.288963
6121.796667,157.434139
6122.149167,157.42446
6122.503611,157.395425
6122.756944,157.395425
6122.885278,157.347033
6123.510833,157.327676
6123.786667,157.327676
6123.884722,157.347033
6124.245833,157.414782
6124.527778,157.453495
6124.846389,157.540601
6125.056111,157.530922
6125.745556,157.434139
6126.092778,157.501887
6126.435278,157.42446
6126.820278,157.395425
6127.150833,157.463174
6127.504167,157.42446
6127.871111,157.472852
6128.235556,157.337355
6129.531389,157.405103
6129.778889,157.405103
6130.195,157.298641
6130.624444,157.259928
6130.841667,157.259928
6131.074167,157.240571
6131.876111,157.230892
6132.198333,157.192179
6132.504167,157.221214
6132.870833,157.240571
6133.119167,157.250249
6133.4625,157.269606
6133.831667,157.250249
6134.916389,157.211536
6135.250556,157.163144
6135.975,157.250249
6136.303611,157.221214
6136.629722,157.240571
6137.02,157.376068
6137.278611,157.376068
6137.371111,157.36639
6137.625,157.405103
6138.03,157.492209
6138.323056,157.492209
6138.385556,157.42446
6138.766111,157.434139
6139.108056,157.463174
6139.471944,157.453495
6139.856111,157.36639
6140.193056,157.443817
6140.481667,157.376068
6140.880278,157.36639
6141.235278,157.443817
6141.564722,157.36639
6141.931667,157.36639
6142.275278,157.347033
6142.624444,157.347033
6143.397222,157.288963
6143.756111,157.298641
6144.849722,157.279284
6145.198889,157.279284
6145.203333,157.395425
6145.530833,157.376068
6145.898333,157.395425
6146.216111,157.395425
6146.473611,157.347033
6146.825833,157.347033
6147.133333,157.36639
6147.759167,157.317998
6148.095278,157.42446
6149.064722,157.598671
6149.805556,157.627706
6150.126944,157.540601
6150.463056,157.48253
6150.879444,157.492209
6151.218056,157.443817
6152.125278,157.347033
6152.476111,157.36639
6152.793056,157.36639
6152.811944,157.337355
6153.152222,157.317998
6153.456111,157.347033
6153.829167,157.347033
6154.645,157.240571
6155.271389,157.327676
6155.989722,157.269606
6156.226389,157.259928
6157.258611,157.240571
6157.556389,157.240571
6157.938611,157.259928
6158.253889,157.279284
6158.591111,157.327676
6158.984444,157.337355
6159.983333,157.337355
6159.984722,157.36639
6161.024167,157.36639
6161.998889,157.405103
6162.557222,157.30832
6162.912778,157.356711
6163.213056,157.395425
6163.902222,157.36639
6164.209722,157.327676
6164.534722,157.269606
6164.906944,157.30832
6165.221389,157.288963
6165.539167,157.211536
6165.931667,157.269606
6166.169444,157.269606
6167.163889,157.30832
6167.275,157.30832
6168.094722,157.250249
6168.289167,157.250249
6169.303056,157.172822
6169.62,157.250249
6169.905833,157.230892
6170.203056,157.134109
6170.500556,157.1825
6170.868889,157.192179
6171.900278,157.230892
6172.248611,157.1825
6172.57,157.211536
6172.966111,157.36639
6173.435556,157.279284
6173.816667,157.36639
6174.158611,157.317998
6174.409722,157.317998
6174.49,157.259928
6174.86,157.288963
6175.493889,157.288963
6175.525278,157.298641
6175.974167,157.347033
6176.576667,157.317998
6176.957222,157.221214
6177.324722,157.269606
6177.648333,157.1825
6177.991667,157.211536
6178.311389,157.211536
6178.993333,157.1825
6179.243333,157.259928
6179.570278,157.221214
6180.228056,157.269606
6181.036944,157.172822
6181.360833,157.172822
6181.733611,157.1825
6181.790278,157.1825
6182.7325,157.288963
6182.890833,157.288963
6183.0625,157.298641
6183.316667,157.317998
6183.725278,157.317998
6184.033056,157.279284
6184.328889,157.288963
6184.646111,157.279284
6185.008056,157.298641
6185.775833,157.240571
6186.075,157.269606
6186.436111,157.211536
6186.847222,157.42446
6187.126389,157.414782
6187.426111,157.443817
6187.804167,157.327676
6188.125833,157.30832
6188.398889,157.288963
6189.060556,157.288963
6189.178333,157.221214
6189.5075,157.172822
6189.804722,157.12443
6190.119722,157.12443
6190.147778,157.114752
6190.423333,157.06636
6190.820278,157.047003
6191.173056,157.085717
6191.388333,157.134109
6191.995,157.12443
6192.273611,157.143787
6192.614722,157.105073
6192.999444,157.06636
6193.3175,157.06636
6193.6375,157.00829
6194.077778,157.105073
6194.401389,157.085717
6194.749444,157.153465
6195.067222,157.259928
6195.3925,157.288963
6196.166944,157.279284
6196.463611,157.405103
6196.852778,157.405103
6196.856667,157.501887
6197.149167,157.48253
6197.787778,157.453495
6197.952778,157.453495
6198.112222,157.36639
6198.422778,157.30832
6198.788611,157.230892
6199.106944,157.1825
6199.421111,157.30832
6200.435,157.36639
6200.792778,157.288963
6201.429444,157.30832
6201.769444,157.317998
6202.433056,157.201857
6202.820278,157.259928
6203.156389,157.201857
6203.900833,157.259928
6204.379444,157.259928
6204.388056,157.230892
6204.718056,157.211536
6205.041944,157.269606
6205.381944,157.269606
6205.384722,157.269606
6205.755556,157.269606
6206.018333,157.211536
6206.323889,157.250249
6206.964444,157.250249
6207.209444,157.240571
6207.722778,157.192179
6208.071667,157.163144
6208.36,157.201857
6208.749722,157.240571
6209.070556,157.201857
6209.363889,157.230892
6210.315,157.221214
6211.071667,157.1825
6211.611389,157.211536
6213.084167,157.240571
6213.396944,157.298641
6213.746389,157.298641
6213.753611,157.259928
6214.075278,157.269606
6214.747222,157.269606
6214.753889,157.201857
6215.114444,157.134109
6215.435278,157.12443
6215.814722,157.085717
6216.090833,157.201857
6216.459167,157.192179
6217.149722,157.42446
6218.177222,157.405103
6218.892222,157.405103
6219.206667,157.463174
6219.486389,157.492209
6220.128611,157.637385
6220.374444,157.647063
6220.734167,157.647063
6221.740278,157.647063
6222.114167,157.521244
6222.408056,157.405103
6222.785278,157.472852
6223.109167,157.405103
6223.526389,157.42446
6223.926389,157.48253
6224.290556,157.511566
6224.590833,157.48253
6224.987778,157.588993
6225.287222,157.559958
6225.588333,157.588993
6225.984722,157.618028
6226.282222,157.579314
6226.591667,157.530922
6226.976667,157.501887
6227.334444,157.48253
6227.629722,157.463174
6227.924167,157.463174
6227.975556,157.443817
6228.266667,157.42446
6228.526944,157.550279
6228.878333,157.48253
6228.931944,157.48253
6229.198056,157.48253
6229.882778,157.463174
6230.200278,157.414782
6230.441944,157.434139
6230.825833,157.434139
6231.441389,157.405103
6232.165278,157.395425
6232.503333,157.463174
6232.881111,157.501887
6233.776667,157.588993
6234.116944,157.618028
6234.438056,157.637385
6234.793889,157.685777
6234.845556,157.685777
6235.155278,157.60835
6235.495833,157.550279
6235.850833,157.550279
6235.866944,157.579314
6236.183056,157.472852
6236.471389,157.337355
6236.769444,157.201857
6237.029444,157.347033
6237.620278,157.347033
6238.341667,157.317998
6238.633611,157.317998
6239.353611,157.269606
6239.724444,157.240571
6240.0825,157.211536
6240.798611,157.288963
6241.013333,157.298641
6241.923611,157.298641
6241.998056,157.405103
6242.307778,157.434139
6242.608611,157.42446
6242.965278,157.42446
6243.018889,157.36639
6243.624722,157.453495
6243.964167,157.42446
6244.2825,157.472852
6244.616944,157.492209
6245.009722,157.48253
6245.202222,157.48253
6245.991944,157.598671
6246.309722,157.598671
6246.523333,157.540601
6246.886944,157.66642
6247.241111,157.511566
6248.560278,157.627706
6248.814167,157.627706
6248.909722,157.72449
6249.225833,157.588993
6249.528889,157.579314
6249.822222,157.579314
6249.919444,157.637385
6250.191111,157.656741
6250.517778,157.521244
6251.966111,157.42446
6252.280278,157.36639
6252.613056,157.317998
6253.338333,157.443817
6253.631667,157.395425
6254.020833,157.347033
6254.343889,157.453495
6254.724722,157.434139
6255.415833,157.579314
6256.102222,157.579314
6256.111944,157.472852
6257.056111,157.559958
6257.103889,157.559958
6257.460833,157.569636
6257.815556,157.579314
6258.141944,157.676098
6258.475833,157.772882
6258.863056,157.830952
6259.175278,157.647063
6260.313056,157.472852
6260.615556,157.36639
6261.288611,157.356711
6261.5475,157.259928
6261.925833,157.356711
6262.190556,157.347033
6262.486111,157.317998
6263.195278,157.376068
6263.395278,157.376068
6263.881389,157.405103
6264.225833,157.376068
6264.435556,157.376068
6264.444444,157.405103
6264.843056,157.443817
6265.159722,157.511566
6265.875278,157.521244
6266.203611,157.618028
6266.530278,157.550279
6266.889722,157.618028
6267.223333,157.72449
6267.539444,157.695455
6267.933889,157.78256
6268.271944,157.627706
6268.5825,157.627706
6269.281111,157.763204
6270.051667,157.821274
6270.358611,157.647063
6270.614167,157.647063
6270.753333,157.647063
6271.416389,157.540601
6271.643889,157.540601
6272.135556,157.443817
6272.461389,157.376068
6272.8425,157.376068
6273.487778,157.356711
6273.885556,157.337355
6274.474444,157.36639
6274.828056,157.443817
6275.101111,157.376068
6275.456667,157.395425
6275.840278,157.376068
6276.149722,157.337355
6276.386667,157.30832
6276.758611,157.288963
6277.110833,157.230892
6277.4925,157.327676
6277.866944,157.395425
6277.918056,157.395425
6278.173056,157.443817
6278.544444,157.434139
6278.931944,157.434139
6278.937778,157.414782
6279.760556,157.463174
6280.771944,157.463174
6281.108889,157.472852
6281.456111,157.540601
6281.853056,157.511566
6282.136667,157.501887
6282.486944,157.530922
6282.903056,157.540601
6283.241944,157.550279
6283.998889,157.550279
6284.336111,157.579314
6284.6925,157.598671
6285.091944,157.627706
6285.2775,157.627706
6285.977778,157.540601
6286.290833,157.540601
6286.298056,157.492209
6286.990278,157.434139
6287.318889,157.443817
6288.419167,157.395425
6288.795278,157.492209
6290.365833,157.434139
6291.102222,157.60835
6291.446944,157.511566
6291.875833,157.540601
6292.208056,157.647063
6292.471667,157.647063
6292.545833,157.588993
6292.911111,157.714812
6293.258611,157.579314
6293.578056,157.579314
6293.923889,157.540601
6294.503889,157.298641
6294.910833,157.288963
6295.216667,157.356711
6295.538333,157.279284
6295.962778,157.36639
6296.291667,157.492209
6297.043611,157.472852
6297.370833,157.453495
6297.751389,157.376068
6298.111667,157.337355
6298.466389,157.443817
6299.1425,157.434139
6299.843889,157.569636
6299.856944,157.540601
6300.196389,157.511566
6300.533889,157.559958
6300.8475,157.559958
6300.918056,157.521244
6301.186111,157.453495
6301.539167,157.443817
6301.9325,157.443817
6302.223056,157.472852
6302.911667,157.569636
6304.354444,157.501887
6304.726944,157.472852
6305.529167,157.48253
6305.925278,157.598671
6306.232778,157.598671
6306.5575,157.588993
6307.189722,157.588993
6307.603611,157.60835
6307.995278,157.676098
6308.23,157.676098
6308.733889,157.511566
6309.432222,157.530922
6310.146111,157.443817
6310.845833,157.36639
6311.186111,157.405103
6311.535833,157.337355
6311.898333,157.36639
6312.532778,157.443817
6312.926111,157.376068
6313.599444,157.405103
6313.948333,157.317998
6314.317222,157.463174
6314.526111,157.463174
6314.636667,157.434139
6315.015556,157.405103
6315.403333,157.395425
6315.556944,157.395425
6315.805278,157.434139
6316.456944,157.550279
6316.846111,157.618028
6317.858056,157.685777
6318.480833,157.443817
6318.7925,157.569636
6319.464444,157.453495
6319.858056,157.511566
6320.207222,157.511566
6320.565556,157.434139
6321.275278,157.472852
6321.603889,157.42446
6321.864722,157.42446
6322.015,157.521244
6322.236389,157.501887
6322.590556,157.414782
6322.921667,157.414782
6323.014167,157.492209
6323.282778,157.472852
6323.599167,157.395425
6324.518333,157.42446
6324.878611,157.463174
6325.528056,157.414782
6325.897778,157.463174
6326.181667,157.463174
6326.46,157.463174
6326.867778,157.36639
6327.171389,157.395425
6327.504444,157.376068
6327.873056,157.337355
6328.1675,157.337355
6328.461111,157.36639
6328.810278,157.434139
6328.920556,157.434139
6329.1075,157.42446
6329.366389,157.405103
6329.775278,157.472852
6329.922222,157.472852
6330.038056,157.42446
6330.363611,157.356711
6330.804722,157.317998
6331.138333,157.298641
6331.477222,157.337355
6331.873889,157.36639
6332.137778,157.395425
6332.459444,157.376068
6332.854444,157.511566
6333.1775,157.434139
6333.514444,157.42446
6334.548333,157.337355
6335.283056,157.337355
6335.565556,157.327676
6335.769167,157.327676
6336.889722,157.327676
6336.893889,157.395425
6337.575556,157.36639
6337.929722,157.414782
6338.196389,157.36639
6338.595,157.443817
6338.991667,157.395425
6339.383056,157.395425
6339.719444,157.36639
6340.353611,157.36639
6340.724167,157.414782
6341.015556,157.48253
6341.388889,157.511566
6342.008333,157.472852
6342.315556,157.42446
6342.609167,157.472852
6342.841111,157.472852
6342.918333,157.48253
6343.886111,157.48253
6344.85,157.259928
6345.319722,157.250249
6346.338056,157.288963
6346.639167,157.288963
6347.011111,157.250249
6347.355278,157.240571
6347.745,157.250249
6348.035556,157.240571
6348.366944,157.201857
6348.773333,157.240571
6349.088611,157.288963
6349.446389,157.298641
6349.803056,157.36639
6350.199722,157.36639
6350.810278,157.414782
6351.236667,157.414782
6351.480556,157.317998
6352.541667,157.347033
6352.895833,157.36639
6353.185833,157.337355
6353.605,157.434139
6353.967778,157.376068
6354.648889,157.327676
6354.996667,157.356711
6355.558333,157.288963
6355.909167,157.317998
6357.38,157.317998
6357.432222,157.317998
6357.736389,157.347033
6358.017778,157.327676
6358.298056,157.259928
6358.428056,157.259928
6358.620556,157.240571
6358.985278,157.240571
6359.564167,157.230892
6360.175556,157.211536
6360.475,157.192179
6360.832778,157.240571
6361.423333,157.240571
6361.794444,157.327676
6362.294722,157.211536
6362.588889,157.298641
6362.944167,157.211536
6363.210278,157.134109
6363.474722,157.172822
6363.834444,157.153465
6363.934722,157.134109
6364.092778,157.134109
6364.645833,157.134109
6364.735278,157.395425
6364.960833,157.337355
6365.355556,157.288963
6365.797778,157.288963
6365.866944,157.269606
6366.151389,157.221214
6366.430833,157.201857
6366.786667,157.269606
6367.116667,157.163144
6367.410556,157.201857
6368.093611,157.172822
6368.363611,157.153465
6368.739444,157.172822
6369.0875,157.114752
6369.303611,157.105073
6369.612222,157.105073
6369.969444,157.095395
6370.31,157.134109
6370.599444,157.12443
6371.202222,157.192179
6371.485833,157.153465
6372.115556,157.153465
6372.4325,157.047003
6372.821389,157.00829
6373.116111,157.00829
6373.461389,156.940541
6374.099722,156.998611
6374.389167,157.06636
6374.738333,157.153465
6375.030556,157.134109
6375.293611,157.085717
6375.973889,157.047003
6376.269167,157.230892
6376.564167,157.279284
6376.927778,157.230892
6377.235278,157.230892
6377.52,157.192179
6377.876389,157.250249
6378.150278,157.211536
6378.446111,157.192179
6379.074167,157.192179
6379.395278,157.250249
6380.028611,157.317998
6380.076111,157.317998
6380.338333,157.230892
6380.658611,157.221214
6381.328611,157.163144
6381.607778,157.201857
6382.006111,157.12443
6382.603611,157.12443
6383.306111,157.134109
6383.919444,157.085717
6384.054722,157.06636
6384.235,157.085717
6384.547222,157.192179
6384.928889,157.114752
6385.225,157.06636
6385.516667,157.12443
6385.899722,157.085717
6386.171667,157.037325
6386.4725,157.037325
6386.475833,157.017968
6386.853889,157.172822
6387.171944,157.105073
6387.433333,157.134109
6387.478889,157.134109
6387.837222,157.1825
6388.101667,157.134109
6388.388333,157.12443
6388.7775,157.192179
6389.441944,157.153465
6390.316667,157.105073
6390.574167,157.105073
6390.999167,157.211536
6391.32,157.12443
6391.641667,157.134109
6392.033056,157.221214
6392.341111,157.269606
6393.056389,157.240571
6393.788333,157.250249
6394.029444,157.250249
6394.456944,157.250249
6394.808889,157.279284
6395.040278,157.279284
6395.1375,157.230892
6395.493056,157.230892
6395.844722,157.230892
6396.918889,157.230892
6397.248611,157.201857
6397.565,157.172822
6398.584722,157.153465
6398.916944,157.163144
6399.542778,157.211536
6399.908333,157.269606
6400.232778,157.259928
6400.443333,157.230892
6401.111111,157.317998
6401.471944,157.317998
6401.480556,157.298641
6401.877222,157.337355
6402.159167,157.30832
6402.475556,157.30832
6402.498056,157.30832
6402.872222,157.279284
6403.2075,157.250249
6403.578889,157.501887
6403.958333,157.540601
6405.608056,157.443817
6405.992778,157.356711
6406.308611,157.327676
6406.642778,157.327676
6407.75,157.337355
6408.409444,157.317998
6408.814167,157.36639
6409.0625,157.36639
6409.445,157.347033
6409.801667,157.395425
6410.119722,157.395425
6410.475,157.288963
6410.796944,157.30832
6411.155,157.279284
6411.416667,157.288963
6411.774167,157.492209
6412.011944,157.443817
6412.315,157.463174
6412.616667,157.569636
6413.431111,157.443817
6413.431389,157.443817
6414.178889,157.434139
6414.918889,157.453495
6415.242222,157.327676
6415.579444,157.259928
6415.905833,157.36639
6416.223611,157.434139
6416.495,157.434139
6416.876667,157.511566
6417.53,157.511566
6419.128611,157.405103
6419.411944,157.337355
6420.125,157.327676
6420.431944,157.317998
6421.119722,157.298641
6421.365,157.337355
6422.928333,157.259928
6423.265556,157.201857
6423.781667,157.201857
6423.936111,157.288963
6424.253056,157.269606
6424.837222,157.269606
6425.563333,157.327676
6426.253333,157.30832
6426.576389,157.230892
6426.963333,157.288963
6427.286389,157.259928
6427.601667,157.288963
6428.010556,157.327676
6428.745278,157.134109
6429.079722,157.143787
6430.094444,157.153465
6430.746667,157.134109
6430.996389,157.134109
6431.049722,157.134109
6431.735278,157.076038
6432.038333,157.076038
6432.073333,157.076038
6432.376111,156.988933
6432.770556,157.076038
6433.397222,157.192179
6434.4,157.221214
6434.650833,157.250249
6435.060556,157.153465
6435.37,157.153465
6435.749722,157.211536
6436.399722,157.134109
6436.733056,157.172822
6437.078889,157.201857
6437.550278,157.1825
6438.0575,157.230892
6438.359444,157.230892
6438.365278,157.134109
6439.040278,157.095395
6439.365556,157.095395
6440.411667,157.06636
6440.756389,157.037325
6441.786389,157.037325
6442.075,156.998611
6443.431944,157.027646
6443.817778,157.056681
6444.334167,156.998611
6444.739167,156.998611
6445.039444,157.047003
6445.357778,157.076038
6445.595833,157.076038
6445.748333,157.076038
6446.608056,157.076038
6446.757222,157.047003
6447.478056,156.979254
6447.824722,156.988933
6448.185556,157.027646
6448.526111,157.047003
6448.896111,157.085717
6449.2075,157.027646
6449.892222,157.047003
6450.437222,157.027646
6450.793056,157.047003
6451.103056,157.056681
6451.405556,157.047003
6451.77,157.076038
6452.0725,157.047003
6452.375556,157.027646
6452.738056,157.06636
6453.034167,157.076038
6453.196944,157.076038
6453.3025,157.017968
6454.223889,157.017968
6454.474444,156.969576
6455.36,156.921184
6455.646389,156.988933
6456.016389,157.00829
6456.305278,156.950219
6456.626111,156.940541
6456.984444,156.969576
6457.356667,156.950219
6457.739722,156.950219
6458.068056,156.940541
6458.415,157.017968
6458.803333,157.06636
6459.129444,156.988933
6459.493333,157.076038
6459.874167,157.085717
6460.261944,157.085717
6460.520556,157.056681
6460.898333,157.095395
6461.250278,157.047003
6461.298611,157.047003
6461.496667,157.047003
6462.16,157.269606
6462.453889,157.347033
6462.832222,157.434139
6463.496944,157.347033
6464.274444,157.405103
6464.576111,157.347033
6465.021667,157.36639
6465.798889,157.269606
6466.450833,157.317998
6466.828889,157.230892
6469.765833,157.259928
6470.086667,157.201857
6470.425833,157.250249
6470.7475,157.221214
6471.045556,157.211536
6471.363611,157.163144
6471.725,157.288963
6472.056944,157.250249
6472.385278,156.930862
6472.769722,156.950219
6473.119722,156.969576
6473.489167,156.950219
6473.865278,157.06636
6474.201389,157.153465
6474.796944,157.153465
6474.805556,157.269606
6475.431667,157.30832
6475.7475,157.298641
6475.810833,157.298641
6476.016944,157.279284
6476.311667,157.230892
6476.978889,157.221214
6477.276389,157.153465
6477.586944,157.134109
6478.542778,157.105073
6478.970278,157.114752
6479.268611,157.056681
6479.614444,157.076038
6479.935833,157.114752
6480.275556,157.114752
6480.965556,157.105073
6481.293056,157.095395
6481.722778,157.240571
6481.761111,157.240571
6482.353333,157.12443
6482.746667,157.230892
6482.788333,157.230892
6483.070833,157.12443
6483.710278,157.114752
6484.006111,157.172822
6484.294722,157.134109
6484.586111,157.1825
6484.969444,157.1825
6485.255556,157.201857
6486.172778,157.143787
6487.225,157.250249
6487.566944,157.211536
6487.938889,157.30832
6488.445,157.269606
6488.808611,157.250249
6489.121389,157.221214
6489.411111,157.221214
6489.417778,157.221214
6490.114722,157.134109
6490.4225,157.134109
6490.436111,157.153465
6490.816111,157.153465
6491.111944,157.12443
6491.742778,157.201857
6492.318056,157.134109
6492.962222,157.163144
6493.236389,157.134109
6493.526389,157.095395
6493.9125,157.143787
6494.569167,157.105073
6495.32,157.1825
6495.650833,157.163144
6496.023056,157.201857
6496.420833,157.172822
6496.768611,157.172822
6496.782222,157.259928
6497.062222,157.211536
6497.405556,157.153465
6497.741944,157.201857
6497.780278,157.201857
6498.027222,157.105073
6498.747778,157.12443
6500.069167,157.172822
6500.398889,157.153465
6500.765,157.163144
6500.9925,157.153465
6501.318056,157.12443
6502.05,157.134109
6502.735,157.105073
6503.333889,157.037325
6503.756944,157.047003
6504.056111,157.105073
6504.316389,157.105073
6504.401111,157.06636
6504.771389,157.12443
6505.094444,157.085717
6505.345278,157.085717
6505.400833,157.047003
6505.789722,157.037325
6506.098611,156.998611
6506.345556,156.998611
6507.011667,156.988933
6507.590278,157.037325
6507.973611,157.047003
6508.260556,157.085717
6508.580278,157.143787
6509.291944,157.114752
6509.627778,157.114752
6510.29,157.076038
6510.894167,157.076038
6511.168333,157.076038
6511.8625,157.095395
6512.186667,157.1825
6512.323889,157.1825
6512.470833,157.143787
6512.813611,157.1825
6513.111111,157.1825
6513.391667,157.1825
6513.396389,157.134109
6513.791389,157.143787
6514.102778,157.105073
6514.395278,157.06636
6515.775,157.143787
6516.063333,157.12443
6516.760278,157.163144
6517.052778,157.172822
6517.298056,157.201857
6517.600278,157.153465
6517.9625,157.201857
6518.902222,157.211536
6519.2025,157.230892
6519.596389,157.192179
6519.626111,157.192179
6519.819444,157.192179
6519.911667,157.211536
6520.226111,157.211536
6520.851111,157.211536
6520.860556,157.298641
6521.168333,157.221214
6521.475556,157.240571
6522.053611,157.230892
6522.340556,157.153465
6522.648056,157.153465
6523.381944,157.095395
6523.778889,157.12443
6524.183889,157.105073
6524.501667,157.153465
6525.930833,157.105073
6526.2075,157.114752
6526.556944,157.105073
6526.898889,157.076038
6527.204722,157.076038
6527.211667,157.114752
6527.5375,157.076038
6527.927778,157.056681
6528.146389,157.06636
6528.206667,157.06636
6528.476389,157.056681
6528.838056,157.105073
6529.163056,157.017968
6529.792778,157.095395
6530.155,157.076038
6530.419722,157.085717
6531.131944,156.988933
6531.484722,157.105073
6531.856667,157.076038
6532.154722,157.047003
6532.526111,157.085717
6532.879167,157.221214
6533.736389,157.269606
6534.181667,157.298641
6534.482778,157.405103
6534.765556,157.405103
6535.450278,157.192179
6535.766667,157.192179
6535.851944,157.153465
6536.833889,157.085717
6537.129444,157.114752
6537.457222,157.056681
6537.824722,157.076038
6538.152222,157.06636
6538.745556,157.056681
6539.056667,157.076038
6539.386111,157.085717
6539.750278,157.056681
6540.042778,157.037325
6540.390556,156.979254
6540.744444,157.017968
6541.078611,157.017968
6541.371111,156.969576
6541.763333,157.056681
6541.916667,157.056681
6542.076667,157.056681
6542.834167,157.114752
6542.994722,157.114752
6543.142222,157.037325
6543.435556,156.727616
6543.811667,156.8244
6544.119722,156.698581
6544.424722,156.669546
6544.81,156.921184
6545.153333,156.921184
6545.47,156.863114
6546.153333,156.969576
6546.461667,156.998611
6546.796667,156.979254
6547.139444,156.979254
6547.826111,156.969576
6548.033889,156.969576
6548.368056,156.940541
6548.751389,156.950219
6549.330556,156.950219
6549.332222,157.037325
6550.010556,157.06636
6550.315833,157.027646
6550.369722,157.027646
6550.650556,157.017968
6551.045833,157.056681
6551.336111,156.988933
6551.903056,156.959898
6552.212222,156.940541
6552.52,156.930862
6552.9275,156.950219
6553.270833,156.959898
6553.5775,156.959898
6553.970833,157.095395
6554.2275,157.047003
6554.531111,157.056681
6554.875,157.12443
6555.219444,157.076038
6555.502778,157.047003
6556.465,157.143787
6556.713611,157.143787
6556.810833,157.192179
6557.138889,157.134109
6557.438333,157.134109
6557.770833,157.134109
6558.33,157.163144
6559.0125,157.037325
6559.316111,157.076038
6559.917778,157.037325
6560.283889,157.095395
6560.584722,157.192179
6561.249444,157.143787
6561.5475,157.153465
6561.9025,157.047003
6562.958056,157.017968
6563.272778,156.998611
6563.608333,156.998611
6563.949722,156.969576
6564.153889,156.921184
6564.501389,156.988933
6564.771944,156.988933
6564.863333,156.979254
6565.162222,156.921184
6565.794444,156.921184
6566.111389,156.930862
6566.406667,156.959898
6566.753056,156.988933
6567.095833,156.76633
6567.410278,156.727616
6567.783889,156.717938
6568.358611,156.737295
6568.648056,156.969576
6569.005278,156.940541
6569.326389,156.998611
6569.629444,157.037325
6570.005833,156.979254
6570.649167,157.037325
6571.020833,157.037325
6571.3225,157.00829
6571.739722,157.017968
6572.057778,157.056681
6572.193611,157.056681
6572.366944,157.017968
6572.717778,157.027646
6573.000556,156.979254
6573.224444,156.979254
6573.631944,156.979254
6573.985,156.930862
6574.301944,156.88247
6576.725,156.979254
6577.026667,156.979254
6577.631667,156.930862
6577.9925,156.969576
6578.950556,156.988933
6579.267222,157.037325
6579.540556,157.037325
6579.563889,157.056681
6579.954444,157.095395
6580.275556,157.163144
6580.570556,157.163144
6580.579722,157.163144
6581.330278,157.105073
6582.645278,157.076038
6583.006389,157.134109
6583.925,157.143787
6584.241111,157.134109
6584.779722,157.250249
6585.396111,157.105073
6585.7925,157.12443
6586.454167,157.076038
6586.836944,157.114752
6587.211111,157.076038
6587.268889,157.076038
6587.498611,157.076038
6587.847222,157.163144
6588.146944,157.047003
6588.325556,157.047003
6588.483333,157.037325
6588.863611,157.085717
6589.172222,157.037325
6589.4675,156.979254
6589.866111,157.06636
6590.145556,157.017968
6590.459722,157.017968
6590.844722,157.027646
6591.873056,156.998611
6592.2425,156.988933
6592.552778,157.06636
6592.926111,157.017968
6593.227778,156.959898
6593.538333,157.027646
6593.916389,157.095395
6594.132222,157.037325
6594.75,157.037325
6595.106389,157.105073
6595.405833,157.085717
6595.759444,157.085717
6595.7675,157.134109
6596.071111,157.037325
6596.390278,156.988933
6596.755833,157.037325
6597.040833,157.017968
6597.367778,156.950219
6597.757222,156.979254
6598.079722,156.979254
6598.402222,156.930862
6599.079444,156.911506
6599.784722,157.027646
6600.126389,156.979254
6600.436111,156.959898
6600.8225,157.076038
6601.479444,157.06636
6602.177778,156.969576
6602.464444,156.969576
6602.475556,157.047003
6602.830556,157.047003
6603.489722,157.047003
6603.815,157.153465
6604.756944,157.12443
6605.085278,157.085717
6605.384444,157.056681
6605.819444,157.153465
6606.778889,157.047003
6607.09,157.017968
6607.422222,156.950219
6607.821944,157.056681
6608.121111,156.979254
6608.410278,156.940541
6609.12,156.921184
6610.769167,156.930862
6610.831944,156.930862
6611.403611,156.853435
6611.649722,156.911506
6611.864167,156.911506
6612.035833,156.930862
6612.374722,156.853435
6613.416944,156.979254
6613.823611,157.017968
6614.435,156.950219
6615.715,156.940541
6616.736111,156.979254
6617.016111,157.00829
6617.313333,157.00829
6617.714722,157.12443
6618.021111,157.114752
6618.204722,157.105073
6618.498056,157.095395
6618.750278,157.095395
6618.863611,157.153465
6619.209722,157.134109
6619.513611,157.06636
6619.755,157.06636
6619.848056,157.114752
6620.14,157.037325
6620.476944,157.095395
6621.145278,157.105073
6621.746667,157.095395
6622.392778,157.076038
6622.775833,157.105073
6623.756111,156.988933
6624.409167,156.988933
6624.743889,156.959898
6625.290556,157.047003
6625.616667,157.037325
6625.974444,157.12443
6626.291111,157.163144
6626.483056,157.163144
6626.601111,157.240571
6627.270556,157.269606
6627.516111,157.269606
6627.525,157.288963
6628.245278,157.095395
6628.504167,157.076038
6628.853889,157.211536
6629.453056,157.114752
6629.853889,157.1825
6630.379722,157.143787
6630.734722,157.163144
6631.0375,157.163144
6631.743611,157.076038
6632.336667,157.037325
6632.744722,157.076038
6633.074722,157.105073
6633.378056,157.095395
6633.752222,157.143787
6634.174444,157.143787
6634.326111,157.134109
6634.621667,157.1825
6635.018056,157.114752
6635.2275,157.114752
6635.779167,156.959898
6636.075833,156.979254
6636.438056,157.00829
6636.816111,156.979254
6637.123056,157.027646
6637.453889,156.959898
6637.783333,157.037325
6638.404444,156.988933
6639.098611,156.940541
6639.4175,156.88247
6639.796389,156.959898
6640.365556,156.921184
6640.743889,156.998611
6641.0625,156.979254
6642.087222,157.037325
6642.714722,157.114752
6643.019167,157.172822
6643.174444,157.172822
6643.349722,157.047003
6643.748333,156.998611
6644.334167,156.969576
6644.645556,157.017968
6645.008056,157.00829
6645.747222,157.017968
6646.0625,156.979254
6646.651111,156.998611
6647.027222,156.998611
6647.315556,156.940541
6647.742778,156.921184
6648.067778,156.863114
6648.373889,156.834079
6648.753056,156.930862
6649.067778,156.901827
6649.730278,156.950219
6649.776111,156.950219
6650.048611,157.037325
6650.35,157.017968
6650.729722,157.143787
6650.788333,157.143787
6651.0625,157.153465
6651.974722,157.1825
6652.704444,157.1825
6653.033889,157.230892
6653.919167,157.230892
6654.474444,157.095395
6654.856667,157.153465
6655.196111,157.153465
6655.495833,157.085717
6655.753056,157.114752
6656.071667,157.12443
6656.295556,157.143787
6656.578056,157.056681
6656.991111,157.076038
6657.270278,157.076038
6657.611667,157.076038
6658.282222,157.076038
6658.296111,157.06636
6658.597778,157.047003
6659.03,157.06636
6659.359444,157.037325
6659.721389,157.114752
6660.051667,157.06636
6660.372222,157.047003
6660.721389,157.105073
6661.440833,156.998611
6661.806389,157.00829
6662.109444,156.969576
6662.449167,156.998611
6663.151389,157.00829
6663.442222,157.076038
6664.442222,157.00829
6664.831667,157.00829
6664.838889,157.047003
6665.169722,156.998611
6665.44,157.056681
6665.860833,157.056681
6666.131389,156.959898
6666.430278,157.027646
6667.052778,157.027646
6667.333333,156.998611
6667.646944,157.06636
6668.028333,157.047003
6668.363889,156.901827
6669.056111,156.930862
6669.710556,157.221214
6670.024722,157.06636
6670.35,157.076038
6671.057778,157.037325
6671.6525,157.056681
6672.276111,157.056681
6672.277778,156.930862
6672.585278,157.00829
6672.976389,157.037325
6673.285278,157.037325
6673.294444,156.950219
6673.981389,157.047003
6674.303333,156.969576
6674.620556,156.979254
6675.315556,157.00829
6675.638889,157.027646
6675.995556,157.056681
6676.295,156.998611
6676.619167,157.037325
6676.980556,157.056681
6677.294722,157.114752
6677.5425,157.12443
6677.904167,157.056681
6678.503889,157.06636
6679.893056,157.134109
6679.998056,157.134109
6680.494722,157.221214
6680.835833,157.143787
6681.054444,157.143787
6681.140833,157.076038
6682.416944,156.969576
6682.769167,157.037325
6683.389167,156.950219
6683.718333,156.988933
6684.033056,156.998611
6684.387778,156.940541
6684.775278,156.998611
6685.086111,156.959898
6685.771944,156.950219
6686.739444,156.979254
6687.336389,156.979254
6687.341389,157.047003
6687.611389,157.095395
6687.976111,157.037325
6688.296944,157.095395
6688.360278,157.095395
6688.636111,157.047003
6689.020278,157.00829
6689.329167,157.056681
6689.621944,156.979254
6689.998611,156.998611
6690.290833,157.017968
6690.569444,157.06636
6690.932778,157.037325
6691.249167,157.06636
6691.556389,157.153465
6691.950556,157.085717
6692.305278,157.076038
6692.625833,157.076038
6692.979722,157.06636
6693.272778,157.076038
6693.535278,157.085717
6693.893333,157.076038
6694.238056,157.056681
6694.482222,157.056681
6694.571389,157.085717
6695.2125,157.017968
6695.514444,157.017968
6695.942778,156.969576
6696.495556,156.959898
6696.808611,156.998611
6697.091389,157.027646
6697.773333,156.979254
6698.090556,156.988933
6698.406111,156.998611
6699.784722,157.037325
6700.121944,157.076038
6700.443333,157.12443
6701.381667,156.930862
6702.174444,156.930862
6702.348889,156.921184
6702.714722,156.930862
6703.018333,156.901827
6703.215833,156.901827
6703.296944,156.950219
6703.598333,156.901827
6703.952222,157.037325
6704.268889,157.037325
6704.570833,156.979254
6704.9125,156.901827
6705.536944,156.834079
6706.195556,156.785687
6706.493611,156.8244
6707.1675,156.814722
6707.463333,156.834079
6707.8275,156.8244
6708.116667,156.814722
6708.426111,156.814722
6708.812778,156.872792
6709.131389,156.863114
6709.383611,156.863114
6709.467778,156.901827
6710.405278,156.901827
6710.419167,156.901827
6710.788333,156.843757
6711.423056,156.863114
6711.804722,156.863114
6712.118611,156.814722
6712.386111,156.863114
6713.065556,156.88247
6713.414722,156.930862
6713.767778,156.979254
6714.062778,156.901827
6714.360833,156.969576
6714.759722,157.153465
6715.384167,157.047003
6716.080278,157.06636
6716.408889,157.085717
6716.803333,157.114752
6717.116111,157.114752
6717.119167,157.143787
6717.456667,157.114752
6717.835556,157.114752
6718.107222,157.076038
6718.171944,157.076038
6718.418611,157.056681
6718.795833,157.027646
6719.096944,157.00829
6719.354444,156.959898
6719.736389,156.959898
6720.057778,156.901827
6720.385833,156.863114
6721.3275,156.911506
6722.281111,156.863114
6722.605,156.853435
6722.983333,156.834079
6723.330556,156.814722
6723.621389,156.834079
6724.267222,156.795365
6725.003333,156.834079
6725.331944,156.853435
6725.730833,156.930862
6726.589167,156.921184
6726.9375,156.921184
6727.272778,156.901827
6727.606111,156.901827
6727.998611,156.940541
6728.305278,156.911506
6728.621667,156.969576
6728.916111,156.969576
6728.985556,156.979254
6729.303889,156.979254
6729.518889,156.959898
6729.893056,156.911506
6729.941944,156.911506
6730.509722,156.911506
6730.865,156.901827
6731.163333,156.921184
6731.488056,156.901827
6731.775833,156.921184
6732.395278,156.940541
6732.766111,156.930862
6733.089444,156.921184
6733.445556,157.00829
6733.811111,156.950219
6734.125556,156.969576
6736.083333,156.969576
6736.086667,156.959898
6736.313056,156.998611
6736.622778,156.988933
6737.015833,156.998611
6737.1875,156.998611
6738.023056,157.037325
6739.059167,157.076038
6739.355833,156.969576
6740.053889,156.940541
6740.738056,156.843757
6741.362778,156.814722
6741.765556,156.8244
6742.071667,156.814722
6742.361389,156.853435
6742.720556,156.88247
6743.042778,156.911506
6743.336667,156.911506
6743.626944,156.911506
6743.731389,156.756651
6744.046111,156.911506
6744.3475,156.863114
6744.630278,156.863114
6744.646389,156.901827
6745.049167,156.872792
6745.366389,156.834079
6746.357778,156.853435
6747.0475,156.921184
6747.343611,156.88247
6747.7225,156.88247
6747.996944,156.911506
6748.308611,156.805043
6749.013611,156.969576
6750.016111,156.998611
6750.510556,157.076038
6751.361667,157.076038
6751.506944,157.037325
6751.889167,157.085717
6752.226944,157.12443
6752.375,157.12443
6752.743611,157.153465
6753.322222,157.027646
6753.634444,156.998611
6754.023889,157.037325
6755.05,156.979254
6755.798056,156.853435
6756.426667,156.863114
6756.812222,156.940541
6757.1425,156.872792
6758.244444,156.814722
6758.821667,156.814722
6759.254444,156.959898
6759.562222,157.12443
6759.842778,157.12443
6760.282222,156.901827
6760.602778,156.959898
6763.411944,156.940541
6763.781111,156.872792
6764.129722,156.814722
6764.413611,156.785687
6764.763611,156.776008
6765.148056,156.76633
6765.465833,156.746973
6765.853333,156.76633
6766.171944,156.737295
6766.444444,156.737295
6766.451667,156.776008
6766.826111,156.834079
6767.161667,156.805043
6767.468889,156.805043
6767.4775,156.843757
6767.848333,156.843757
6768.149167,156.795365
6768.453333,156.630832
6768.799444,156.611476
6769.091389,156.659868
6769.781944,156.737295
6770.071111,156.727616
6770.372222,156.756651
6770.746389,156.76633
6771.026944,156.76633
6771.575,156.805043
6771.916111,156.814722
6772.216389,156.853435
6772.534444,156.872792
6772.913889,156.88247
6773.224167,156.930862
6773.539167,156.901827
6774.066389,156.901827
6774.4975,156.988933
6774.837778,156.969576
6775.091667,156.969576
6775.500833,156.901827
6775.868889,156.872792
6776.176944,156.795365
6776.882778,156.88247
6777.203611,156.785687
6778.154722,156.76633
6779.401111,156.727616
6779.763056,156.776008
6780.374722,156.737295
6780.618056,156.727616
6780.972778,156.834079
6781.603611,156.911506
6781.818611,156.911506
6781.983056,156.930862
6782.308611,156.959898
6782.591389,156.930862
6782.872778,156.930862
6782.955833,156.979254
6783.280833,156.911506
6783.965,157.017968
6784.32,156.979254
6784.975,157.105073
6785.482222,157.12443
6785.852778,156.950219
6786.483611,156.872792
6787.386667,156.843757
6787.795556,156.872792
6788.414444,156.88247
6788.764444,156.979254
6788.980833,156.940541
6789.295278,156.940541
6789.304167,156.998611
6789.614444,156.940541
6790.281389,156.88247
6790.323333,156.88247
6790.590556,156.911506
6790.955556,156.930862
6791.250556,156.814722
6791.561111,156.863114
6791.924722,156.872792
6792.600278,156.834079
6793.321944,156.650189
6793.655556,156.679224
6794.316667,156.988933
6794.665,156.979254
6795.033333,156.950219
6796.046667,156.930862
6796.363333,156.863114
6796.746667,156.979254
6797.333056,156.930862
6797.621111,156.930862
6797.638889,157.047003
6798.072222,156.940541
6798.539167,157.017968
6798.747222,157.017968
6799.209444,157.00829
6799.513333,156.940541
6800.077222,157.00829
6800.416667,156.901827
6800.764167,156.863114
6801.048889,156.901827
6801.353889,156.853435
6801.735833,156.950219
6802.063889,157.056681
6802.358611,157.056681
6802.723056,157.105073
6803.031389,157.134109
6803.345556,157.076038
6803.723889,157.047003
6804.310556,157.056681
6804.614167,157.095395
6804.806667,157.095395
6804.993611,157.085717
6805.539722,157.06636
6805.838889,157.06636
6805.940833,157.163144
6806.533889,157.037325
6806.888333,157.056681
6807.199167,157.095395
6807.491111,157.114752
6807.853333,157.076038
6808.460278,157.037325
6809.143056,157.076038
6809.841389,157.12443
6810.166667,156.988933
6810.507778,157.076038
6810.859444,157.143787
6811.162778,157.12443
6811.855556,157.134109
6812.148333,157.134109
6812.157778,157.095395
6812.486111,156.998611
6812.845556,157.037325
6813.136111,157.056681
6813.178889,157.056681
6813.429722,156.930862
6813.786944,156.969576
6814.343056,156.88247
6815.338889,156.843757
6815.630278,156.776008
6815.986389,156.737295
6816.626944,156.785687
6817.277222,156.863114
6818.265278,156.708259
6818.578889,156.843757
6818.829167,156.805043
6819.154444,156.776008
6819.453056,156.698581
6819.815833,156.872792
6819.875,156.872792
6820.140833,156.76633
6820.4475,156.727616
6820.880833,156.727616
6821.425833,156.76633
6821.783056,156.76633
6822.051111,156.872792
6822.740833,156.785687
6823.059722,156.756651
6823.379167,156.717938
6824.751667,156.650189
6825.575278,156.8244
6825.954722,156.76633
6826.244722,156.727616
6826.534167,156.805043
6826.851111,156.785687
6827.150278,156.776008
6827.754444,156.776008
6827.758056,156.785687
6828.067778,156.795365
6828.379722,156.776008
6828.718333,156.805043
6828.775,156.805043
6829.018889,156.746973
6829.538333,156.679224
6830.152778,156.708259
6830.496111,156.776008
6831.123611,156.746973
6831.758889,156.785687
6832.074722,156.737295
6833.009722,156.814722
6833.309167,156.717938
6833.981667,156.698581
6834.259444,156.708259
6834.931111,156.795365
6835.076111,156.795365
6835.216389,156.8244
6835.529167,156.776008
6835.878889,156.737295
6836.101944,156.737295
6836.195278,156.76633
6836.863611,156.650189
6837.525,156.717938
6837.903611,156.58244
6838.909167,156.553405
6839.2125,156.505013
6839.506111,156.52437
6839.885833,156.572762
6840.115,156.563084
6840.350556,156.553405
6840.580833,156.611476
6840.835278,156.601797
6841.265,156.601797
6841.476111,156.640511
6841.964444,156.708259
6842.1925,156.679224
6842.241389,156.679224
6842.384167,156.630832
6842.605278,156.640511
6842.880556,156.688903
6843.281111,156.688903
6843.288333,156.659868
6843.521667,156.621154
6843.798333,156.553405
6844.011389,156.563084
6844.248056,156.650189
6844.428889,156.650189
6844.616667,156.650189
6845.1225,156.76633
6845.337222,156.727616
6845.915556,156.853435
6846.093333,156.8244
6846.508611,156.853435
6846.930556,156.737295
6847.158889,156.737295
6847.361944,156.727616
6847.561944,156.746973
6847.83,156.76633
6848.035556,156.8244
6848.265833,156.795365
6848.441667,156.785687
6848.639444,156.756651
6849.266111,156.756651
6849.27,156.805043
6849.764444,156.776008
6849.955,156.776008
6850.170833,156.795365
6850.272222,156.795365
6850.548333,156.776008
6851.036111,156.756651
6851.243333,156.776008
6851.913333,156.727616
6852.135,156.717938
6852.361944,156.737295
6852.575,156.76633
6852.846111,156.785687
6853.0025,156.776008
6853.145278,156.717938
6853.370833,156.688903
6853.621389,156.76633
6853.916667,156.8244
6854.305833,156.843757
6854.518333,156.872792
6855.338611,156.911506
6855.848333,156.88247
6856.323056,156.911506
6856.386389,156.911506
6856.57,156.834079
6856.888611,156.843757
6857.391389,156.843757
6857.628333,156.814722
6857.972778,156.785687
6858.218889,156.863114
6858.471389,156.8244
6858.805833,156.805043
6859.075278,156.8244
6859.314444,156.834079
6859.549444,156.8244
6860.065,156.785687
6860.293611,156.795365
6860.583889,156.814722
6860.886944,156.76633
6861.384167,156.708259
6861.618889,156.698581
6861.948333,156.708259
6862.226944,156.688903
6862.474722,156.688903
6862.774167,156.659868
6863.024444,156.427586
6863.301389,156.408229
6863.822222,156.408229
6863.911389,156.669546
6864.175,156.601797
6864.744167,156.611476
6864.909722,156.611476
6865.268333,156.669546
6865.536111,156.76633
6866.079167,156.88247
6866.371111,156.795365
6866.625833,156.814722
6866.915,156.776008
6867.151111,156.776008
6867.624444,156.698581
6867.938333,156.737295
6868.478333,156.756651
6869.088889,156.843757
6869.335278,156.843757
6869.589444,156.872792
6869.915556,156.805043
6870.123889,156.814722
6870.740833,156.737295
6870.990556,156.737295
6870.995556,156.776008
6871.277778,156.795365
6871.55,156.853435
6871.875556,156.785687
6872.053333,156.785687
6872.159444,156.76633
6872.411944,156.834079
6872.7625,156.795365
6873.000833,156.776008
6873.7825,156.901827
6874.274722,156.795365
6875.033333,156.795365
6875.284444,156.756651
6875.533056,156.737295
6875.9425,156.785687
6876.280556,156.76633
6876.978056,156.717938
6877.330278,156.76633
6877.626389,156.756651
6878.007778,156.717938
6878.334722,156.76633
6878.733889,156.76633
6878.738611,156.76633
6879.031389,156.756651
6879.317222,156.76633
6879.721667,156.746973
6879.792222,156.746973
6880.414444,156.727616
6880.791111,156.814722
6881.1525,156.814722
6881.3875,156.737295
6882.404444,156.688903
6883.140556,156.76633
6883.458611,156.708259
6883.836111,156.688903
6884.508056,156.669546
6885.169722,156.650189
6885.461667,156.630832
6885.743611,156.630832
6886.194444,156.592119
6886.528333,156.592119
6886.756667,156.592119
6886.923611,156.592119
6887.236389,156.592119
6887.57,156.543727
6887.9475,156.534049
6888.266944,156.534049
6889.201111,156.592119
6889.503611,156.543727
6889.876111,156.543727
6890.207778,156.505013
6890.538611,156.52437
6890.972778,156.456621
6891.596667,156.514692
6892.640556,156.669546
6892.89,156.669546
6893.345,156.698581
6893.613889,156.76633
6893.948611,156.76633
6894.219167,156.669546
6894.932222,156.805043
6895.278056,156.717938
6895.943056,156.727616
6896.288611,156.669546
6896.651111,156.640511
6897.332778,156.688903
6897.564167,156.611476
6897.962222,156.640511
6898.288611,156.659868
6898.957778,156.650189
6899.246944,156.688903
6899.585833,156.688903
6899.851389,156.688903
6900.181111,156.640511
6900.896944,156.640511
6900.906667,156.795365
6901.585,156.785687
6902.353056,156.717938
6903.457778,156.688903
6903.813333,156.76633
6904.211944,156.746973
6904.514167,156.76633
6905.238056,156.776008
6905.609722,156.727616
6906.725278,156.727616
6906.958611,156.727616
6907.062222,156.776008
6907.383889,156.776008
6907.769444,156.746973
6907.993611,156.746973
6908.339444,156.650189
6908.712778,156.640511
6909.288611,156.572762
6909.523333,156.514692
6909.878056,156.543727
6910.233056,156.52437
6910.538333,156.52437
6910.985556,156.514692
6911.330556,156.495335
6911.725278,156.4663
6912.0875,156.485657
6912.4075,156.514692
6913.093056,156.659868
6913.418889,156.630832
6913.798611,156.630832
6913.802778,156.650189
6914.135833,156.650189
6914.474722,156.650189
6914.798056,156.650189
6914.859722,156.650189
6915.160556,156.58244
6915.5125,156.52437
6915.876111,156.611476
6916.206944,156.534049
6916.558333,156.495335
6916.965833,156.621154
6918.234722,156.58244
6918.235,156.58244
6919.024167,156.592119
6919.388611,156.650189
6919.791944,156.621154
6920.113333,156.640511
6921.126667,156.640511
6921.136389,156.592119
6921.458056,156.640511
6921.843333,156.572762
6922.101944,156.592119
6922.158333,156.592119
6922.456667,156.553405
6922.828611,156.563084
6923.436667,156.475978
6923.821389,156.563084
6924.129167,156.543727
6924.453889,156.698581
6924.836667,156.688903
6925.149722,156.746973
6926.515833,156.698581
6926.925556,156.737295
6927.269444,156.659868
6927.613889,156.679224
6928.033889,156.756651
6928.343611,156.746973
6928.644444,156.785687
6928.851111,156.785687
6929.296389,156.76633
6929.639167,156.76633
6929.904444,156.76633
6930.036667,156.785687
6930.370833,156.76633
6930.939722,156.76633
6931.571389,156.679224
6931.957778,156.688903
6932.269722,156.698581
6932.596111,156.688903
6933.589167,156.659868
6934.003611,156.650189
6934.613056,156.650189
6934.968889,156.630832
6935.297778,156.621154
6935.64,156.601797
6935.889444,156.601797
6936.011111,156.621154
6936.396389,156.543727
6936.722222,156.630832
6936.958333,156.630832
6937.044444,156.630832
6937.384167,156.592119
6937.773056,156.640511
6938.093333,156.601797
6938.7525,156.621154
6939.116111,156.553405
6939.454722,156.621154
6939.85,156.58244
6940.885556,156.785687
6941.594444,156.785687
6943.226944,156.785687
6943.64,156.688903
6944.013056,156.669546
6944.228056,156.669546
6944.550833,156.572762
6944.958611,156.630832
6947.064722,156.601797
6948.045556,156.553405
6948.8475,156.52437
6949.185,156.543727
6949.533333,156.563084
6949.8825,156.572762
6950.180556,156.592119
6950.302778,156.592119
6950.483056,156.563084
6950.886389,156.543727
6951.201111,156.611476
6951.343333,156.611476
6951.885833,156.553405
6952.183333,156.669546
6952.52,156.630832
6952.916944,156.621154
6953.185833,156.650189
6953.541389,156.669546
6953.886944,156.669546
6954.495556,156.698581
6954.941667,156.76633
6955.603611,156.785687
6956.316111,156.679224
6957.073889,156.698581
6957.3125,156.698581
6957.391389,156.630832
6957.781667,156.640511
6958.112222,156.688903
6958.345556,156.688903
6958.4275,156.640511
6958.825556,156.563084
6960.145833,156.611476
6960.950278,156.669546
6961.644167,156.601797
6962.003056,156.563084
6962.300556,156.621154
6963.449722,156.669546
6964.243056,156.669546
6964.531389,156.669546
6964.577222,156.630832
6964.941111,156.621154
6965.256667,156.698581
6965.581667,156.698581
6965.590278,156.727616
6967.033333,156.795365
6967.339722,156.785687
6967.61,156.727616
6968.003889,156.776008
6968.790278,156.679224
6969.121944,156.843757
6969.471944,156.76633
6969.87,156.698581
6970.555556,156.727616
6971.253056,156.76633
6971.561667,156.76633
6971.587222,156.717938
6972.321944,156.756651
6972.570556,156.756651
6973.066667,156.756651
6973.387222,156.776008
6973.748889,156.727616
6974.247778,156.76633
6974.632222,156.814722
6975.025278,156.756651
6975.355278,156.756651
6975.733889,156.688903
6976.083333,156.911506
6976.859167,156.8244
6977.263333,156.805043
6978.015833,156.834079
6978.350556,156.785687
6978.749167,156.698581
6979.079722,156.863114
6979.141667,156.863114
6979.848611,156.8244
6980.174167,156.8244
6980.490833,156.76633
6980.902778,156.814722
6981.245556,156.834079
6982.319444,156.805043
6982.641389,156.679224
6983.372222,156.688903
6983.7375,156.659868
6984.091667,156.669546
6984.426389,156.679224
6985.127222,156.814722
6985.490556,156.776008
6985.885833,156.795365
6986.131667,156.795365
6986.141389,156.795365
6986.816111,156.737295
6987.116389,156.737295
6987.1775,156.737295
6987.815278,156.650189
6988.142222,156.785687
6988.851111,156.756651
6989.173889,156.785687
6989.5175,156.776008
6990.183056,156.795365
6991.072778,156.795365
6991.398056,156.795365
6991.776389,156.756651
6992.034444,156.814722
6992.366944,156.843757
6993.056111,156.795365
6993.372778,156.805043
6993.633333,156.805043
6993.750278,156.8244
6994.075556,156.901827
6994.638333,156.901827
6994.761667,156.776008
6995.078611,156.756651
6995.331389,156.698581
6995.645278,156.669546
6996.036944,156.746973
6996.361111,156.708259
6996.748611,156.708259
6997.116111,156.834079
6997.831944,156.8244
6998.206389,156.814722
6998.959722,156.814722
6999.610833,156.76633
6999.904444,156.805043
7000.618333,156.843757
7000.895556,156.843757
7001.370833,156.901827
7001.72,156.776008
7001.910556,156.776008
7002.4,156.756651
7002.802222,156.688903
7003.111944,156.58244
7003.460833,156.901827
7004.129444,156.843757
7004.421944,156.843757
7004.8,156.708259
7005.098333,156.805043
7005.387222,156.76633
7006.072222,156.795365
7006.379167,156.746973
7006.645,156.805043
7006.984167,156.843757
7007.290556,156.814722
7008.070278,156.814722
7008.608333,156.843757
7008.986944,156.969576
7009.078056,156.969576
7009.301667,156.940541
7009.647778,156.853435
7009.968889,156.930862
7010.965556,156.737295
7011.613889,156.659868
7011.963889,156.669546
7012.303333,156.785687
7012.621111,156.727616
7013.004167,156.785687
7013.721667,156.708259
7014.040278,156.814722
7014.955556,156.76633
7015.154167,156.76633
7015.243333,156.785687
7015.497778,156.834079
7016.150833,156.8244
7016.199444,156.8244
7016.804722,156.727616
7017.111667,156.776008
7017.768611,156.746973
7018.376389,156.727616
7018.728889,156.659868
7018.790833,156.659868
7019.17,156.785687
7020.486944,156.727616
7020.806944,156.650189
7020.866944,156.630832
7021.980278,156.679224
7022.225278,156.679224
7022.695833,156.659868
7023.095278,156.746973
7023.28,156.746973
7023.441944,156.746973
7023.817778,156.621154
7024.110556,156.746973
7024.3275,156.76633
7024.719722,156.640511
7025.048056,156.669546
7025.635,156.727616
7025.993889,156.679224
7026.286667,156.785687
7026.597222,156.717938
7026.976111,156.621154
7027.323056,156.659868
7027.634167,156.611476
7028.741111,156.601797
7028.983611,156.601797
7029.073056,156.679224
7030.004722,156.679224
7030.061389,156.669546
7030.395,156.669546
7030.737778,156.563084
7031.004167,156.592119
7031.295556,156.621154
7031.625556,156.514692
7031.983056,156.446943
7032.239167,156.534049
7032.593889,156.475978
7032.986111,156.4663
7033.298056,156.601797
7033.586667,156.495335
7034.604167,156.543727
7034.9175,156.505013
7035.206389,156.572762
7035.508333,156.688903
7035.765833,156.688903
7035.843889,156.592119
7036.178056,156.621154
7036.483056,156.698581
7036.809167,156.698581
7036.815556,156.679224
7037.121944,156.669546
7037.416667,156.640511
7037.787222,156.592119
7038.091944,156.58244
7038.397778,156.592119
7039.328333,156.475978
7040.017778,156.52437
7040.544167,156.417908
7040.898889,156.350159
7041.253056,156.379194
7041.558056,156.359838
7041.904167,156.301767
7042.524722,156.330802
7042.885278,156.456621
7043.176389,156.456621
7043.863333,156.427586
7044.500833,156.427586
7044.504722,156.475978
7044.890556,156.427586
7045.148611,156.350159
7045.370556,156.417908
7045.716944,156.427586
7046.566944,156.4663
7046.938889,156.456621
7047.483611,156.475978
7047.866389,156.505013
7048.21,156.4663
7048.509722,156.330802
7049.549444,156.330802
7049.928333,156.272732
7051.037222,156.272732
7051.518333,156.321124
7051.928333,156.243697
7052.079167,156.243697
7052.238333,156.272732
7052.526667,156.263054
7053.834722,156.146913
7054.123611,156.175948
7054.429167,156.185627
7055.104167,156.156591
7055.404722,156.108199
7055.8325,156.088843
7056.167222,156.088843
7056.871111,156.146913
7057.185,156.059808
7057.521667,156.050129
7057.898889,156.079164
7058.048056,156.079164
7058.556944,156.050129
7058.978333,156.146913
7059.126944,156.146913
7059.562778,155.779134
7060.575278,155.798491
7061.281111,156.108199
7061.611111,156.040451
7061.955278,156.088843
7062.416111,156.030772
7063.646389,156.030772
7064.425833,156.069486
7064.821111,156.069486
7064.981944,156.088843
7065.566944,156.117878
7065.941667,156.059808
7066.934722,156.011416
7067.234444,156.059808
7067.916667,156.108199
7068.253611,156.16627
7068.943889,156.243697
7069.251111,156.243697
7069.57,156.253375
7069.96,156.272732
7070.281111,156.263054
7070.596667,156.301767
7071.265278,156.340481
7071.546111,156.311446
7071.9225,156.272732
7072.275833,156.398551
7072.6025,156.427586
7072.970833,156.292089
7073.729167,156.311446
7074.0525,156.272732
7074.340556,156.292089
7074.766667,156.28241
7075.430278,156.263054
7075.8225,156.195305
7076.153056,156.22434
7076.490833,156.253375
7077.104722,156.175948
7077.419167,156.22434
7078.154722,156.214662
7078.461389,156.234019
7079.176389,156.204983
7079.5175,156.195305
7079.920556,156.185627
7080.245278,156.156591
7081.203889,156.146913
7082.328611,156.175948
7082.726111,156.185627
7083.054444,156.16627
7083.349167,156.137235
7084.038889,156.050129
7084.375833,156.021094
7084.748056,156.050129
7085.065,156.16627
7085.384167,156.253375
7086.089722,156.263054
7086.430556,156.214662
7086.963611,156.263054
7087.736111,156.156591
7088.059444,156.098521
7088.78,156.301767
7089.11,156.28241
7089.774167,156.301767
7090.051389,156.234019
7090.351944,156.088843
7090.718056,156.146913
7091.038889,156.001737
7091.732222,155.963024
7092.423333,155.914632
7093.088333,155.943667
7093.426111,155.846883
7094.203333,155.86624
7094.950278,155.672672
7095.4,155.86624
7096.221389,155.846883
7097.315833,155.92431
7098.001389,155.933989
7098.625833,155.933989
7098.973889,155.943667
7099.278056,155.92431
7099.545833,155.904953
7099.954444,155.895275
7100.279167,155.846883
7100.601389,155.895275
7100.934167,155.86624
7101.295,155.846883
7101.9925,155.846883
7102.325278,155.788813
7102.599167,155.769456
7103.266389,155.788813
7103.587222,155.711386
7103.945556,155.750099
7104.268333,155.730742
7104.571944,155.701707
7105.586389,155.701707
7106.008611,155.701707
7106.341111,155.750099
7106.7375,155.721064
7107.052778,155.721064
7107.308889,155.721064
7107.8825,155.721064
7108.230833,155.788813
7108.389444,155.788813
7108.568056,155.86624
7108.951111,155.759778
7109.309722,155.827526
7110.291111,155.837205
7110.445278,155.827526
7111.485,155.856561
7111.861389,155.904953
7112.085833,155.875918
7112.908889,155.721064
7113.2475,155.662994
7113.615833,155.604923
7114.018611,155.662994
7114.358611,155.604923
7114.732778,155.604923
7114.984444,155.56621
7115.288333,155.595245
7115.618611,155.62428
7115.975,155.575888
7116.815556,155.556531
7117.2025,155.595245
7117.546389,155.585567
7117.941667,155.537175
7118.333056,155.537175
7119.358611,155.575888
7119.784444,155.585567
7120.086944,155.585567
7120.438056,155.585567
7120.812222,155.508139
7121.156667,155.537175
7121.499444,155.537175
7121.509167,155.527496
7121.9125,155.537175
7122.27,155.508139
7122.990278,155.517818
7123.353333,155.479104
7123.748889,155.469426
7124.106111,155.517818
7124.492222,155.508139
7124.886667,155.479104
7125.236944,155.469426
7125.600833,155.450069
7125.965278,155.450069
7126.328611,155.469426
7126.619167,155.411356
7127.016111,155.391999
7127.412222,155.401677
7128.149167,155.56621
7128.506667,155.56621
7128.881389,155.56621
7129.053333,155.56621
7129.17,155.537175
7130.069167,155.537175
7130.530278,155.527496
7130.949444,155.56621
7131.5775,155.488783
7131.980833,155.440391
7132.305556,155.488783
7132.616944,155.440391
7133.048889,155.527496
7133.357778,155.246823
7133.611389,155.517818
7133.992778,155.837205
7134.307222,155.788813
7134.577778,155.730742
7135.541944,155.798491
7136.586667,155.750099
7136.988333,155.740421
7137.342778,155.769456
7137.708056,155.769456
7137.718611,155.730742
7137.973611,155.769456
7138.304167,155.759778
7138.763611,155.759778
7139.014444,155.633959
7139.33,155.62428
7140.029722,155.643637
7140.265,155.62428
7140.524167,155.595245
7140.848889,155.595245
7141.16,155.575888
7141.766389,155.585567
7142.105278,155.595245
7142.421667,155.556531
7142.726944,155.56621
7143.061111,155.595245
7143.38,155.595245
7143.769167,155.585567
7144.149722,155.643637
7144.459167,155.56621
7144.808611,155.56621
7145.150833,155.633959
7145.475,155.546853
7145.764444,155.546853
7145.860556,155.643637
7146.174722,155.672672
7146.823611,155.672672
7146.83,155.488783
7147.155278,155.517818
7147.441944,155.498461
7147.845,155.440391
7148.176667,155.498461
7149.153333,155.527496
7149.511667,155.498461
7149.881944,155.430712
7150.124444,155.430712
7150.433889,155.421034
7150.8125,155.430712
7151.120556,155.430712
7151.409167,155.353285
7152.384444,155.111326
7152.746111,155.32425
7153.4275,155.314572
7153.773056,155.314572
7154.077222,155.314572
7154.081667,155.343607
7154.836111,155.343607
7155.094167,155.343607
7155.149444,155.430712
7155.500556,155.372642
7155.863333,155.343607
7156.123611,155.391999
7157.161389,155.401677
7157.536944,155.372642
7158.2525,155.421034
7158.584444,155.421034
7159.306389,155.430712
7159.6275,155.459748
7160.028889,155.450069
7161.345833,155.430712
7161.772778,155.421034
7162.091944,155.372642
7162.393611,155.333929
7162.816389,155.333929
7162.823333,155.411356
7163.119167,155.391999
7163.417222,155.353285
7163.791111,155.353285
7163.843611,155.353285
7164.342222,155.372642
7164.631389,155.304893
7165.764167,155.391999
7166.11,155.421034
7166.431944,155.440391
7166.870556,155.459748
7167.174722,155.488783
7167.495833,155.469426
7167.871389,155.498461
7168.546389,155.479104
7168.900278,155.469426
7169.208333,155.479104
7169.538056,155.517818
7170.247778,155.537175
7170.6125,155.479104
7170.994444,155.537175
7171.196667,155.537175
7171.882222,155.26618
7172.240556,155.26618
7172.505556,155.314572
7172.878611,155.32425
7173.183056,155.314572
7173.494722,155.343607
7173.800833,155.353285
7174.120556,155.411356
7174.8425,155.32425
7175.160833,155.353285
7175.454444,155.285537
7175.8375,155.275858
7176.144722,155.333929
7176.451389,155.304893
7176.833611,155.295215
7177.423611,155.295215
7179.391389,155.314572
7179.888889,155.256501
7180.405556,155.256501
7180.536944,155.227466
7180.9025,155.217788
7181.238889,155.26618
7181.551944,155.246823
7181.923056,155.304893
7183.206667,155.304893
7183.511944,155.275858
7184.275,155.295215
7184.593333,155.295215
7184.973611,155.304893
7185.319722,155.256501
7185.719722,155.159718
7186.415833,155.179074
7187.455833,155.159718
7187.817778,155.169396
7188.101667,155.159718
7188.352222,155.159718
7188.814444,155.159718
7189.385556,155.159718
7189.470278,155.150039
7189.821389,155.091969
7190.508333,155.111326
7190.942222,155.169396
7191.2875,155.150039
7191.5725,155.150039
7191.979167,155.188753
7192.315278,155.198431
7192.721111,155.208109
7193.078611,155.314572
7194.035278,155.353285
7195.180556,155.353285
7195.428889,155.314572
7195.755833,155.295215
7196.115,155.246823
7196.476111,155.285537
7196.731667,155.285537
7197.214722,155.32425
7197.549444,155.295215
7197.791667,155.295215
7197.991389,155.208109
7198.766944,155.150039
7199.110833,155.140361
7199.455556,155.08229
7199.841389,155.159718
7200.234722,155.130682
7200.983889,155.179074
7201.632778,155.121004
7202.037222,155.159718
7202.851389,155.130682
7203.166111,155.159718
7204.225,155.188753
7204.579444,155.08229
7205.156944,155.08229
7205.729722,155.130682
7206.041111,155.140361
7206.383611,155.140361
7206.385556,155.159718
7206.784444,155.101647
7207.789167,155.130682
7208.114167,155.159718
7208.884167,155.179074
7209.203611,155.198431
7209.524722,155.188753
7209.854722,155.208109
7210.406389,155.159718
7210.929444,155.179074
7211.145,155.169396
7211.503889,155.121004
7211.936389,155.169396
7212.277778,155.188753
7212.598611,155.159718
7213.024722,155.179074
7213.391389,155.179074
7213.799444,155.179074
7213.808056,155.188753
7214.523889,155.227466
7214.835278,155.227466
7214.956111,155.237145
7215.232222,155.256501
7215.508611,155.217788
7215.896667,155.227466
7216.195556,155.217788
7216.544167,155.237145
7216.969722,155.217788
7217.757778,155.275858
7218.088056,155.275858
7218.443333,155.246823
7218.506389,155.275858
7218.855833,155.217788
7219.011667,155.237145
7219.354722,155.188753
7219.736667,155.169396
7220.46,155.208109
7220.833611,155.159718
7221.175556,155.169396
7221.945278,155.053255
7222.262222,155.072612
7222.330556,155.072612
7222.73,155.101647
7223.066389,155.053255
7223.398056,155.053255
7223.404722,154.985507
7224.120833,155.014542
7224.861944,155.053255
7225.109167,154.956471
7225.631389,154.956471
7225.980833,154.985507
7226.319167,154.985507
7226.788333,154.995185
7227.2125,155.004863
7227.996944,154.995185
7228.633056,154.937115
7229.739167,154.995185
7230.081944,155.004863
7230.423056,155.02422
7231.036667,155.02422
7231.386389,154.985507
7231.818056,154.946793
7232.079722,154.946793
7232.158889,154.946793
7232.500556,154.96615
7232.887778,155.459748
7233.199722,155.333929
7233.944444,155.314572
7235.016667,155.217788
7235.350833,155.169396
7235.751111,155.179074
7236.110278,155.285537
7236.484722,155.179074
7237.5775,155.179074
7237.917778,155.208109
7238.594722,155.256501
7238.971111,155.256501
7239.296389,155.295215
7239.566944,155.295215
7239.758333,155.275858
7240.098333,155.275858
7240.447778,155.314572
7240.617778,155.314572
7240.823611,155.295215
7241.165278,155.295215
7241.471111,155.32425
7242.198611,155.333929
7242.508056,155.314572
7242.854444,155.32425
7243.201944,155.314572
7243.569167,155.314572
7243.987222,155.295215
7244.804167,155.256501
7245.127222,155.256501
7245.3625,155.227466
7246.125278,155.217788
7246.511667,155.179074
7246.909167,155.179074
7247.225556,155.208109
7247.585278,155.159718
7248.039444,155.159718
7248.046667,155.188753
7248.433611,155.140361
7249.1,155.140361
7249.193611,155.08229
7249.532778,155.062934
7250.311389,155.121004
7251.014444,155.121004
7251.368889,155.150039
7251.780278,155.150039
7252.138056,155.121004
7252.496389,155.140361
7253.296667,155.072612
7253.643333,155.111326
7254.338611,155.053255
7254.739444,155.091969
7254.739722,155.091969
7255.306667,155.072612
7256.064722,155.111326
7256.3575,155.08229
7256.780556,155.062934
7257.125833,155.062934
7257.130833,155.130682
7257.435278,155.08229
7257.828889,155.072612
7258.138333,155.072612
7258.511667,155.091969
7258.946111,155.101647
7259.252222,155.121004
7259.553889,155.08229
7259.982778,155.121004
7260.761944,155.053255
7261.110278,154.879044
7261.836111,155.072612
7262.519167,155.053255
7262.913333,155.121004
7263.258056,155.140361
7263.5825,155.121004
7264.783333,155.091969
7265.464444,155.169396
7265.778333,155.169396
7265.864722,155.198431
7266.181944,155.227466
7266.509167,155.188753
7266.816667,155.188753
7267.579444,155.062934
7267.9675,155.033899
7268.255556,155.062934
7268.570556,155.062934
7268.959444,155.033899
7269.285278,155.053255
7270.008056,155.004863
7270.335556,155.033899
7270.731389,154.995185
7271.071944,154.985507
7271.421944,154.96615
7271.790556,154.985507
7272.153056,154.937115
7273.14,154.917758
7273.457222,154.898401
7273.823611,154.898401
7273.849722,154.946793
7274.158889,154.927436
7274.514722,154.946793
7274.878333,154.946793
7274.893056,155.004863
7275.225556,154.937115
7275.583333,154.937115
7276.743889,154.898401
7277.819722,154.946793
7278.147778,154.937115
7278.395278,154.995185
7278.800556,154.937115
7279.445278,155.004863
7280.445278,154.985507
7280.796111,155.004863
7281.139444,155.014542
7281.488333,154.995185
7281.861944,155.014542
7282.246667,155.02422
7282.463056,155.02422
7282.526667,155.02422
7283.071944,155.02422
7283.401944,154.946793
7283.506667,154.946793
7283.82,154.772582
7284.17,154.762904
7284.484444,154.956471
7284.895833,154.985507
7285.200278,154.946793
7285.907778,154.946793
7286.211944,154.995185
7286.993611,154.956471
7287.581111,154.937115
7287.954722,154.801617
7288.297778,154.743547
7288.595833,154.801617
7288.954444,154.733869
7289.266944,154.96615
7289.913611,154.995185
7290.501389,155.043577
7290.878056,155.043577
7290.890556,155.033899
7291.503889,155.02422
7291.839444,154.975828
7291.901667,154.975828
7292.162222,154.96615
7292.821389,154.975828
7293.065,154.946793
7293.8075,154.927436
7294.098611,154.917758
7294.384444,154.859688
7294.736667,154.850009
7295.0375,154.811296
7295.3225,154.820974
7295.556667,154.820974
7295.989722,154.859688
7296.971944,154.811296
7297.279722,154.762904
7297.546111,154.753225
7297.913889,154.743547
7298.220833,154.762904
7298.563611,154.72419
7298.955,154.743547
7299.010833,154.743547
7299.290556,154.743547
7299.958611,154.704833
7300.017222,154.704833
7300.628056,154.733869
7300.953611,154.72419
7301.2525,154.704833
7302.120278,154.772582
7302.831111,154.820974
7303.749444,154.811296
7304.085278,154.791939
7304.379444,154.78226
7305.5425,154.830652
7305.876944,154.830652
7306.180833,154.859688
7306.436111,154.840331
7306.832222,154.820974
7307.113611,154.869366
7307.369444,154.869366
7307.543889,154.869366
7308.386667,154.869366
7308.545833,154.869366
7308.7675,154.840331
7309.115833,154.820974
7310.1325,154.791939
7310.4375,154.820974
7310.863056,154.772582
7311.150278,154.78226
7311.435833,154.772582
7311.805278,154.714512
7312.379444,154.714512
7312.630833,154.743547
7313.351667,154.743547
7313.625,154.753225
7314.985,154.811296
7315.623611,154.78226
7316.011389,154.772582
7316.165833,154.772582
7316.562222,154.762904
7316.921944,154.753225
7317.205556,154.753225
7318.171944,154.685477
7318.430278,154.72419
7319.761389,154.695155
7320.066944,154.637085
7320.381389,154.820974
7320.781944,154.830652
7321.066667,154.791939
7321.751111,154.78226
7322.030556,154.762904
7322.328611,154.714512
7322.706389,154.762904
7322.999722,154.743547
7323.595833,154.762904
7324.009722,154.753225
7324.325833,154.762904
7324.62,154.801617
7324.871389,154.801617
7324.950278,154.811296
7325.195,154.830652
7325.871944,154.830652
7325.876111,154.811296
7326.165278,154.762904
7326.485556,154.772582
7327.483056,154.569336
7327.835278,154.549979
7328.125,154.753225
7328.410833,154.704833
7328.571111,154.733869
7329.894722,154.675798
7330.2025,154.675798
7330.572222,154.627406
7330.939722,154.66612
7331.254444,154.627406
7331.955556,154.617728
7332.583611,154.579014
7332.927778,154.627406
7333.288333,154.627406
7333.407222,154.656441
7334.229722,154.656441
7334.3,154.656441
7334.861944,154.66612
7335.163333,154.646763
7335.460278,154.617728
7335.856667,154.646763
7336.171111,154.617728
7336.419167,154.598371
7336.791667,154.66612
7337.123333,154.598371
7337.876111,154.656441
7338.535556,154.646763
7339.928889,154.72419
7340.228333,154.733869
7340.543889,154.608049
7341.226111,154.617728
7341.523056,154.656441
7341.945556,154.656441
7342.24,154.656441
7342.247222,154.617728
7342.572778,154.627406
7342.93,154.617728
7343.251944,154.617728
7344.268611,154.530622
7344.564722,154.559658
7344.958333,154.520944
7345.278056,154.511266
7345.572778,154.520944
7345.935556,154.540301
7346.249167,154.530622
7346.543889,154.501587
7347.214722,154.549979
7347.541111,154.530622
7347.878333,154.569336
7348.203333,154.540301
7348.898333,154.491909
7350.228056,154.646763
7350.501111,154.646763
7350.927222,154.656441
7351.503889,154.637085
7351.558056,154.637085
7351.901667,154.608049
7352.183611,154.598371
7352.862222,154.646763
7353.927222,154.72419
7354.251111,154.695155
7354.564167,154.675798
7354.94,154.714512
7355.785278,154.675798
7357.238333,154.656441
7357.431667,154.540301
7358.143611,154.36609
7358.416111,154.327376
7358.747778,154.337055
7358.988889,154.337055
7359.278611,154.511266
7359.94,154.540301
7359.995833,154.540301
7360.206667,154.569336
7360.515,154.559658
7361.2,154.598371
7361.806944,154.617728
7362.145278,154.646763
7362.481389,154.608049
7362.837222,154.637085
7363.133333,154.646763
7363.463611,154.608049
7363.825556,154.627406
7364.188889,154.579014
7364.817778,154.453195
7365.073611,154.579014
7365.774167,154.462874
7366.097778,154.36609
7366.731111,154.433839
7367.074167,154.414482
7367.309722,154.395125
7367.575833,154.395125
7367.583611,154.36609
7368.283889,154.42416
7368.578056,154.42416
7369.353333,154.48223
7369.751111,154.491909
7370.375278,154.598371
7370.718889,154.520944
7371.041667,154.540301
7371.313056,154.520944
7371.589722,154.501587
7373.288611,154.579014
7373.953889,154.530622
7374.9025,154.598371
7375.633333,154.569336
7375.979722,154.569336
7375.983611,154.569336
7376.323611,154.598371
7376.629167,154.579014
7376.946667,154.579014
7376.997222,154.579014
7377.252778,154.579014
7377.578889,154.491909
7377.929444,154.511266
7378.131667,154.511266
7378.476944,154.530622
7378.494167,154.511266
7378.791667,154.530622
7378.92,154.530622
7379.036111,154.549979
7379.145556,154.559658
7379.235,154.549979
7379.257778,154.579014
7379.318333,154.520944
7379.627222,154.472552
7379.9075,154.48223
7380.203333,154.530622
7380.514167,154.48223
7381.213889,154.511266
7381.545278,154.48223
7381.889167,154.520944
7382.208611,154.549979
7382.561667,154.501587
7382.872778,154.443517
7383.143333,154.501587
7383.455278,154.491909
7383.815556,154.511266
7384.151944,154.530622
7384.436944,154.530622
7384.761667,154.559658
7385.423889,154.579014
7385.725556,154.579014
7385.939722,154.646763
7386.2425,154.646763
7386.246944,154.733869
7386.763611,154.675798
7387.064444,154.685477
7387.353889,154.685477
7387.395556,154.704833
7387.771667,154.608049
7388.0725,154.656441
7388.394444,154.608049
7390.069167,154.462874
7390.720833,154.433839
7391.051389,154.414482
7391.363056,154.414482
7392.383611,154.220914
7392.763611,154.240271
7393.088889,154.259628
7393.338889,154.395125
7393.734444,154.608049
7393.808889,154.608049
7394.035,154.627406
7394.362778,154.685477
7394.629722,154.646763
7394.883889,154.646763
7395.291944,154.540301
7395.933611,154.617728
7396.253611,154.617728
7396.580556,154.569336
7396.934167,154.627406
7397.225278,154.608049
7397.944444,154.617728
7398.247778,154.627406
7399.547778,154.617728
7400.246389,154.695155
7400.558056,154.762904
7400.923056,154.762904
7401.165278,154.762904
7401.2175,155.033899
7401.483611,155.004863
7402.224722,155.004863
7402.477778,154.830652
7403.449444,154.840331
7403.806389,154.791939
7404.863333,154.78226
7405.1875,154.762904
7406.148889,154.714512
7406.483611,154.72419
7406.869167,154.772582
7407.162778,154.78226
7407.47,154.772582
7407.830278,154.743547
7408.475833,154.801617
7408.7125,154.801617
7408.818056,154.830652
7409.144167,154.946793
7409.468333,154.898401
7409.727778,154.898401
7409.833056,154.927436
7410.149722,154.96615
7410.461389,154.879044
7410.843333,154.685477
7411.158611,154.617728
7411.439444,154.559658
7412.139444,154.608049
7412.470833,154.78226
7412.613611,154.762904
7413.0075,154.78226
7413.727222,154.762904
7414.025833,154.801617
7414.293611,154.714512
7415.521111,154.72419
7415.713056,154.72419
7415.873889,154.762904
7416.744444,154.762904
7416.918333,154.820974
7417.204722,154.704833
7417.549444,154.685477
7418.175833,154.66612
7418.826389,154.704833
7419.108889,154.753225
7419.761111,154.772582
7420.119167,154.791939
7420.351667,154.72419
7420.728333,154.762904
7421.085833,154.820974
7421.415833,154.879044
7422.7425,154.946793
7422.790556,154.946793
7423.000833,154.908079
7423.908889,154.908079
7424.048056,154.820974
7424.368611,154.917758
7424.724444,154.879044
7425.043889,154.917758
7426.793056,154.743547
7427.026389,154.695155
7427.320278,154.695155
7427.604167,154.66612
7428.335,154.743547
7428.636944,154.840331
7429.553333,154.879044
7429.921667,154.908079
7430.193056,154.908079
7430.230833,154.975828
7430.546389,154.908079
7430.923611,154.937115
7431.190556,154.937115
7431.235556,154.937115
7431.812222,154.811296
7432.471944,154.917758
7432.868889,154.879044
7433.134722,154.869366
7433.421667,154.985507
7433.804722,154.946793
7434.477778,154.772582
7434.868889,154.72419
7435.529444,154.801617
7435.894722,154.743547
7436.205,154.908079
7436.506111,154.96615
7437.164167,154.96615
7437.228056,155.014542
7437.922222,154.975828
7438.165556,154.975828
7438.262222,154.898401
7438.562222,154.869366
7438.959444,154.811296
7439.2875,154.908079
7439.537778,154.811296
7440.765556,154.908079
7441.048056,154.908079
7441.360556,154.985507
7442.101667,155.033899
7442.749167,155.072612
7443.077222,155.072612
7453.878611,154.927436
7454.566111,154.917758
7454.916389,154.946793
7455.249167,154.898401
7455.449722,154.908079
7456.123611,154.879044
7456.311667,154.879044
7456.429444,154.898401
7456.840833,154.898401
7457.316389,154.898401
7457.3275,154.927436
7457.733611,154.879044
7458.061389,154.937115
7458.361389,154.917758
7458.758056,154.869366
7459.414167,154.820974
7459.754444,154.801617
7460.374167,154.801617
7460.755556,154.840331
7461.422222,154.917758
7461.821944,154.840331
7462.173889,154.801617
7462.390833,154.811296
7463.076111,154.811296
7463.76,154.850009
7464.035278,154.850009
7464.363056,154.830652
7464.746111,154.879044
7465.042222,154.879044
7465.055556,154.830652
7465.332778,154.801617
7465.505556,154.801617
7465.867778,154.811296
7466.061944,154.830652
7466.369444,154.869366
7466.752222,154.820974
7467.090556,154.898401
7467.415556,154.850009
7467.745833,154.917758
7468.056111,154.985507
7468.738889,155.043577
7469.360833,154.985507
7469.761111,155.053255
7470.063056,155.053255
7470.371667,155.140361
7471.029722,155.150039
7471.202222,155.150039
7471.269167,155.227466
7471.869444,155.014542
7472.153889,155.014542
7472.207778,155.014542
7472.47,154.956471
7472.819722,154.879044
7473.782222,154.927436
7474.088889,154.869366
7474.430556,154.908079
7475.121111,154.840331
7475.833611,154.869366
7476.154722,154.859688
7476.325278,154.850009
7476.633889,154.811296
7477.391389,154.830652
7477.456111,154.850009
7477.624444,154.811296
7478.141111,154.937115
7478.455556,154.937115
7478.798333,154.917758
7479.034167,154.917758
7479.494167,154.917758
7479.618889,154.850009
7480.0025,154.811296
7480.7475,154.801617
7480.955556,154.801617
7481.257778,154.830652
7481.548889,154.850009
7481.897778,154.801617
7482.547222,154.830652
7482.949167,154.78226
7483.274444,154.791939
7483.621667,154.762904
7483.989722,154.811296
7484.596667,154.791939
7484.926389,154.811296
7485.242778,154.78226
7485.915833,154.78226
7485.925833,154.78226
7486.225833,154.753225
7486.530833,154.72419
7486.820556,154.714512
7486.967222,154.714512
7487.713333,154.714512
7488.017222,154.511266
7488.331111,154.559658
7488.575278,154.511266
7488.920833,154.491909
7489.224722,154.588693
7489.530556,154.753225
7489.898056,154.733869
7490.541389,154.762904
7490.943611,154.850009
7491.268611,154.78226
7491.608333,154.811296
7491.988333,154.811296
7492.583889,154.879044
7493.554722,154.879044
7493.578611,154.927436
7493.931667,154.995185
7494.136667,154.898401
7494.463611,154.869366
7494.710556,154.869366
7494.841944,154.879044
7495.174444,154.840331
7496.105833,154.78226
7496.451111,154.743547
7496.793611,154.762904
7497.105556,154.850009
7497.605,154.78226
7498.419167,154.869366
7498.811111,154.850009
7499.404167,154.859688
7500.063889,154.859688
7500.358333,154.859688
7500.653333,154.820974
7501.225,154.820974
7501.34,154.898401
7501.736389,154.956471
7502.085556,154.946793
7502.317778,154.946793
7502.4425,154.917758
7502.795556,154.927436
7503.115278,154.956471
7503.450556,154.96615
7503.806944,155.004863
7505.470833,154.937115
7505.830833,154.96615
7506.1475,154.956471
7506.470278,154.937115
7506.815556,154.917758
7507.760833,154.859688
7508.604722,154.859688
7508.606111,154.869366
7508.994444,154.879044
7509.616389,154.879044
7509.621667,154.850009
7509.915833,154.811296
7510.598333,154.801617
7510.978333,154.791939
7511.576389,154.791939
7511.961667,154.733869
7512.488611,154.733869
7512.783889,154.840331
7513.127222,154.78226
7513.444444,154.714512
7513.822778,154.811296
7514.130833,154.743547
7514.441111,154.801617
7514.834167,154.869366
7515.149167,154.859688
7515.509722,154.946793
7515.743611,154.946793
7516.235278,154.908079
7516.566111,154.859688
7516.801944,154.859688
7516.918611,154.908079
7517.534722,154.772582
7517.915278,154.762904
7518.570556,154.840331
7518.953889,154.869366
7519.233333,154.879044
7519.951667,154.879044
7520.285833,154.879044
7520.982222,154.753225
7521.1175,154.753225
7521.429444,154.762904
7521.621667,154.791939
7521.621944,154.791939
7522.218333,154.78226
7522.508056,154.898401
7522.835278,154.898401
7522.861111,154.811296
7523.184722,154.850009
7523.466111,154.850009
7523.873056,154.850009
7524.135,154.733869
7524.468056,154.733869
7524.839167,154.753225
7525.394722,154.714512
7525.769167,154.772582
7526.404722,154.772582
7527.118333,154.859688
7527.455833,154.72419
7527.829722,154.78226
7528.195278,154.791939
7528.495833,154.762904
7529.215,154.695155
7529.470556,154.617728
7529.855556,154.78226
7530.111389,154.78226
7530.181389,154.840331
7530.433333,154.791939
7530.806667,154.78226
7531.109722,154.811296
7531.167222,154.811296
7531.441111,154.733869
7531.793611,154.753225
7532.078611,154.753225
7532.333611,154.78226
7532.622778,154.762904
7532.922222,154.743547
7533.199444,154.820974
7533.471389,154.714512
7533.825278,154.646763
7534.073611,154.66612
7534.404722,154.72419
7535.204444,154.646763
7535.575833,154.637085
7537.135833,154.685477
7537.391667,154.685477
7537.426389,154.637085
7537.770278,154.72419
7537.864722,154.72419
7537.868889,154.675798
7538.350556,154.743547
7538.726944,154.733869
7539.004722,154.840331
7539.321667,154.753225
7539.643056,154.695155
7539.98,154.753225
7540.273611,154.772582
7540.573889,154.850009
7540.948333,154.869366
7541.141111,154.879044
7541.455278,154.975828
7541.747222,154.927436
7542.367222,154.820974
7542.650278,154.820974
7543.014722,154.820974
7543.263056,154.850009
7543.520556,154.791939
7544.525278,154.753225
7544.745278,154.743547
7544.806944,154.772582
7545.0125,154.743547
7545.074167,154.762904
7545.376944,154.772582
7546.085556,154.762904
7546.407222,154.78226
7547.151111,154.733869
7547.441389,154.801617
7547.805278,154.704833
7548.1775,154.695155
7548.545833,154.733869
7548.865,154.72419
7549.116667,154.733869
7549.454444,154.772582
7549.841389,154.762904
7550.171389,154.72419
7550.484444,154.743547
7550.848889,154.743547
7551.176944,154.78226
7551.523611,154.753225
7551.8675,154.820974
7552.218611,154.801617
7552.531389,154.762904
7552.896667,154.811296
7553.212778,154.78226
7553.522222,154.762904
7553.868056,154.820974
7554.466389,154.801617
7555.116111,154.78226
7555.443889,154.753225
7556.0,154.811296
7556.3125,154.78226
7556.619167,154.743547
7556.873056,154.66612
7557.198611,154.569336
7557.788056,154.511266
7557.949167,154.704833
7558.491944,154.704833
7559.133333,154.695155
7559.446389,154.733869
7559.830556,154.66612
7560.135,154.675798
7560.455,154.704833
7560.850556,154.685477
7561.172222,154.733869
7561.616667,154.762904
7562.004444,154.762904
7562.315,154.762904
7562.724444,154.753225
7563.051944,154.78226
7563.391389,154.78226
7563.779167,154.820974
7564.149167,154.762904
7564.458333,154.733869
7564.825,154.801617
7565.403333,154.743547
7565.784444,154.820974
7566.036944,154.830652
7566.36,154.801617
7567.315,154.820974
7567.907222,154.859688
7568.218333,154.859688
7568.508611,154.859688
7568.860833,154.840331
7569.163333,154.859688
7569.345556,154.840331
7569.801111,154.78226
7570.270556,154.801617
7570.546389,154.753225
7571.254167,154.772582
7572.481667,154.743547
7572.8275,154.72419
7573.167222,154.762904
7573.441667,154.704833
7573.838889,154.714512
7574.134167,154.733869
7574.434722,154.830652
7575.104167,154.772582
7575.406389,154.811296
7575.783889,154.791939
7576.100556,154.772582
7577.295833,154.830652
7577.555,154.879044
7577.9,154.820974
7578.187222,154.811296
7578.868333,154.879044
7579.191111,154.840331
7579.879722,154.762904
7580.044444,154.753225
7580.191111,154.78226
7580.463889,154.72419
7580.805278,154.772582
7581.746667,154.549979
7582.257778,154.559658
7582.561944,154.520944
7582.960833,154.453195
7583.278056,154.588693
7583.617778,154.511266
7583.960556,154.608049
7584.237222,154.675798
7584.8775,154.549979
7585.188333,154.549979
7585.521389,154.472552
7585.891389,154.395125
7586.461667,154.646763
7586.836944,154.549979
7587.116667,154.549979
7587.410278,154.404803
7587.775278,154.530622
7587.957222,154.559658
7588.296111,154.627406
7588.580556,154.559658
7589.204167,154.540301
7590.238611,154.579014
7590.500556,154.540301
7590.889167,154.579014
7591.213889,154.549979
7591.840278,154.695155
7592.109722,154.675798
7592.375556,154.656441
7592.716944,154.685477
7593.024167,154.675798
7593.585278,154.753225
7594.479167,154.646763
7595.145278,154.579014
7595.453889,154.501587
7595.778611,154.501587
7596.064444,154.540301
7596.346111,154.540301
7597.580556,154.530622
7597.91,154.579014
7598.200833,154.588693
7598.555556,154.588693
7598.889167,154.608049
7599.209167,154.598371
7600.500278,154.675798
7600.872778,154.704833
7601.166111,154.762904
7601.3975,154.850009
7601.786111,154.840331
7602.104722,154.898401
7602.3775,154.820974
7602.7475,154.72419
7603.018056,154.66612
7603.328889,154.598371
7603.620278,154.627406
7603.980556,154.617728
7604.583333,154.66612
7604.93,154.617728
7605.203333,154.656441
7605.469444,154.646763
7605.834722,154.714512
7607.083611,154.501587
7607.594444,154.414482
7608.189444,154.375768
7608.476389,154.453195
7608.834444,154.462874
7609.108056,154.540301
7609.403056,154.549979
7609.799444,154.520944
7610.085556,154.656441
7610.366944,154.617728
7611.315278,154.637085
7611.949167,154.656441
7612.258333,154.695155
7612.539444,154.637085
7612.909444,154.637085
7613.542778,154.579014
7613.875556,154.569336
7614.179444,154.540301
7614.4825,154.48223
7614.836944,154.462874
7615.114722,154.472552
7615.408333,154.540301
7616.155833,154.569336
7616.422778,154.656441
7616.643333,154.598371
7616.989167,154.520944
7617.266667,154.569336
7617.565556,154.540301
7618.924722,154.559658
7619.4825,154.520944
7621.249167,154.48223
7621.396667,154.579014
7621.928333,154.627406
7622.265833,154.627406
7622.421111,154.675798
7622.813611,154.627406
7623.12,154.714512
7623.369167,154.714512
7623.746389,154.695155
7624.1,154.704833
7624.391389,154.675798
7624.722778,154.608049
7625.011944,154.656441
7625.638889,154.656441
7626.6175,154.675798
7627.2525,154.72419
7627.4875,154.637085
7627.959722,154.627406
7628.261667,154.646763
7628.780833,154.617728
7629.056667,154.598371
7629.288333,154.36609
7629.562222,154.520944
7629.628611,154.520944
7629.921944,154.395125
7630.788611,154.395125
7631.164167,154.346733
7631.7775,154.308019
7632.397222,154.288663
7632.765833,154.511266
7633.336389,154.540301
7633.616667,154.530622
7634.258611,154.569336
7634.553056,154.588693
7634.926944,154.559658
7635.149722,154.637085
7635.407778,154.608049
7636.266389,154.72419
7636.628333,154.685477
7637.104167,154.608049
7637.4225,154.637085
7637.7575,154.685477
7637.916667,154.685477
7638.33,154.675798
7638.648333,154.714512
7638.948889,154.714512
7638.971944,154.66612
7639.219444,154.762904
7639.893333,154.588693
7640.173333,154.646763
7641.061389,154.453195
7641.7875,154.443517
7641.787778,154.443517
7642.183056,154.559658
7642.427778,154.530622
7642.599167,154.501587
7642.754722,154.520944
7643.437778,154.511266
7643.781389,154.520944
7643.961111,154.569336
7644.526389,154.520944
7644.885,154.530622
7645.197222,154.579014
7645.451111,154.540301
7645.827778,154.540301
7646.188611,154.627406
7646.241667,154.627406
7646.492222,154.588693
7647.152778,154.675798
7647.321944,154.675798
7647.797778,154.579014
7648.044167,154.608049
7648.283056,154.637085
7648.570556,154.608049
7648.907222,154.627406
7649.181111,154.675798
7649.823056,154.66612
7650.124444,154.743547
7650.764167,154.704833
7651.074167,154.695155
7651.3175,154.762904
7651.958889,154.685477
7652.271667,154.72419
7652.897778,154.733869
7653.4825,154.733869
7654.478056,154.637085
7654.543056,154.637085
7654.847778,154.637085
7655.135,154.608049
7655.423333,154.569336
7655.76,154.579014
7656.322778,154.627406
7656.636389,154.656441
7657.300833,154.598371
7657.599167,154.472552
7658.171944,154.540301
7658.501389,154.549979
7658.88,154.598371
7659.1175,154.627406
7659.415556,154.627406
7659.765556,154.656441
7660.3175,154.753225
7660.940278,154.588693
7661.202778,154.579014
7661.844444,154.530622
7662.102222,154.530622
7662.163611,154.714512
7662.409722,154.685477
7662.734444,154.704833
7663.028333,154.66612
7663.183889,154.66612
7663.826667,154.772582
7664.143889,154.840331
7664.817778,154.617728
7665.418333,154.579014
7665.630556,154.588693
7665.834722,154.598371
7666.968611,154.559658
7667.876111,154.511266
7668.153056,154.569336
7668.413611,154.559658
7669.076389,154.569336
7669.636944,154.559658
7669.967222,154.588693
7670.3625,154.598371
7670.536389,154.598371
7670.569167,154.627406
7670.932222,154.66612
7671.232222,154.685477
7671.534167,154.637085
7671.5825,154.637085
7671.885,154.627406
7672.126944,154.66612
7672.486389,154.627406
7672.829167,154.627406
7673.086944,154.685477
7673.748889,154.685477
7674.051667,154.675798
7674.331944,154.733869
7675.2825,154.685477
7675.924444,154.637085
7676.230833,154.637085
7676.476111,154.646763
7677.155278,154.637085
7677.462778,154.695155
7677.718056,154.608049
7678.031944,154.598371
7678.299167,154.627406
7678.617222,154.646763
7679.272222,154.646763
7679.506944,154.646763
7679.565,154.627406
7679.873611,154.685477
7680.418333,154.675798
7680.611667,154.675798
7680.805,154.637085
7681.111389,154.646763
7681.391389,154.646763
7682.515556,154.72419
7683.435833,154.453195
7684.086389,154.685477
7684.345833,154.637085
7684.635,154.617728
7684.986667,154.617728
7685.308611,154.646763
7685.576944,154.608049
7685.898333,154.685477
7686.463333,154.743547
7686.788333,154.753225
7687.075,154.733869
7687.956111,154.898401
7688.184722,154.898401
7688.233889,154.869366
7688.469167,154.78226
7688.810833,154.753225
7689.1225,154.762904
7689.201667,154.762904
7689.751944,154.733869
7690.260833,154.743547
7690.583333,154.753225
7690.915278,154.762904
7691.490556,154.704833
7691.862778,154.753225
7692.056667,154.733869
7692.343611,154.733869
7692.635278,154.743547
7693.350556,154.714512
7693.642222,154.72419
7693.976111,154.733869
7694.198056,154.772582
7694.491944,154.78226
7694.841944,154.78226
7695.107222,154.743547
7695.423889,154.801617
7696.084167,154.743547
7696.3825,154.772582
7696.611667,154.743547
7696.888889,154.743547
7696.982222,154.704833
7697.289722,154.675798
7697.581111,154.772582
7697.927778,154.772582
7697.95,154.72419
7698.210556,154.675798
7698.763056,154.637085
7699.060833,154.646763
7699.353611,154.637085
7699.630556,154.656441
7699.996944,154.646763
7700.286389,154.66612
7700.888889,154.656441
7701.172778,154.637085
7701.771667,154.608049
7702.110833,154.627406
7702.451389,154.598371
7703.089444,154.627406
7703.382778,154.772582
7703.596111,154.772582
7704.268611,154.859688
7704.595556,154.850009
7704.929167,154.859688
7705.456667,154.995185
7705.498333,154.995185
7705.811389,155.062934
7706.115833,155.033899
7706.721111,155.033899
7706.723056,155.072612
7707.614167,155.091969
7707.975,155.004863
7708.541111,155.072612
7708.878611,155.101647
7709.439167,155.140361
7709.781389,155.072612
7710.051944,155.033899
7710.330833,155.111326
7710.629722,155.150039
7710.9725,155.256501
7711.248611,155.169396
7711.538056,155.179074
7711.9,155.208109
7712.182778,155.208109
7712.379722,155.111326
7712.770556,155.101647
7713.077778,155.043577
7713.365278,155.062934
7713.641944,155.072612
7713.864722,154.791939
7713.955833,154.791939
7714.54,154.946793
7714.930278,154.975828
7714.983611,154.975828
7715.261389,154.975828
7715.568333,155.043577
7716.213611,154.937115
7716.518889,154.956471
7717.140278,154.917758
7717.484444,154.927436
7718.476111,154.927436
7718.789167,155.014542
7719.048056,154.995185
7719.6075,155.033899
7720.557778,154.975828
7720.921944,154.985507
7721.24,154.96615
7721.497778,154.96615
7721.540278,155.004863
7721.904444,154.975828
7722.195833,155.053255
7722.500556,155.053255
7722.871389,154.975828
7723.189167,155.014542
7723.485833,154.956471
7723.860278,154.937115
7724.133056,154.96615
7724.458056,154.96615
7725.134444,154.937115
7725.466944,155.004863
7725.837778,154.946793
7726.168333,154.917758
7726.5525,154.927436
7726.931389,154.898401
7727.196389,154.898401
7727.414444,154.917758
7727.836944,154.656441
7728.109167,154.704833
7728.641944,155.014542
7729.743333,155.02422
7730.241667,155.072612
7730.471111,155.072612
7730.488611,155.043577
7731.432778,155.072612
7731.476389,155.072612
7731.866944,155.072612
7733.095278,155.150039
7733.615833,155.08229
7734.068056,155.179074
7734.38,155.179074
7734.74,155.150039
7735.303333,155.198431
7735.527222,155.179074
7735.925,155.111326
7736.300833,155.140361
7736.579167,155.227466
7736.878611,155.159718
7737.465278,155.121004
7737.86,155.140361
7738.275556,155.101647
7738.566667,155.179074
7739.153889,155.179074
7739.161111,155.159718
7739.834722,155.140361
7740.13,155.159718
7740.183333,155.159718
7740.420833,155.072612
7740.829444,155.091969
7741.141667,155.150039
7741.418056,155.111326
7741.78,155.043577
7742.354722,155.091969
7742.725278,155.140361
7743.028333,155.150039
7743.32,155.159718
7743.554167,155.121004
7743.936944,155.208109
7744.251944,155.314572
7744.4925,155.26618
7745.14,155.285537
7745.445,155.314572
7745.766111,155.333929
7746.074444,155.256501
7746.718056,155.198431
7747.571389,155.198431
7747.574167,155.198431
7748.178333,155.179074
7748.467778,155.091969
7748.627222,155.091969
7748.821944,155.32425
7749.863611,155.275858
7750.109167,155.256501
7750.709722,155.304893
7751.019444,155.430712
7751.286667,155.353285
7751.567778,155.343607
7751.928889,155.353285
7752.496389,155.333929
7752.837222,155.440391
7753.149167,155.333929
7753.419167,155.275858
7753.743333,155.401677
7754.016944,155.479104
7754.313333,155.517818
7754.621389,155.508139
7754.835,155.537175
7755.315,155.517818
7755.8875,155.517818
7756.012778,155.595245
7756.915278,155.595245
7756.959722,155.430712
7757.255833,155.411356
7757.544444,155.411356
7758.373611,155.450069
7758.954722,155.401677
7759.533056,155.391999
7759.904722,155.401677
7760.8675,155.469426
7761.102778,155.527496
7761.415556,155.498461
7761.876667,155.498461
7761.876944,155.498461
7762.325833,155.537175
7762.869444,155.62428
7763.165,155.556531
7763.420556,155.469426
7763.807222,155.517818
7764.127222,155.556531
7764.185278,155.556531
7764.789167,155.62428
7765.0475,155.585567
7765.190556,155.585567
7765.362778,155.56621
7765.738889,155.517818
7766.257222,155.517818
7766.875278,155.498461
7767.165,155.527496
7768.050278,155.527496
7768.7225,155.662994
7783.843333,155.98238
7784.161389,155.953345
7784.447778,155.827526
7784.799167,155.808169
7785.093611,155.808169
7785.403611,155.86624
7785.861111,155.817848
7786.298611,155.86624
7786.5675,155.846883
7787.208333,155.914632
7787.406111,155.875918
7787.759167,155.875918
7788.017778,155.856561
7788.073611,155.856561
7788.395278,155.856561
7788.764444,155.86624
7789.075833,155.827526
7789.349167,155.875918
7789.628611,155.875918
7789.639167,155.895275
7790.017222,155.759778
7790.289722,155.759778
7790.473611,155.856561
7790.811389,155.856561
7790.8375,155.972702
7791.228333,155.904953
7791.786389,155.914632
7792.048611,155.904953
7792.245278,155.875918
7792.784444,155.875918
7793.016667,155.98238
7793.564167,155.933989
7794.204722,155.992059
7794.541389,155.846883
7794.871389,155.846883
7795.220833,155.837205
7795.512222,155.827526
7795.874167,155.798491
7796.513333,155.846883
7796.873889,155.895275
7797.191944,155.963024
7798.188056,155.953345
7798.475556,155.953345
7798.531389,155.953345
7798.854722,155.933989
7799.195556,155.86624
7799.496667,155.972702
7799.548333,155.972702
7799.92,155.92431
7800.229722,155.953345
7800.870278,156.030772
7801.123889,156.069486
7801.419722,156.059808
7801.785833,156.011416
7802.081111,156.050129
7802.418889,156.021094
7803.035278,155.98238
7803.634167,156.117878
7803.986111,156.088843
7804.286111,156.098521
7804.573611,156.127556
7804.958056,156.156591
7805.246389,156.127556
7805.528056,156.098521
7806.866389,156.185627
7807.163056,156.137235
7807.218611,156.137235
7807.411667,156.156591
7808.105556,156.22434
7808.2625,156.22434
7808.401667,156.204983
7809.009167,156.185627
7809.310833,156.185627
7809.5775,156.088843
7810.906111,156.040451
7811.177778,155.98238
7811.476944,155.972702
7811.846111,155.963024
7812.135556,155.953345
7812.7525,155.992059
7813.6325,156.079164
7813.987222,156.069486
7814.227778,156.059808
7814.524167,156.050129
7814.877222,156.098521
7815.426111,156.127556
7815.624167,156.127556
7815.763889,156.117878
7816.02,156.146913
7816.6425,156.146913
7816.974722,155.86624
7817.618611,156.030772
7817.983611,156.088843
7818.314444,156.127556
7818.601667,156.069486
7818.998056,156.088843
7819.321944,156.137235
7819.7275,156.079164
7820.354167,156.098521
7820.753333,156.108199
7821.387222,156.127556
7821.796111,156.059808
7822.086111,156.098521
7822.435,156.137235
7822.799722,156.127556
7823.099444,156.108199
7823.644722,156.069486
7823.996667,156.108199
7824.227222,156.108199
7824.325,156.137235
7824.638889,156.175948
7825.002778,156.185627
7825.301944,156.185627
7825.34,156.22434
7825.980833,156.214662
7826.263611,156.195305
7826.600556,156.195305
7826.993056,156.195305
7827.199444,156.243697
7827.485,156.195305
7827.793333,156.263054
7828.438333,156.22434
7828.827222,156.398551
7830.128333,156.16627
7830.455556,156.146913
7830.806667,156.243697
7831.066667,156.253375
7831.373889,156.253375
7831.763611,156.263054
7831.808611,156.28241
7832.143056,156.340481
7832.738056,156.340481
7832.806389,156.340481
7833.740556,156.369516
7833.928611,156.330802
7834.408889,156.243697
7835.043611,156.28241
7835.344167,156.253375
7835.636389,156.253375
7836.004444,156.263054
7836.295833,156.234019
7836.601667,156.234019
7837.229167,156.243697
7837.735,156.253375
7838.085,156.340481
7838.299167,156.301767
7838.532778,156.28241
7838.594167,156.28241
7838.615556,156.263054
7839.228611,156.330802
7839.513611,156.311446
7839.831111,156.301767
7840.093889,156.359838
7840.390833,156.379194
7840.73,156.330802
7840.995833,156.340481
7841.480556,156.340481
7841.863611,156.427586
7842.705278,156.427586
7843.299444,156.330802
7843.901111,156.330802
7844.211944,156.311446
7844.488333,156.321124
7844.881944,156.311446
7845.172778,156.292089
7845.373333,156.28241
7846.100833,156.292089
7846.398889,156.243697
7847.039722,156.311446
7847.261111,156.301767
7847.56,156.253375
7847.870556,156.272732
7848.209722,156.243697
7848.511944,156.234019
7848.888333,156.292089
7849.175833,156.272732
7849.458611,156.272732
7849.809722,156.253375
7850.159167,156.253375
7850.1725,156.243697
7850.497222,156.311446
7851.169167,156.311446
7851.177222,156.321124
7851.508611,156.243697
7851.858056,156.243697
7852.180556,156.28241
7853.121944,156.311446
7853.405,156.330802
7853.742778,156.359838
7854.033889,156.475978
7854.312222,156.534049
7854.562222,156.543727
7854.916667,156.505013
7855.195278,156.543727
7855.525,156.52437
7855.885833,156.379194
7856.488889,156.272732
7856.827778,156.243697
7857.099167,156.272732
7857.903889,156.301767
7858.529167,156.359838
7858.855556,156.359838
7858.8975,156.272732
7859.125833,156.301767
7859.421944,156.330802
7859.918056,156.330802
7860.956944,156.292089
7861.265278,156.263054
7861.555278,156.28241
7861.928889,156.292089
7862.203056,156.263054
7862.442778,156.272732
7862.787778,156.253375
7863.398889,156.263054
7863.762222,156.28241
7864.066944,156.321124
7864.383611,156.359838
7864.617222,156.369516
7864.988056,156.398551
7865.248611,156.417908
7865.818889,156.456621
7866.415833,156.446943
7866.801667,156.417908
7867.147778,156.456621
7867.434722,156.379194
7867.7725,156.417908
7867.958611,156.417908
7868.075833,156.495335
7868.336944,156.52437
7868.854167,156.52437
7868.981111,156.52437
7869.138333,156.553405
7869.741389,156.495335
7870.042222,156.495335
7870.336111,156.543727
7870.784444,156.485657
7871.099444,156.456621
7871.423333,156.52437
7871.800833,156.456621
7872.114722,156.427586
7872.802222,156.52437
7873.086944,156.52437
7873.364722,156.52437
7873.7375,156.572762
7874.113611,156.572762
7874.355,156.563084
7874.624444,156.514692
7874.951389,156.58244
7875.234722,156.592119
7875.516389,156.592119
7875.8825,156.688903
7876.144167,156.688903
7876.175,156.688903
7876.9525,156.795365
7877.212778,156.795365
7877.280556,156.785687
7877.585556,156.872792
7877.9175,156.863114
7878.348056,156.853435
7878.548889,156.795365
7878.905833,156.795365
7879.197222,156.756651
7879.480833,156.737295
7879.835,156.669546
7880.618889,156.572762
7881.718889,156.505013
7882.034167,156.572762
7882.594722,156.514692
7882.948056,156.553405
7883.582222,156.534049
7884.173889,156.28241
7884.492222,156.369516
7884.830556,156.359838
7885.111944,156.359838
7885.125556,156.340481
7885.4325,156.446943
7885.747778,156.379194
7886.385556,156.379194
7886.3875,156.58244
7886.720278,156.563084
7887.284167,156.534049
7887.605833,156.572762
7888.293611,156.553405
7888.943056,156.621154
7889.204444,156.592119
7889.483889,156.611476
7889.871667,156.621154
7890.186111,156.563084
7891.068889,156.563084
7891.370278,156.534049
7891.648611,156.534049
7892.223889,156.592119
7892.518333,156.572762
7892.858056,156.514692
7893.154167,156.543727
7893.479167,156.495335
7894.176389,156.611476
7894.438333,156.611476
7894.456389,156.553405
7894.829722,156.650189
7895.465278,156.650189
7895.769167,156.611476
7896.3425,156.611476
7897.241944,156.669546
7897.508056,156.717938
7898.160278,156.708259
7898.465278,156.737295
7898.797778,156.737295
7899.116389,156.737295
7899.388889,156.698581
7899.7625,156.756651
7899.921111,156.76633
7900.588333,156.911506
7900.972222,156.872792
7901.280556,156.88247
7901.930278,156.843757
7902.168056,156.843757
7902.363611,156.872792
7903.105833,156.872792
7903.442222,156.959898
7903.816944,156.950219
7904.141111,156.950219
7904.483056,157.027646
7905.221111,156.863114
7905.538889,156.901827
7906.579167,156.746973
7907.560833,156.669546
7907.911111,156.698581
7908.488056,156.650189
7908.840833,156.650189
7909.134444,156.717938
7909.423056,156.679224
7910.1075,156.708259
7910.363889,156.727616
7910.718333,156.737295
7911.022222,156.737295
7911.350556,156.76633
7911.879444,156.76633
7912.001944,156.785687
7912.291389,156.8244
7912.605278,156.785687
7912.961389,156.785687
7913.002778,156.8244
7913.296111,156.756651
7913.575278,156.805043
7914.578333,156.843757
7914.955278,156.805043
7915.250278,156.756651
7915.571944,156.76633
7915.931389,156.746973
7917.381111,156.708259
7917.731111,157.201857
7918.029722,157.1825
7918.352778,157.211536
7918.725833,157.240571
7918.985,157.211536
7919.945833,157.317998
7920.235833,157.317998
7920.241667,157.269606
7920.956111,157.327676
7921.249444,157.327676
7921.258333,157.221214
7921.592222,157.201857
7921.948889,157.211536
7922.263611,157.240571
7922.563611,157.240571
7922.927778,157.240571
7923.498611,157.221214
7923.865,157.192179
7925.125278,157.327676
7925.810556,157.36639
7926.124722,157.434139
7926.383056,157.443817
7927.382778,157.559958
7927.749722,157.550279
7928.614722,157.550279
7928.626111,157.579314
7929.310278,157.511566
7929.599722,157.530922
7929.705833,157.530922
7930.511111,157.36639
7931.229167,157.347033
7931.549167,157.317998
7931.922222,157.288963
7932.226944,157.30832
7932.547778,157.259928
7933.099722,157.269606
7933.790833,157.30832
7934.417778,157.240571
7934.759167,157.221214
7935.067778,157.230892
7935.370833,157.269606
7935.766944,157.279284
7936.062222,157.337355
7937.119722,157.337355
7937.364444,157.414782
7937.730833,157.414782
7938.153056,157.414782
7938.325833,157.36639
7938.624167,157.337355
7939.344722,157.337355
7939.719167,157.327676
7940.031389,157.327676
7940.649722,157.376068
7941.006944,157.337355
7941.319444,157.356711
7941.584722,157.30832
7941.953889,157.259928
7942.518333,157.288963
7943.513333,157.30832
7943.858056,157.327676
7944.128333,157.376068
7944.760833,157.414782
7945.401389,157.376068
7945.746944,157.376068
7945.7525,157.521244
7946.085,157.511566
7946.723889,157.569636
7946.781944,157.569636
7947.065833,157.521244
7947.38,157.501887
7948.095,157.559958
7948.325833,157.569636
7949.278611,157.521244
7950.2275,157.598671
7950.509167,157.647063
7950.859167,157.637385
7951.445,157.598671
7951.813889,157.588993
7952.109167,157.637385
7952.79,157.540601
7954.4025,157.540601
7954.631111,157.511566
7955.52,157.511566
7955.5275,157.492209
7955.888056,157.414782
7957.194722,157.356711
7957.4875,157.356711
7957.828056,157.405103
7958.341944,157.250249
7958.550833,157.153465
7959.336389,157.211536
7959.625,157.405103
7959.986111,157.376068
7960.270278,157.42446
7960.551667,157.443817
7960.863056,157.463174
7961.062222,157.492209
7961.239167,157.395425
7961.513333,157.279284
7961.863333,157.317998
7962.119722,157.443817
7962.395556,157.434139
7962.725556,157.317998
7962.990833,157.395425
7963.248611,157.395425
7963.525556,157.511566
7964.088611,157.453495
7964.275556,157.453495
7964.384444,157.443817
7964.985,157.405103
7965.2675,157.443817
7965.541944,157.317998
7966.173611,157.405103
7966.473056,157.405103
7966.821389,157.42446
7967.071389,157.395425
7967.373889,157.443817
7968.026389,157.405103
7968.2625,157.414782
7968.541389,157.501887
7968.896944,157.501887
7969.157222,157.511566
7969.426667,157.559958
7970.320278,157.569636
7970.5975,157.559958
7971.7325,157.559958
7971.861667,157.579314
7972.141944,157.627706
7972.353056,157.598671
7972.896944,157.598671
7973.188333,157.676098
7973.813056,157.656741
7974.103889,157.656741
7975.051667,157.60835
7975.718889,157.511566
7976.276111,157.453495
7976.559722,157.434139
8001.399167,157.714812
8001.975833,157.637385
8002.549722,157.685777
8002.892222,157.685777
8003.154444,157.66642
8003.486389,157.676098
8003.8475,157.695455
8004.026944,157.695455
8004.058611,157.685777
8004.323056,157.734169
8004.910278,157.66642
8005.058611,157.66642
8005.953333,157.656741
8006.235278,157.627706
8006.730278,157.685777
8007.3075,157.685777
8007.585,157.772882
8007.917222,157.72449
8008.215,157.72449
8008.5175,157.734169
8008.848056,157.792239
8009.2975,157.772882
8009.858056,157.830952
8010.117222,157.78256
8010.402222,157.801917
8010.749444,157.78256
8011.0425,157.801917
8011.315,157.78256
8011.578611,157.685777
8011.929167,157.734169
8012.2175,157.772882
8012.494444,157.705133
8012.805,157.705133
8013.1375,157.840631
8013.4775,157.78256
8013.811111,157.78256
8013.823333,157.753525
8014.132778,157.763204
8014.348889,157.685777
8014.968333,157.685777
8015.964167,157.66642
8016.252222,157.695455
8016.5175,157.618028
8017.133333,157.656741
8017.709722,157.656741
8018.040833,157.627706
8018.316944,157.685777
8018.936944,157.676098
8020.496667,157.705133
8020.837778,157.714812
8021.120556,157.753525
8021.177222,157.753525
8021.404722,157.772882
8021.775,157.78256
8022.049722,157.753525
8022.2275,157.753525
8022.298611,157.78256
8022.584167,157.78256
8022.895556,157.792239
8023.201667,157.734169
8023.475278,157.734169
8023.820833,157.830952
8024.100556,157.821274
8024.375278,157.801917
8025.185278,157.821274
8025.459167,157.821274
8025.803611,157.859988
8026.067222,157.792239
8026.840278,157.801917
8027.089444,157.753525
8027.371667,157.734169
8028.229722,157.763204
8028.823056,157.792239
8029.374444,157.821274
8029.715556,157.821274
8030.035833,157.821274
8030.330833,157.811596
8030.6275,157.801917
8030.741389,157.801917
8031.251389,157.78256
8032.049722,157.763204
8032.808611,157.763204
8033.094444,157.78256
8033.376389,157.772882
8033.735833,157.78256
8034.031389,157.763204
8034.321389,157.801917
8034.593611,157.801917
8034.971111,157.792239
8035.502778,157.830952
8035.830278,157.801917
8036.136389,157.78256
8036.773889,157.792239
8037.728333,157.830952
8038.016944,157.801917
8038.253889,157.801917
8038.942778,157.811596
8039.248333,157.78256
8039.289167,157.78256
8039.49,157.753525
8040.34,157.811596
8040.864444,157.811596
8041.410278,157.772882
8042.614444,157.830952
8042.950556,157.859988
8043.259444,157.821274
8043.551389,157.811596
8043.929167,157.90838
8044.2175,157.859988
8044.487222,157.879344
8044.822778,157.918058
8045.720278,157.859988
8046.526944,157.918058
8046.758889,157.918058
8047.1725,157.976128
8047.777778,157.90838
8047.876944,157.927736
8048.159722,157.918058
8048.454444,157.947093
8049.052222,157.898701
8050.141944,157.90838
8050.451111,158.121304
8050.809167,158.160018
8051.795,158.034199
8052.113889,158.034199
8052.422778,158.034199
8053.061389,157.850309
8053.380278,157.850309
8053.715833,157.898701
8054.528889,157.947093
8054.868611,157.956771
8055.073889,157.956771
8055.168333,157.947093
8055.768611,157.995485
8056.043889,157.976128
8056.103056,157.976128
8056.259722,157.995485
8056.26,157.995485
8056.9425,157.96645
8057.501111,158.005163
8057.837778,158.014842
8058.097778,158.034199
8058.395,157.995485
8058.718056,158.034199
8059.215,158.014842
8059.513611,158.014842
8059.838611,158.02452
8060.094444,158.053555
8060.357778,158.02452
8060.63,158.043877
8061.474444,157.995485
8062.641667,157.772882
8062.9925,157.734169
8063.286389,157.801917
8063.545,157.801917
8063.569444,157.753525
8064.4875,157.811596
8064.569167,157.811596
8064.835833,157.976128
8065.130278,157.956771
8065.761389,157.956771
8066.032222,157.918058
8066.316667,157.927736
8067.213611,158.014842
8067.828056,158.063234
8068.437778,158.08259
8069.365,158.101947
8069.7125,158.20841
8069.986944,158.179374
8071.409167,158.26648
8071.744167,158.26648
8072.006389,158.26648
8072.044167,158.237445
8072.342222,158.26648
8072.9425,158.227766
8073.026111,158.227766
8073.219722,158.189053
8073.503611,158.189053
8074.046389,158.189053
8074.300278,158.150339
8075.196389,158.063234
8075.485556,158.043877
8075.841944,158.005163
8076.233056,158.02452
8076.872222,158.053555
8077.159722,158.043877
8077.432222,158.034199
8077.746111,158.034199
8078.024444,158.08259
8078.314722,158.111626
8079.081111,158.140661
8079.360278,158.20841
8079.988056,158.179374
8080.259722,158.179374
8080.869444,158.247123
8081.136667,158.218088
8081.300833,158.218088
8081.421944,158.227766
8081.763611,158.20841
8082.0675,158.179374
8083.290278,158.169696
8083.601111,158.20841
8083.981667,158.140661
8084.641111,158.179374
8085.193889,158.072912
8085.472222,158.101947
8086.068889,158.111626
8086.373611,158.092269
8086.655,158.130982
8087.835278,158.130982
8088.133889,158.111626
8088.431111,158.140661
8088.553333,158.140661
8089.066944,158.111626
8089.565,158.111626
8089.589167,158.160018
8089.921667,158.198731
8090.2025,158.189053
8090.483333,158.189053
8090.844444,158.169696
8091.137778,158.20841
8091.743889,158.218088
8092.011944,158.256801
8092.2925,158.276158
8092.576111,158.295515
8093.226667,158.276158
8093.834167,158.305193
8094.119167,158.32455
8094.711944,158.334229
8094.995556,158.372942
8095.856111,158.401977
8096.145278,158.489083
8096.398056,158.56651
8096.757778,158.585867
8097.001389,158.585867
8097.051389,158.527796
8097.323333,158.556831
8097.580833,158.460048
8098.051944,158.460048
8098.189167,158.363264
8098.459722,158.353585
8098.641389,158.343907
8099.961667,158.237445
8100.218333,158.227766
8100.765833,158.227766
8101.019444,158.227766
8101.309444,158.179374
8102.530278,158.411656
8102.870833,158.401977
8103.131667,158.411656
8103.776667,158.411656
8104.085833,158.450369
8104.281944,158.479404
8105.010833,158.56651
8105.299444,158.576188
8105.545,158.576188
8105.868611,158.595545
8106.414167,158.576188
8106.561389,158.576188
8106.754444,158.498761
8107.030833,158.440691
8107.323611,158.198731
8108.329722,158.38262
8108.597222,158.372942
8108.863889,158.363264
8109.219444,158.343907
8109.543056,158.343907
8109.905,158.334229
8110.199722,158.295515
8110.479722,158.276158
8110.806944,158.295515
8111.116944,158.256801
8111.74,158.314872
8112.033056,158.276158
8112.373889,158.32455
8112.774444,158.32455
8113.1,158.314872
8113.6225,158.353585
8113.938889,158.450369
8114.134722,158.450369
8114.52,158.431012
8114.878611,158.460048
8115.145,158.460048
8115.154167,158.421334
8115.472778,158.401977
8115.828056,158.353585
8116.046667,158.479404
8116.813611,158.421334
8117.086389,158.431012
8117.378333,158.401977
8117.763333,158.450369
8117.940833,158.460048
8118.5375,158.56651
8118.902778,158.595545
8119.196111,158.702007
8119.483889,158.605223
8119.79,158.537475
8120.634444,158.556831
8120.981944,158.450369
8121.2975,158.537475
8121.581111,158.469726
8122.177778,158.450369
8122.446111,158.450369
8122.760556,158.450369
8122.785,158.469726
8123.098056,158.469726
8123.781389,158.469726
8123.788611,158.469726
8124.023611,158.38262
8124.541944,158.32455
8125.160556,158.26648
8125.481944,158.295515
8125.780833,158.26648
8126.024444,158.295515
8126.336111,158.276158
8126.616111,158.305193
8126.943611,158.305193
8127.2275,158.343907
8127.503611,158.32455
8127.866111,158.411656
8128.120278,158.460048
8128.738333,158.576188
8129.252778,158.595545
8129.505833,158.643937
8129.808333,158.62458
8130.096667,158.595545
8130.646389,158.614902
8131.21,158.614902
8131.221111,158.595545
8131.498611,158.605223
8131.824444,158.498761
8132.314722,158.498761
8132.320278,158.489083
8132.613056,158.469726
8132.936944,158.469726
8133.188611,158.479404
8133.798889,158.576188
8134.350833,158.547153
8134.623333,158.518118
8134.945278,158.498761
8135.235833,158.469726
8135.552778,158.460048
8135.886389,158.50844
8136.444444,158.50844
8136.770556,158.556831
8137.057778,158.614902
8137.325,158.537475
8137.604167,158.595545
8138.216389,158.68265
8138.878056,158.721364
8139.131944,158.731042
8139.733889,158.731042
8140.004722,158.789113
8140.541389,158.731042
8140.796667,158.731042
8141.2125,158.711686
8141.511667,158.740721
8141.8525,158.68265
8142.123611,158.760078
8142.735,158.779434
8144.221944,158.80847
8145.398333,158.731042
8145.751389,158.721364
8146.331944,158.769756
8146.59,158.721364
8146.924167,158.721364
8147.238889,158.769756
8147.620556,158.721364
8147.979444,158.721364
8148.038056,158.721364
8148.571944,158.80847
8148.900833,158.750399
8149.132778,158.750399
8149.171111,158.779434
8149.6,158.634259
8149.932778,158.605223
8150.220833,158.634259
8150.505556,158.489083
8150.840833,158.469726
8151.189167,158.479404
8151.477778,158.634259
8151.801389,158.537475
8152.196111,158.576188
8152.642222,158.740721
8153.028056,158.731042
8153.295278,158.731042
8153.523889,158.547153
8154.141389,158.721364
8154.422778,158.692329
8154.774722,158.721364
8155.063889,158.702007
8156.238056,158.750399
8156.469167,158.779434
8156.725,158.779434
8157.073333,158.818148
8157.487222,158.740721
8157.729167,158.740721
8157.848056,158.692329
8158.411944,158.68265
8158.729444,158.672972
8158.997778,158.634259
8160.786389,158.576188
8161.356111,158.62458
8162.555556,158.692329
8162.857222,158.760078
8163.176389,158.789113
8164.203056,158.827826
8164.463056,158.779434
8164.816944,158.856861
8164.988611,158.856861
8165.423611,158.905253
8165.778333,158.92461
8166.012222,158.92461
8166.075833,158.973002
8166.3325,158.973002
8166.946667,158.876218
8167.233611,158.837505
8167.788056,158.760078
8168.388889,158.779434
8168.648611,158.827826
8169.563056,158.80847
8169.906389,158.769756
8170.208611,158.798791
8171.4475,158.731042
8171.7925,158.711686
8172.076389,158.731042
8172.315278,158.721364
8172.627222,158.760078
8172.956667,158.779434
8173.206944,158.711686
8173.444444,158.750399
8173.728056,158.750399
8173.756944,158.731042
8174.249722,158.80847
8174.521667,158.818148
8174.745833,158.818148
8174.861944,158.80847
8175.139722,158.80847
8176.443889,158.963324
8176.752778,158.934289
8177.009444,158.934289
8177.266667,158.876218
8177.495833,158.92461
8178.14,158.92461
8178.407778,158.247123
8178.777222,158.218088
8179.053333,158.256801
8179.931389,158.189053
8180.505278,158.276158
8181.583056,158.121304
8181.900833,158.121304
8182.4775,158.034199
8182.831944,158.053555
8182.9475,158.053555
8183.174722,158.005163
8183.493333,158.005163
8183.867778,158.072912
8184.344167,158.072912
8184.626389,158.111626
8185.878056,158.198731
8186.501944,158.26648
8187.385,158.150339
8188.068333,158.295515
8188.646389,158.111626
8189.005833,158.140661
8189.6025,158.672972
8190.561944,158.672972
8190.883056,158.80847
8191.4825,158.750399
8191.718611,158.750399
8191.853333,158.798791
8192.163056,158.847183
8192.755278,158.721364
8193.060278,158.769756
8194.281944,158.634259
8194.566667,158.62458
8194.878333,158.576188
8195.453056,158.643937
8195.788333,158.653615
8196.091667,158.672972
8196.373889,158.653615
8196.711667,158.62458
8196.9775,158.605223
8197.254722,158.585867
8197.795833,158.527796
8198.094722,158.605223
8198.354444,158.634259
8198.614444,158.605223
8199.017778,158.605223
8199.243889,158.643937
8199.5175,158.702007
8200.026389,158.702007
8200.245278,158.605223
8200.747778,158.643937
8200.931389,158.68265
8201.4,158.750399
8201.735278,158.702007
8202.033889,158.702007
8202.324722,158.711686
8202.584722,158.711686
8204.023611,158.62458
8204.3425,158.62458
8204.628611,158.595545
8205.808333,158.605223
8206.106389,158.576188
8206.412222,158.56651
8206.766667,158.576188
8208.003056,158.576188
8208.287778,158.576188
8208.607222,158.595545
8208.956944,158.605223
8209.004444,158.605223
8209.572778,158.672972
8209.927222,158.614902
8210.213611,158.56651
8210.537222,158.556831
8210.782222,158.547153
8211.119167,158.576188
8211.418333,158.489083
8211.79,158.527796
8212.102778,158.547153
8212.366111,158.518118
8213.011667,158.614902
8213.280278,158.547153
8213.9375,158.672972
8214.246111,158.614902
8214.528611,158.643937
8214.858889,158.585867
8216.052778,158.663294
8216.484722,158.663294
8217.066667,158.663294
8217.332778,158.62458
8217.498611,158.62458
8217.98,158.56651
8218.492778,158.537475
8218.830556,158.576188
8219.059722,158.537475
8219.351944,158.585867
8219.629167,158.537475
8219.925556,158.518118
8220.6425,158.518118
8221.293611,158.479404
8221.550278,158.489083
8221.8525,158.479404
8222.126111,158.527796
8222.426944,158.585867
8222.712222,158.537475
8223.3075,158.585867
8224.306389,158.547153
8224.311389,158.469726
8224.898333,158.527796
8225.186111,158.518118
8225.478889,158.56651
8225.818611,158.576188
8226.395556,158.537475
8226.763889,158.576188
8227.333889,158.498761
8227.631667,158.527796
8227.975556,158.50844
8228.2625,158.479404
8228.460833,158.479404
8228.833056,158.50844
8229.125,158.489083
8230.084722,158.518118
8230.351389,158.527796
8230.618889,158.489083
8230.933056,158.50844
8231.538056,158.479404
8232.178889,158.498761
8233.118889,158.731042
8233.398611,158.692329
8233.767222,158.711686
8234.345556,158.692329
8234.711944,158.702007
8234.981944,158.702007
8235.592222,158.692329
8236.571389,158.789113
8236.923056,158.779434
8237.248056,158.818148
8237.569167,158.827826
8238.452778,158.837505
8238.816389,158.80847
8239.095,158.856861
8239.391111,158.914932
8239.752222,158.934289
8240.730556,158.856861
8241.311944,158.80847
8241.578889,158.740721
8242.242778,158.556831
8242.534167,158.547153
8242.896667,158.547153
8243.156111,158.56651
8243.400556,158.576188
8243.743889,158.50844
8244.009167,158.527796
8244.270278,158.595545
8244.560833,158.556831
8245.112778,158.692329
8245.393889,158.731042
8245.791389,158.702007
8246.058611,158.692329
8246.621667,158.740721
8246.958333,158.769756
8247.269722,158.760078
8247.566944,158.798791
8247.914722,158.779434
8248.250278,158.789113
8248.983333,158.827826
8249.282778,158.80847
8249.535278,158.847183
8249.793056,158.856861
8250.370833,158.885897
8250.745556,158.876218
8251.2675,158.837505
8251.573611,158.876218
8252.233056,158.837505
8253.525833,158.86654
8253.839722,158.80847
8254.165833,158.818148
8254.491667,158.769756
8254.815556,158.80847
8255.393889,158.789113
8256.626389,158.740721
8257.288611,158.760078
8257.579167,158.789113
8258.216111,158.80847
8258.619167,158.818148
8259.150278,158.80847
8260.103889,158.856861
8260.394444,158.92461
8260.717222,158.934289
8261.008611,158.876218
8261.317778,158.905253
8261.890833,158.92461
8262.172778,158.992359
8262.4425,158.963324
8262.619167,158.953645
8263.917778,159.011716
8264.824444,159.060108
8265.129167,159.031072
8266.092778,158.905253
8266.380556,158.963324
8266.75,158.885897
8267.016667,158.837505
8267.623611,158.847183
8267.945833,158.856861
8268.226944,158.837505
8268.521111,158.876218
8269.179722,158.827826
8269.441111,158.92461
8269.803889,158.92461
8270.058333,158.905253
8270.344167,158.943967
8270.639722,158.963324
8270.9925,158.92461
8271.319722,158.885897
8271.650556,158.973002
8272.238611,159.011716
8272.935833,158.973002
8273.230278,158.973002
8273.380833,158.992359
8273.745,159.031072
8273.991389,158.98268
8274.293889,158.973002
8274.546389,159.040751
8274.913889,158.973002
8275.43,158.992359
8275.724444,158.992359
8276.262778,158.992359
8276.865556,158.992359
8277.811111,158.963324
8278.116667,158.943967
8278.401944,158.92461
8279.334722,158.86654
8279.996667,158.827826
8280.351667,158.876218
8281.009444,158.847183
8282.214722,158.953645
8282.521667,159.011716
8282.994444,159.002037
8283.278056,159.002037
8283.583889,159.002037
8283.9225,159.040751
8284.228889,159.002037
8284.486111,158.98268
8284.858889,159.069786
8285.445556,159.16657
8287.004444,159.205283
8287.590556,159.1085
8287.957778,159.16657
8288.223333,159.147213
8288.842222,159.137535
8289.440556,159.156891
8289.813056,159.1085
8290.080556,159.205283
8290.4,159.205283
8290.757778,159.16657
8291.048889,159.195605
8291.515556,159.195605
8291.606389,159.156891
8291.943611,159.118178
8292.545278,159.011716
8292.849444,158.98268
8294.054444,159.079464
8294.618889,159.040751
8294.949722,159.011716
8295.2775,159.1085
8295.603333,159.060108
8295.966389,159.1085
8296.258611,159.127856
8296.861667,159.079464
8297.221111,159.098821
8297.488056,159.069786
8297.858889,159.118178
8298.151944,159.118178
8298.440556,159.1085
8299.260556,159.16657
8299.547778,159.195605
8299.883333,159.16657
8300.464444,159.16657
8300.497222,159.234319
8300.82,159.16657
8301.141944,159.137535
8301.398333,159.127856
8301.478889,159.127856
8302.0425,159.021394
8302.345278,159.079464
8302.968056,159.098821
8303.275556,159.127856
8303.571667,159.127856
8303.891389,159.137535
8304.820278,159.176248
8305.068611,159.176248
8305.350556,159.263354
8305.614167,159.243997
8305.960278,159.360138
8306.232222,159.321424
8306.915278,159.253675
8307.209167,159.273032
8307.5,159.263354
8307.86,159.321424
8308.405278,159.427886
8308.740556,159.379494
8309.043056,159.379494
8309.315556,159.52467
8309.603611,159.514992
8310.106111,159.514992
8310.215833,159.427886
8310.497222,159.476278
8310.855278,159.544027
8311.133056,159.544027
8311.181111,159.563384
8311.523333,159.292389
8311.877222,159.214962
8312.148889,159.185927
8312.425278,159.16657
8312.760833,159.1085
8313.612778,159.098821
8314.095833,159.156891
8314.343056,159.156891
8314.982222,159.156891
8314.984167,158.914932
8315.283889,158.856861
8316.196111,158.837505
8316.502778,159.021394
8317.186667,159.040751
8317.867778,158.934289
8318.122778,159.118178
8318.426667,159.118178
8318.753333,159.156891
8318.994167,159.137535
8319.251667,159.156891
8319.533333,159.214962
8319.854722,159.234319
8320.236389,159.234319
8320.717222,159.243997
8320.981944,159.273032
8321.253889,159.302067
8321.877778,159.273032
8322.127222,159.243997
8322.394722,159.22464
8322.602778,159.214962
8322.9475,159.214962
8323.246944,159.147213
8323.802778,159.147213
8323.882778,159.205283
8324.15,159.22464
8324.424167,159.214962
8324.715,159.22464
8324.896944,159.22464
8325.048056,159.16657
8325.578611,159.16657
8326.014722,159.22464
8326.334167,159.185927
8326.933889,159.147213
8327.236111,159.147213
8327.515556,159.118178
8327.840278,159.156891
8328.360556,159.127856
8329.000278,159.156891
8329.28,159.16657
8329.569444,159.185927
8329.933333,159.253675
8330.255,159.214962
8330.8775,159.214962
8331.148056,159.302067
8331.789167,159.321424
8332.081389,159.379494
8332.611667,159.340781
8332.987222,159.398851
8333.288056,159.331102
8333.603611,159.302067
8333.771389,159.302067
8334.233333,159.398851
8334.849167,159.398851
8335.089722,159.495635
8335.381111,159.418208
8335.748056,159.437565
8336.008611,159.495635
8336.2875,159.418208
8336.886111,159.302067
8337.491667,159.292389
8337.800278,159.292389
8338.635833,159.214962
8339.254444,159.205283
8341.234722,159.379494
8341.606944,159.398851
8341.985,159.437565
8342.285556,159.505313
8342.551111,159.505313
8342.873889,159.514992
8343.109722,159.544027
8343.224444,159.52467
8343.933333,159.52467
8344.1275,159.563384
8344.127778,159.563384
8344.959722,159.563384
8344.986667,159.602097
8345.153056,159.553705
8345.614722,159.553705
8346.176944,159.544027
8346.370833,159.563384
8346.756944,159.4666
8347.641111,159.485957
8347.922778,159.4666
8348.201944,159.437565
8348.482778,159.456921
8348.8275,159.437565
8349.096944,159.447243
8349.359722,159.437565
8349.620833,159.369816
8350.222222,159.40853
8350.486389,159.456921
8350.814167,159.379494
8351.103611,159.22464
8351.388889,159.447243
8351.734444,159.40853
8352.045278,159.418208
8352.9125,159.4666
8353.382222,159.553705
8353.988889,159.553705
8354.034722,159.40853
8354.243333,159.456921
8354.547222,159.437565
8354.896111,159.437565
8355.0875,159.437565
8355.171111,159.379494
8355.473611,159.427886
8356.380278,159.52467
8357.0475,159.52467
8357.328889,159.58274
8357.591944,159.544027
8357.91,159.534349
8358.2175,159.553705
8358.501667,159.58274
8358.835278,159.621454
8359.108889,159.505313
8359.611667,159.427886
8359.96,159.40853
8360.531944,159.302067
8360.855833,159.234319
8361.114444,159.234319
8361.444167,159.311746
8362.011111,159.253675
8362.273889,159.28271
8362.528056,159.292389
8362.834722,159.263354
8363.729167,159.263354
8363.755833,159.253675
8364.013889,159.273032
8364.270833,159.243997
8364.810833,159.243997
8364.890278,159.302067
8365.136111,159.234319
8365.416944,159.28271
8365.639167,159.263354
8365.990556,159.340781
8366.2175,159.331102
8366.537222,159.398851
8366.732222,159.379494
8366.816111,159.350459
8366.957222,159.360138
8367.251111,159.398851
8367.478333,159.418208
8367.822778,159.350459
8368.106389,159.340781
8368.384722,159.369816
8369.0325,159.350459
8369.105556,159.369816
8369.343889,159.447243
8369.595556,159.360138
8370.246389,159.495635
8370.5075,159.485957
8371.584444,159.544027
8371.941944,159.58274
8372.263056,159.573062
8372.585833,159.485957
8373.2375,159.534349
8373.404167,159.534349
8373.557778,159.58274
8374.188056,159.52467
8374.436667,159.52467
8374.4925,159.563384
8374.818333,159.476278
8375.128333,159.4666
8376.023333,159.379494
8376.323333,159.360138
8376.950556,159.340781
8377.1675,159.205283
8377.439722,159.40853
8377.78,159.427886
8378.057778,159.447243
8378.355,159.447243
8378.61,159.4666
8378.963056,159.398851
8379.890278,159.340781
8380.1375,159.273032
8380.395278,159.321424
8380.646389,159.398851
8380.987222,159.311746
8381.3,159.273032
8381.574167,159.369816
8382.204444,159.321424
8382.467222,159.360138
8382.796667,159.360138
8383.3525,159.447243
8383.843889,159.447243
8383.953333,159.369816
8384.236667,159.427886
8384.511111,159.4666
8384.840833,159.456921
8385.278611,159.40853
8385.554167,159.476278
8385.905556,159.427886
8386.169722,159.398851
8386.459722,159.379494
8386.761111,159.398851
8387.596667,159.418208
8387.935,159.398851
8388.192778,159.369816
8388.500278,159.427886
8388.836667,159.311746
8389.735278,159.418208
8390.025,159.379494
8390.304722,159.379494
8390.954167,159.456921
8391.251667,159.456921
8391.579444,159.4666
8392.538333,159.447243
8392.767222,159.447243
8392.869722,159.485957
8393.420556,159.650489
8393.800833,159.650489
8394.053611,159.650489
8394.293333,159.611776
8394.916389,159.631132
8395.219444,159.621454
8395.455278,159.602097
8395.802222,159.631132
8396.121111,159.58274
8396.736389,159.534349
8397.011944,159.52467
8397.273611,159.485957
8397.555556,159.573062
8397.877222,159.631132
8398.1875,159.611776
8398.466389,159.58274
8398.7675,159.611776
8399.071667,159.592419
8399.351111,159.58274
8399.715,159.52467
8400.275833,159.40853
8400.574167,159.534349
8400.951389,159.573062
8401.553889,159.534349
8402.165556,159.563384
8402.403611,159.602097
8402.476389,159.602097
8402.745278,159.602097
8403.265278,159.621454
8403.503056,159.621454
8403.544167,159.631132
8403.854167,159.640811
8404.447778,159.679524
8404.791111,159.679524
8405.078056,159.660168
8405.760833,159.70856
8406.043889,159.669846
8406.315556,159.70856
8406.651389,159.660168
8407.014722,159.660168
8407.581389,159.679524
8407.953333,159.718238
8408.194167,159.485957
8408.486111,159.718238
8408.830833,159.756951
8409.153333,159.756951
8409.415556,159.776308
8409.743056,159.785987
8410.036111,159.76663
8410.604722,159.679524
8410.988333,159.76663
8411.263056,159.737595
8411.530556,159.756951
8411.896667,159.815022
8412.206944,159.8247
8412.362222,159.8247
8412.484722,159.785987
8413.083333,159.776308
8413.368611,159.776308
8413.379722,159.756951
8413.643611,159.76663
8413.984722,159.815022
8414.265278,159.737595
8414.542778,159.756951
8414.906389,159.795665
8415.215556,159.776308
8415.484722,159.737595
8416.074722,159.76663
8416.261389,159.747273
8417.534722,159.795665
8417.880833,159.8247
8418.157222,159.776308
8418.443889,159.785987
8419.086111,159.834379
8419.370556,159.805343
8419.805556,159.805343
8420.106667,159.776308
8420.426667,159.737595
8420.746667,159.70856
8421.036389,159.698881
8421.591667,159.679524
8422.165833,159.679524
8422.194722,159.785987
8422.477778,159.785987
8422.778333,159.805343
8423.067778,159.76663
8423.249722,159.76663
8423.360833,159.718238
8423.598333,159.737595
8423.909722,159.756951
8424.244444,159.70856
8424.881667,159.669846
8425.628333,159.640811
8425.961389,159.718238
8426.918056,159.70856
8427.200556,159.737595
8427.478333,159.756951
8428.119722,159.737595
8428.400556,159.737595
8428.656389,159.76663
8429.016111,159.698881
8429.305833,159.718238
8429.619722,159.776308
8430.257778,159.785987
8430.559722,159.815022
8430.865,159.815022
8431.185278,159.747273
8431.822778,159.805343
8432.139167,159.785987
8432.44,159.88277
8432.496944,159.88277
8432.8175,159.863414
8433.130833,159.853735
8433.421389,159.863414
8433.591111,159.863414
8434.025278,159.8247
8435.155556,159.689203
8435.374722,159.737595
8435.725278,159.737595
8435.922222,159.805343
8436.560278,159.785987
8436.9225,159.834379
8437.213889,159.776308
8437.49,159.756951
8437.845833,159.8247
8438.792222,159.8247
8439.786111,159.853735
8440.079722,160.056981
8441.0425,160.153765
8441.385833,160.105373
8441.753611,160.144087
8442.073889,160.144087
8442.363889,160.173122
8442.6225,160.173122
8442.6275,160.182801
8443.618056,160.173122
8443.7425,160.173122
8443.9625,160.192479
8444.946944,160.153765
8445.276944,160.153765
8445.519722,160.095695
8446.22,160.056981
8446.519167,160.047303
8446.885,160.056981
8447.196389,159.998911
8447.443056,159.960198
8447.83,160.018268
8448.116944,160.027946
8448.443889,160.018268
8448.795278,160.06666
8449.359444,160.018268
8449.580556,160.056981
8449.918611,160.115052
8450.2125,160.047303
8450.493611,160.056981
8451.124444,160.00859
8451.448611,160.00859
8451.81,160.037625
8452.080833,160.00859
8452.759167,160.00859
8452.818889,160.076338
8453.146667,160.06666
8453.454722,160.134409
8453.724167,160.144087
8453.778611,160.144087
8454.316111,160.153765
8455.330556,160.231192
8455.995556,160.260228
8456.984167,160.115052
8457.306667,160.06666
8457.606389,160.06666
8457.952778,160.047303
8458.235833,160.056981
8458.9625,160.144087
8459.576944,160.153765
8459.965556,160.163444
8460.167778,160.153765
8460.955,160.00859
8461.258056,159.873092
8461.568333,159.88277
8462.783056,159.88277
8462.824722,160.047303
8463.716389,160.173122
8463.786667,160.173122
8464.041389,160.144087
8464.369444,160.144087
8465.028611,160.163444
8465.342778,160.173122
8465.644722,160.192479
8466.255,160.211836
8466.927222,160.12473
8467.2275,160.115052
8467.584167,160.095695
8467.948611,160.06666
8468.199444,160.105373
8469.063611,160.086017
8469.360833,160.134409
8470.005833,160.115052
8470.357778,160.086017
8470.569167,160.12473
8470.971111,160.00859
8471.368333,159.998911
8472.075833,160.047303
8472.346389,160.047303
8472.386389,160.076338
8472.791667,160.095695
8473.094444,160.095695
8473.366389,160.095695
8473.369167,160.06666
8473.814722,160.037625
8474.337778,160.153765
8474.5675,160.144087
8474.999444,160.182801
8475.620556,160.095695
8476.314444,160.06666
8476.628056,160.12473
8477.0125,160.173122
8477.291667,160.192479
8477.957778,160.163444
8478.549167,160.192479
8479.224722,160.260228
8479.515278,160.269906
8479.870556,160.30862
8480.143056,160.250549
8480.407222,160.279584
8480.786111,160.289263
8481.086944,160.327976
8481.383889,160.298941
8481.722778,160.318298
8482.033333,160.357011
8482.203611,160.357011
8482.294444,160.36669
8482.599167,160.298941
8482.981944,160.279584
8483.233889,160.279584
8483.568611,160.318298
8483.930833,160.30862
8484.239722,160.337655
8484.853889,160.337655
8485.152778,160.298941
8485.422222,160.318298
8485.759444,160.095695
8485.986389,160.221514
8486.28,160.250549
8486.348611,160.269906
8486.966389,160.260228
8487.220278,160.250549
8487.542222,160.279584
8488.0975,160.240871
8488.170556,160.192479
8489.328889,160.260228
8490.220278,160.240871
8490.53,160.289263
8490.9275,160.327976
8491.241389,160.298941
8491.549444,160.30862
8492.191389,160.298941
8492.5225,160.318298
8493.203889,160.289263
8493.455833,160.269906
8493.740556,160.327976
8494.049722,160.289263
8494.726944,160.337655
8494.969722,160.337655
8495.030278,160.298941
8495.546944,160.30862
8496.01,160.30862
8496.2525,160.182801
8496.568056,160.134409
8496.926389,160.144087
8497.235278,160.153765
8497.500556,160.105373
8497.856944,160.134409
8498.160833,160.173122
8498.450556,160.173122
8498.801667,160.173122
8499.326944,160.173122
8499.957778,160.211836
8500.265833,160.163444
8500.577778,160.182801
8500.921111,160.202157
8501.538056,160.134409
8501.841111,160.192479
8502.159444,160.192479
8502.9125,160.279584
8503.202222,160.30862
8503.870278,160.327976
8504.142222,160.327976
8504.438889,160.347333
8504.743056,160.347333
8504.778889,160.386047
8505.327778,160.337655
8505.835833,160.337655
8505.981944,160.386047
8506.270556,160.318298
8506.510556,160.298941
8506.884722,160.279584
8507.196389,160.298941
8507.7975,160.260228
8508.398333,160.289263
8509.386667,160.337655
8509.751944,160.337655
8510.535833,160.289263
8510.869722,160.289263
8511.136111,160.337655
8511.770556,160.337655
8512.071389,160.36669
8512.243611,160.318298
8512.944167,160.269906
8513.262222,160.250549
8513.868056,160.250549
8514.120833,160.30862
8514.439167,160.279584
8514.797222,160.269906
8515.089167,160.250549
8515.366944,160.211836
8515.638611,160.231192
8516.971111,160.221514
8517.483333,160.250549
8517.779444,160.240871
8518.380833,160.202157
8518.736389,160.231192
8518.983889,160.231192
8519.014444,160.211836
8519.274722,160.269906
8519.941389,160.134409
8519.997222,160.134409
8520.208333,160.095695
8521.4825,160.095695
8522.095,160.12473
8522.377778,160.056981
8523.066944,160.105373
8523.624444,160.06666
8524.29,160.06666
8524.516111,160.086017
8524.857778,160.12473
8526.075556,160.163444
8526.656111,160.115052
8526.994722,160.144087
8527.274167,160.182801
8527.564722,160.173122
8527.858611,160.202157
8528.444444,160.260228
8528.491667,160.260228
8528.783333,160.250549
8529.027222,160.269906
8529.504444,160.269906
8529.509444,160.231192
8529.974444,160.221514
8530.273611,160.231192
8530.555556,160.250549
8531.816111,160.30862
8532.181944,160.318298
8532.470556,160.289263
8533.103333,160.327976
8533.793056,160.347333
8534.096944,160.347333
8534.376944,160.327976
8534.748056,160.298941
8535.053889,160.347333
8535.331667,160.337655
8535.574444,160.347333
8535.968889,160.347333
8536.258056,160.347333
8537.148889,160.415082
8537.449167,160.386047
8537.794167,160.376368
8538.088889,160.473152
8538.356944,160.473152
8538.713611,160.463474
8539.012778,160.42476
8539.275278,160.415082
8539.436944,160.415082
8539.523889,160.453795
8539.861667,160.376368
8540.171667,160.36669
8540.513056,160.36669
8540.881944,160.386047
8541.167222,160.36669
8541.473056,160.36669
8541.789167,160.386047
8542.034167,160.36669
8542.640556,160.347333
8543.198889,160.231192
8543.477778,160.182801
8543.850278,160.192479
8544.175556,160.173122
8544.735833,160.105373
8545.046667,160.115052
8545.443333,160.12473
8545.814444,160.115052
8546.080833,160.173122
8547.118611,160.182801
8547.418333,160.134409
8547.75,160.173122
8548.283333,160.153765
8548.943611,160.192479
8549.240833,160.202157
8549.515,160.192479
8549.868889,160.240871
8550.173056,160.260228
8550.484722,160.240871
8550.814722,160.231192
8551.462778,160.289263
8551.801111,160.405403
8553.635,160.434439
8554.010833,160.444117
8554.256111,160.589293
8554.542778,160.598971
8554.875833,160.540901
8555.504722,160.569936
8555.547778,160.569936
8555.883056,160.579614
8556.511389,160.589293
8556.573333,160.589293
8557.500278,160.657041
8557.858056,160.60865
8558.179167,160.598971
8558.463333,160.598971
8558.811111,160.560258
8559.107778,160.598971
8559.425278,160.637685
8560.079167,160.72479
8560.275278,160.686077
8561.393056,160.647363
8561.743889,160.66672
8562.753333,160.598971
8563.317778,160.569936
8563.728333,160.550579
8564.305833,160.482831
8564.79,160.453795
8565.073611,160.502187
8565.377222,160.531222
8565.465278,160.531222
8565.763056,160.463474
8566.030833,160.492509
8566.344722,160.531222
8566.502778,160.531222
8566.621389,160.473152
8567.006667,160.357011
8567.6,160.453795
8568.258889,160.42476
8568.562222,160.434439
8569.2925,160.327976
8570.404444,160.279584
8570.780833,160.260228
8571.077778,160.289263
8571.418889,160.289263
8571.749444,160.318298
8572.075,160.376368
8572.731111,160.327976
8572.951389,160.30862
8573.211667,160.337655
8574.499167,160.260228
8574.810278,160.298941
8575.131667,160.405403
8575.169444,160.405403
8575.574167,160.434439
8575.893333,160.444117
8576.46,160.444117
8576.461667,160.42476
8576.835278,160.327976
8577.128056,160.357011
8577.4175,160.337655
8578.443889,160.434439
8578.822778,160.453795
8579.026944,160.453795
8579.166111,160.444117
8579.431389,160.405403
8579.778333,160.42476
8580.3,160.463474
8580.605556,160.415082
8581.295833,160.415082
8582.211667,160.463474
8582.784444,160.434439
8583.3175,160.415082
8583.635556,160.453795
8583.973611,160.42476
8584.318333,160.405403
8585.191667,160.405403
8585.219167,160.463474
8586.0475,160.550579
8586.248333,160.550579
8586.338333,160.531222
8586.725,160.473152
8587.032778,160.453795
8587.32,160.434439
8587.6125,160.463474
8588.506667,160.463474
8588.8725,160.473152
8589.191111,160.453795
8589.509722,160.502187
8589.861944,160.473152
8590.17,160.502187
8590.478333,160.463474
8591.053611,160.473152
8591.398611,160.42476
8591.756111,160.434439
8592.0875,160.42476
8592.37,160.415082
8593.020278,160.240871
8593.330278,160.192479
8593.61,160.231192
8593.9875,160.211836
8594.521667,160.173122
8594.863611,160.182801
8595.327778,160.182801
8595.4925,160.240871
8595.830833,160.221514
8596.103056,160.415082
8596.332222,160.415082
8596.767222,160.386047
8597.603611,160.36669
8598.279167,160.376368
8598.568056,160.405403
8599.870833,160.327976
8600.126667,160.376368
8600.419722,160.376368
8600.775833,160.36669
8601.081111,160.444117
8601.370833,160.444117
8602.034167,160.453795
8602.350833,160.42476
8602.6125,160.453795
8602.951389,160.482831
8603.249167,160.579614
8603.540833,160.550579
8604.162778,160.521544
8604.434444,160.550579
8604.7175,160.560258
8605.333611,160.618328
8605.61,160.618328
8605.617222,160.628006
8605.968611,160.618328
8606.242222,160.647363
8606.621389,160.647363
8606.897222,160.589293
8607.183333,160.521544
8607.713333,160.579614
8608.0225,160.589293
8608.282222,160.579614
8609.130833,160.473152
8609.440278,160.482831
8610.389167,160.473152
8611.042222,160.482831
8611.436944,160.492509
8611.798333,160.540901
8612.075556,160.492509
8612.413611,160.453795
8613.005278,160.453795
8613.287778,160.502187
8613.591111,160.463474
8613.934722,160.482831
8614.644444,160.502187
8614.962222,160.463474
8615.216111,160.550579
8615.304722,160.550579
8615.530833,160.540901
8615.866944,160.502187
8616.337778,160.502187
8616.506111,160.405403
8616.876389,160.376368
8617.3825,160.327976
8617.719444,160.415082
8618.093056,160.405403
8618.403889,160.434439
8619.033056,160.415082
8619.719444,160.415082
8620.011111,160.357011
8621.25,160.502187
8621.883611,160.550579
8622.198056,160.560258
8623.472222,160.569936
8623.7825,160.511866
8624.058611,160.511866
8625.235278,160.511866
8626.237222,160.511866
8626.313611,160.676398
8626.958611,160.540901
8627.225,160.60865
8627.521389,160.540901
8627.872778,160.569936
8628.180833,160.550579
8628.556944,160.550579
8628.851111,160.511866
8629.148333,160.482831
8629.444167,160.473152
8629.808333,160.511866
8630.718611,160.42476
8631.041667,160.405403
8631.745,160.531222
8632.013889,160.521544
8632.321667,160.569936
8632.865833,160.550579
8633.120556,160.511866
8633.435278,160.540901
8633.787222,160.531222
8634.085278,160.492509
8634.390556,160.511866
8635.025833,160.589293
8635.077222,160.589293
8636.106389,160.589293
8636.113056,160.560258
8636.745556,160.521544
8636.999722,160.492509
8637.31,160.569936
8637.536944,160.540901
8638.195,160.579614
8638.519444,160.579614
8638.860556,160.560258
8639.439722,160.540901
8640.084722,160.492509
8640.375556,160.444117
8641.74,160.540901
8642.056111,160.463474
8642.715556,160.492509
8643.265278,160.521544
8643.598333,160.473152
8643.978889,160.502187
8644.257222,160.492509
8645.170278,160.521544
8645.429167,160.521544
8645.468333,160.60865
8645.803611,160.686077
8646.108333,160.589293
8646.411111,160.589293
8646.46,160.589293
8646.749167,160.647363
8647.033056,160.637685
8647.216111,160.628006
8647.836389,160.705433
8648.135833,160.686077
8648.433889,160.686077
8648.8475,160.60865
8649.125833,160.569936
8649.371944,160.60865
8649.706389,160.647363
8649.988333,160.560258
8650.270556,160.637685
8650.553889,160.66672
8651.158056,160.589293
8651.443333,160.628006
8651.822222,160.618328
8652.615556,160.60865
8653.307222,160.60865
8653.614167,160.60865
8653.951667,160.628006
8654.476389,160.657041
8654.747222,160.637685
8655.018333,160.589293
8655.266389,160.589293
8655.290833,160.657041
8655.536389,160.637685
8655.865833,160.618328
8656.131944,160.60865
8656.355,160.60865
8657.5675,160.618328
8657.88,160.637685
8658.427222,160.657041
8658.766944,160.66672
8659.034444,160.60865
8659.828889,160.569936
8660.335,160.579614
8660.603889,160.540901
8660.955278,160.511866
8661.262778,160.550579
8661.505,160.492509
8661.855556,160.540901
8662.14,160.463474
8662.409167,160.434439
8662.738889,160.463474
8663.023333,160.415082
8663.908889,160.415082
8664.235278,160.42476
8664.533611,160.30862
8665.226111,160.511866
8665.497778,160.569936
8665.843611,160.598971
8666.126389,160.560258
8666.634722,160.531222
8666.981111,160.502187
8667.540278,160.511866
8667.868611,160.579614
8668.762778,160.569936
8669.625556,160.618328
8669.943889,160.560258
8670.841389,160.637685
8671.166389,160.579614
8671.429167,160.637685
8671.781944,160.744147
8672.079444,160.734469
8672.313889,160.744147
8672.588611,160.72479
8672.914722,160.773182
8673.983056,160.773182
8674.429444,160.782861
8674.765556,160.792539
8674.915,160.792539
8675.565556,160.831252
8675.832778,160.840931
8676.010833,160.840931
8676.096667,160.792539
8676.360556,160.792539
8676.643333,160.734469
8676.968889,160.734469
8677.504722,160.763504
8677.840833,160.773182
8678.123056,160.763504
8678.4025,160.782861
8678.740556,160.821574
8679.333333,160.811896
8679.708333,160.782861
8679.9825,160.72479
8680.263056,160.840931
8680.863611,160.782861
8681.154722,160.773182
8681.389444,160.811896
8681.637778,160.802217
8681.961111,160.831252
8682.233889,160.869966
8682.484722,160.773182
8682.821389,160.773182
8683.048056,160.792539
8683.323333,160.811896
8683.595278,160.753825
8683.932222,160.773182
8684.471389,160.773182
8684.805556,160.744147
8685.372778,160.618328
8685.545556,160.618328
8685.649167,160.686077
8686.001944,160.72479
8686.2725,160.753825
8686.568889,160.686077
8686.968056,160.66672
8687.258333,160.705433
8687.537222,160.637685
8687.858056,160.637685
8688.431944,160.60865
8689.030833,160.647363
8689.257778,160.695755
8689.553889,160.657041
8689.901389,160.66672
8690.2125,160.676398
8691.156944,160.628006
8691.784167,160.598971
8692.088333,160.676398
8692.398611,160.686077
8692.735,160.598971
8693.016389,160.66672
8693.280833,160.734469
8693.558333,160.695755
8693.875,160.753825
8694.138333,160.753825
8694.141111,160.802217
8694.429444,160.811896
8694.78,160.850609
8695.085278,160.831252
8695.373889,160.831252
8695.765278,160.889323
8696.04,160.869966
8696.364444,160.947393
8697.301944,160.628006
8697.546944,160.550579
8697.862778,160.531222
8698.139167,160.598971
8698.447778,160.579614
8699.036667,160.60865
8699.341389,160.657041
8699.941667,160.569936
8700.235,160.560258
8700.9125,160.502187
8701.295278,160.531222
8701.61,160.511866
8701.928333,160.502187
8702.202778,160.540901
8702.481111,160.540901
8702.823056,160.550579
8703.139722,160.550579
8703.4425,160.560258
8703.812778,160.560258
8704.0425,160.560258
8704.080278,160.550579
8704.265,160.569936
8704.928056,160.550579
8705.063611,160.550579
8705.205833,160.531222
8705.815833,160.579614
8706.132778,160.589293
8706.426111,160.66672
8706.781111,160.657041
8707.364722,160.744147
8707.805833,160.734469
8708.124167,160.695755
8708.415,160.686077
8708.986111,160.569936
8709.2725,160.579614
8709.557222,160.560258
8710.185833,160.540901
8710.481667,160.569936
8710.857222,160.511866
8711.485833,160.492509
8711.820278,160.589293
8712.1325,160.589293
8712.446667,160.628006
8712.758056,160.676398
8713.045,160.637685
8713.640833,160.744147
8713.861389,160.744147
8713.988889,160.715112
8714.583056,160.695755
8714.920278,160.695755
8714.966389,160.637685
8715.226667,160.676398
8715.471944,160.657041
8715.809167,160.647363
8716.086667,160.66672
8717.075,160.686077
8717.363056,160.686077
8717.599722,160.686077
8718.190278,160.647363
8718.476389,160.618328
8719.138611,160.686077
8719.430278,160.72479
8719.776667,160.763504
8720.094444,160.782861
8720.399167,160.763504
8720.621944,160.792539
8720.968611,160.753825
8721.2725,160.753825
8721.521111,160.715112
8721.870278,160.753825
8722.501111,160.782861
8722.881111,160.802217
8723.160556,160.811896
8723.427222,160.811896
8723.790556,160.802217
8724.032222,160.840931
8724.334722,160.850609
8724.4875,160.850609
8724.598333,160.715112
8725.216111,160.753825
8725.520833,160.695755
8725.878611,160.782861
8726.184722,160.763504
8726.472222,160.715112
8727.171944,160.782861
8727.436944,160.753825
8727.983056,160.773182
8728.211111,160.802217
8729.581389,160.792539
8730.031389,160.831252
8730.327778,160.869966
8730.616389,160.821574
8730.955278,160.792539
8731.221389,160.840931
8731.5375,160.850609
8731.881389,160.773182
8732.181667,160.782861
8732.476667,160.802217
8732.791111,160.792539
8733.333889,160.879644
8733.445833,160.879644
8734.005833,160.831252
8734.280833,160.782861
8734.458611,160.782861
8734.584167,160.792539
8734.931389,160.792539
8735.225278,160.773182
8735.484722,161.702307
8735.801667,161.731342
8736.105,161.653915
8736.403333,161.682951
8737.031111,161.682951
8737.630556,161.711986
8738.235278,161.682951
8738.861667,161.760378
8739.163056,161.653915
8739.417222,161.721664
8740.038056,161.721664
8740.411944,161.760378
8741.061389,161.750699
8741.360556,161.731342
8742.238889,161.702307
8742.502778,161.518418
8742.851667,161.731342
8743.617222,161.731342
8743.628333,161.80877
8744.266389,161.944267
8744.505278,162.070086
8744.723611,162.070086
8745.138889,162.021694
8745.745556,162.002337
8746.035556,162.041051
8746.321111,161.973302
8746.600833,162.021694
8746.915278,161.944267
8747.195,161.828126
8747.461111,161.80877
8747.7925,161.663594
8747.961111,161.837805
8748.270278,161.828126
8748.55,161.789413
8748.852222,161.828126
8749.398333,161.741021
8749.721667,161.750699
8749.972778,161.799091
8750.869167,161.799091
8751.416111,161.779734
8752.014444,161.818448
8752.320833,161.80877
8752.903889,161.86684
8753.237778,161.663594
8753.588333,161.663594
8753.595556,161.86684
8753.942778,161.86684
8754.216667,161.818448
8754.603333,161.818448
8755.172222,161.770056
8755.475,161.750699
8756.074722,161.760378
8756.319167,161.750699
8756.630833,161.702307
8756.961389,161.682951
8757.228889,161.721664
8757.475556,161.721664
8758.105833,161.702307
8758.396944,161.741021
8758.743056,161.692629
8759.003611,161.711986
8759.604444,161.731342
8759.946667,161.702307
8760.129167,161.731342
8760.453056,161.702307
8760.797222,161.799091
8761.089167,161.828126
8761.351944,161.886197
8761.583889,161.934589
8762.126111,161.799091
8762.411944,161.750699
8763.055,161.731342
8763.306944,161.731342
8763.370556,161.80877
8764.369167,161.80877
8764.373333,161.711986
8764.717778,161.682951
8765.005833,161.682951
8765.3,161.653915
8765.924444,161.779734
8766.194444,161.731342
8766.780556,161.799091
8766.9725,161.750699
8767.283611,161.741021
8767.558333,161.741021
8768.873056,161.847483
8769.179722,161.837805
8769.483056,161.876518
8770.158889,161.915232
8770.411944,161.953945
8771.041667,161.886197
8771.266944,161.80877
8771.504444,161.779734
8771.843611,161.702307
8772.430833,161.692629
8772.743056,161.721664
8773.030556,161.750699
8773.236111,161.750699
8773.326389,161.799091
8773.618889,161.799091
8774.241944,161.799091
8774.250278,161.789413
8774.531111,161.595845
8774.871667,161.663594
8775.139722,161.692629
8775.418611,161.692629
8775.749167,161.663594
8776.001111,161.692629
8776.281667,161.721664
8777.296667,161.692629
8777.516667,161.653915
8779.143056,161.663594
8779.448611,161.644237
8779.821389,161.721664
8780.1325,161.741021
8780.439444,161.711986
8780.791667,161.760378
8781.085556,161.741021
8781.383056,161.682951
8782.02,161.770056
8782.281944,161.779734
8782.587222,161.80877
8782.81,161.80877
8783.834722,161.80877
8784.247222,161.702307
8784.554444,161.741021
8784.897778,161.818448
8785.226389,161.963624
8785.525278,161.92491
8786.718333,161.953945
8787.015278,161.779734
8787.581111,161.886197
8787.915833,161.905553
8788.181111,161.886197
8788.4725,161.692629
8789.061667,161.80877
8789.368056,161.799091
8789.719167,161.770056
8790.011667,161.779734
8790.361667,161.760378
8791.291389,161.80877
8791.604167,161.886197
8791.964722,161.876518
8792.558611,161.876518
8792.599167,161.973302
8793.229444,162.012016
8793.518333,161.973302
8793.565556,161.973302
8793.899722,161.92491
8794.088056,161.944267
8794.261667,161.847483
8794.4525,161.86684
8794.530556,161.86684
8794.932222,161.828126
8795.893611,161.682951
8796.283611,161.653915
8797.1575,161.62488
8797.406389,161.605523
8797.731944,161.56681
8797.748889,161.586167
8798.068333,161.615202
8799.320278,161.741021
8800.3175,161.80877
8801.334167,161.770056
8801.710278,161.789413
8802.041667,161.741021
8802.338611,161.721664
8802.624444,161.741021
8802.866111,161.741021
8802.989722,161.731342
8803.301667,161.741021
8803.585833,161.692629
8803.883611,161.692629
8803.990278,161.711986
8804.308333,161.760378
8804.646389,161.760378
8805.326389,161.711986
8805.738611,161.770056
8806.057222,161.789413
8807.573333,161.750699
8807.9375,161.799091
8808.218056,161.818448
8808.504167,161.857161
8809.258889,161.953945
8809.888056,162.002337
8810.1975,161.886197
8810.516111,161.847483
8810.873889,161.915232
8811.146667,161.876518
8812.073611,161.886197
8812.401667,161.992659
8812.563611,161.992659
8812.793611,162.012016
8813.108333,162.012016
8813.429444,162.031372
8813.779722,162.031372
8814.104444,161.982981
8814.409722,161.973302
8815.750556,162.031372
8816.376389,162.118478
8816.7575,162.070086
8817.386389,162.012016
8818.623333,161.876518
8818.993333,161.905553
8819.305833,161.905553
8819.5675,161.915232
8819.9375,162.002337
8820.58,161.963624
8820.933889,161.982981
8821.223611,161.915232
8821.51,161.905553
8821.809722,161.886197
8822.096944,161.905553
8822.435278,161.92491
8822.713333,161.92491
8822.841667,161.973302
8823.054444,161.92491
8823.634722,161.915232
8823.78,161.915232
8824.763056,161.934589
8825.052778,161.944267
8825.765278,161.982981
8826.359167,161.915232
8826.640278,161.944267
8827.001667,161.92491
8827.943333,161.982981
8828.240556,161.953945
8828.920833,161.953945
8829.221667,161.953945
8829.5325,161.915232
8829.921944,161.915232
8830.209167,161.944267
8830.475,161.944267
8831.4325,161.905553
8832.147222,161.915232
8832.455278,161.953945
8832.771667,161.953945
8832.785278,162.012016
8833.433056,162.031372
8833.762778,162.031372
8833.813889,162.031372
8834.057222,162.031372
8834.373889,162.079764
8834.775278,162.012016
8835.390278,162.012016
8835.755278,161.963624
8836.253889,161.934589
8836.578889,162.012016
8837.0075,161.953945
8837.319722,161.992659
8837.966389,161.992659
8838.245,161.982981
8838.881111,161.982981
8839.131944,161.944267
8839.788333,162.031372
8840.331111,162.002337
8840.606944,162.060408
8841.151667,162.021694
8841.421389,162.002337
8842.046667,162.012016
8842.367778,162.012016
8842.613889,162.070086
8842.724167,162.070086
8842.952222,162.118478
8843.224167,162.089443
8843.478056,162.060408
8843.841111,162.060408
8843.843056,162.089443
8844.1575,162.031372
8844.812778,162.060408
8845.095833,162.050729
8845.35,162.050729
8845.621389,162.021694
8846.430278,162.060408
8846.604167,162.060408
8846.864444,162.128156
8847.163611,162.118478
8847.477778,162.118478
8848.236667,162.137835
8848.793889,162.012016
8849.097222,162.070086
8849.397778,162.1088
8849.733611,162.118478
8850.347222,162.1088
8850.595556,162.137835
8851.740278,162.137835
8852.184444,162.099121
8852.468611,162.118478
8852.762778,162.118478
8852.768056,162.1088
8853.093889,162.079764
8853.373889,162.070086
8853.727222,162.079764
8853.964167,162.050729
8854.253056,162.050729
8854.519722,162.079764
8855.113056,162.050729
8855.737778,162.021694
8856.023889,162.002337
8856.8775,162.070086
8857.093889,162.060408
8857.589722,162.012016
8857.865556,162.060408
8858.827778,162.021694
8859.085,161.963624
8859.531944,161.973302
8859.873889,162.012016
8860.390556,162.002337
8861.014722,161.953945
8861.703889,161.953945
8862.206944,162.041051
8862.493889,162.060408
8862.721111,162.060408
8863.131944,162.031372
8863.778611,162.070086
8864.269722,162.079764
8864.5925,162.060408
8865.238889,162.021694
8865.527222,162.012016
8865.858056,162.050729
8866.121389,162.060408
8866.426111,162.041051
8866.7875,161.992659
8867.396667,162.060408
8867.754722,162.041051
8868.090278,162.050729
8868.425,162.099121
8868.594722,162.060408
8868.935278,162.089443
8870.208611,162.070086
8870.481944,162.031372
8870.827778,162.089443
8871.38,161.692629
8871.461667,161.692629
8871.750833,161.731342
8872.039167,161.692629
8872.113333,161.673272
8872.526667,161.673272
8872.948056,161.595845
8873.212222,161.576488
8873.424167,161.576488
8873.768889,161.595845
8874.357222,161.644237
8875.243611,161.56681
8875.506944,161.605523
8875.865556,161.595845
8876.161667,161.56681
8876.401667,161.595845
8876.752778,161.528096
8877.285833,161.50874
8877.556944,161.547453
8878.529444,161.557131
8879.171389,161.595845
8879.478889,161.56681
8879.836667,161.547453
8880.155278,161.56681
8880.426389,161.586167
8880.785,161.537775
8881.144722,161.673272
8881.386389,161.663594
8881.755833,161.634559
8882.375833,161.634559
8882.377778,161.682951
8882.7675,161.644237
8883.343611,161.663594
8883.622222,161.673272
8883.974444,161.673272
8884.261111,161.741021
8884.556111,161.711986
8884.92,161.682951
8885.215556,161.760378
8885.543056,161.80877
8885.8725,161.86684
8886.166667,161.857161
8886.437778,161.857161
8887.382778,161.828126
8888.039167,161.750699
8888.711944,161.721664
8889.000556,161.721664
8889.268333,161.721664
8889.5425,161.750699
8889.875278,161.721664
8890.187778,161.692629
8890.444444,161.663594
8890.7925,161.634559
8891.330278,161.634559
8891.341944,161.750699
8891.9825,161.750699
8892.281944,161.770056
8892.461667,161.770056
8892.575556,161.770056
8892.849444,161.760378
8893.114722,161.741021
8893.391111,161.711986
8893.7675,161.731342
8894.174167,161.789413
8894.473333,161.741021
8894.835833,161.741021
8895.170278,161.741021
8895.468889,161.711986
8896.321389,161.711986
8896.321667,161.711986
8896.814722,161.711986
8897.130833,161.682951
8897.799167,161.692629
8898.079167,161.721664
8898.375556,161.711986
8898.743333,161.721664
8899.018889,161.731342
8899.309167,161.741021
8899.589444,161.770056
8899.974444,161.80877
8900.294722,161.799091
8900.869444,161.770056
8901.179167,161.789413
8901.372222,161.789413
8902.0675,161.741021
8902.379722,161.741021
8902.386944,161.721664
8902.740278,161.634559
8903.043056,161.595845
8903.367778,161.615202
8905.606389,161.557131
8905.907222,161.615202
8906.215556,161.537775
8906.465833,161.50874
8907.087222,161.557131
8907.760278,161.528096
8908.075556,161.56681
8908.6225,161.595845
8908.993889,161.615202
8909.369167,161.615202
8909.763889,161.634559
8910.385556,161.56681
8910.820833,161.595845
8911.440833,161.595845
8912.484722,161.595845
8913.319167,161.557131
8913.760556,161.518418
8914.508611,161.518418
8915.619722,161.479704
8916.011944,161.479704
8916.444167,161.518418
8916.870556,161.547453
8917.504167,161.518418
8918.248333,161.518418
8919.201389,161.50874
8919.514722,161.50874
8919.843333,161.56681
8920.797778,161.56681
8921.168056,161.615202
8922.176389,161.615202
8922.729444,161.711986
8923.292778,161.711986
8924.214444,161.615202
8925.446389,161.373242
8927.056667,161.276458
8927.419167,161.228066
8937.869167,161.305493
8939.396111,161.460348
8939.812778,161.470026
8940.724444,161.470026
8940.740556,161.411956
8941.019722,161.440991
8941.745833,161.440991
8942.886944,161.353885
8943.195,161.363564
8943.493889,161.421634
8944.2825,161.450669
8944.767222,161.431312
8945.377778,161.411956
8946.036667,161.450669
8947.081389,161.431312
8947.734722,161.450669
8948.008889,161.450669
8948.319444,161.470026
8949.246944,161.450669
8950.385833,161.460348
8950.812778,161.470026
8951.028611,161.470026
8951.447222,161.644237
8951.923056,161.595845
8952.040278,161.595845
8953.881667,161.50874
8958.823056,161.557131
8962.015833,161.557131
8962.859722,161.663594
8963.119167,161.663594
8963.158611,161.663594
8963.938611,161.634559
8964.202778,161.634559
8965.194722,161.615202
8966.239722,161.595845
8966.508889,161.62488
8966.830833,161.615202
8967.0875,161.634559
8967.336944,161.692629
8967.992222,161.653915
8968.307778,161.682951
8968.933611,161.644237
8971.743333,161.80877
8973.190556,161.80877
8974.241111,161.80877
8974.809444,161.837805
8986.153611,161.982981
8987.271111,162.050729
8987.999444,162.050729
8988.310556,162.060408
8988.646667,162.070086
8989.608889,162.060408
8989.947778,162.079764
8990.257222,162.118478
8990.515556,162.128156
8990.856944,162.137835
8991.139167,162.021694
8991.422778,162.099121
8991.746111,162.147513
8992.021944,162.128156
8992.242222,162.137835
8992.2425,162.137835
8993.251944,162.089443
8993.590556,162.089443
8994.815,162.089443
8994.824167,162.263654
8995.505278,162.234619
9000.218333,161.982981
9002.985556,162.002337
9004.243611,162.002337
9005.337778,162.002337
9006.548333,161.857161
9010.600278,161.905553
9011.010278,161.934589
9011.616944,161.944267
9011.983611,161.934589
9012.202778,162.021694
9012.599444,162.002337
9012.963333,161.86684
9013.882222,162.1088
9014.140556,162.1088
9014.145833,161.915232
9014.311944,162.099121
9014.932778,162.079764
9015.215278,162.079764
9015.905833,162.002337
9016.161389,161.915232
9016.811389,161.982981
9017.827778,162.070086
9019.538056,162.070086
9020.9225,162.031372
9021.838333,161.982981
9023.550278,161.770056
9023.944167,161.741021
9025.391944,161.731342
9029.743611,161.779734
9031.332778,161.828126
9031.631667,161.828126
9032.271944,161.80877
9032.564167,161.799091
9032.931944,161.80877
9033.227778,161.779734
9034.463333,162.021694
9036.131111,161.934589
9036.4,161.953945
9036.762222,161.963624
9037.747778,161.963624
9038.275556,161.953945
9039.185833,161.915232
9039.863611,161.905553
9040.270278,161.92491
9040.643889,161.973302
9041.738611,161.953945
9042.423611,162.041051
9042.7675,161.973302
9043.071389,161.992659
9043.390278,162.041051
9043.758611,162.079764
9044.080556,162.041051
9044.750556,161.953945
9045.038333,161.944267
9045.343889,161.92491
9045.648056,161.857161
9046.2775,161.86684
9046.57,161.934589
9046.920278,161.92491
9047.223333,161.92491
9048.193056,161.789413
9049.478889,161.837805
9049.828889,161.80877
9050.1625,161.80877
9050.465,161.905553
9050.772778,161.80877
9051.376667,161.847483
9052.314167,161.818448
9052.648611,161.886197
9053.250833,161.915232
9054.860833,162.021694
9055.474722,162.041051
9055.840278,161.886197
9056.171667,161.953945
9057.63,161.92491
9057.958889,161.934589
9059.220833,161.982981
9059.529167,161.992659
9059.875,161.992659
9060.153056,161.963624
9060.475833,161.992659
9060.821667,161.857161
9061.104167,161.828126
9061.424167,161.944267
9061.76,161.92491
9062.037222,161.915232
9062.563889,161.915232
9063.153611,161.973302
9063.811667,162.031372
9064.0825,162.041051
9065.022222,162.012016
9065.345278,162.002337
9065.626111,162.031372
9065.958889,162.041051
9066.275278,162.079764
9067.240833,162.060408
9067.502222,162.079764
9067.8675,162.031372
9068.093056,161.992659
9068.403333,161.992659
9068.778611,162.021694
9069.364444,162.089443
9069.646944,162.021694
9070.400556,161.982981
9070.759722,161.92491
9071.394167,161.837805
9072.753056,161.828126
9073.395278,161.934589
9073.762222,161.905553
9074.356389,161.905553
9075.316111,161.934589
9075.612778,161.963624
9075.960556,161.953945
9076.253611,161.963624
9076.554167,161.992659
9076.938889,161.953945
9078.5175,162.002337
9078.894444,161.982981
9079.1925,162.002337
9079.849167,162.002337
9080.173611,161.992659
9080.496667,161.963624
9081.1625,161.982981
9081.450833,161.92491
9082.091944,161.944267
9082.535,161.973302
9082.888889,161.982981
9083.171111,161.944267
9083.48,161.992659
9083.833889,161.992659
9084.162222,161.934589
9084.81,161.86684
9085.082222,161.905553
9085.363889,161.92491
9085.713889,161.857161
9087.638889,161.876518
9087.995,161.876518
9088.295,161.86684
9088.860833,161.963624
9089.155556,161.953945
9089.4125,162.002337
9089.791111,162.002337
9090.068333,162.031372
9090.748056,161.973302
9090.986667,162.002337
9091.249722,162.002337
9092.8575,161.905553
9093.166944,161.92491
9093.453889,161.963624
9093.7775,161.992659
9094.053889,161.963624
9094.621111,162.4669
9094.957222,162.476578
9095.244722,162.515292
9095.924722,162.534649
9096.244722,162.4669
9096.569167,162.476578
9097.212778,162.4669
9097.855,162.534649
9098.154444,162.515292
9098.783333,162.495935
9099.114722,162.505613
9099.965,162.534649
9100.252778,162.563684
9100.563333,162.554005
9101.841944,162.573362
9102.152222,162.592719
9102.406111,162.583041
9103.861389,162.592719
9104.158056,162.544327
9104.458333,162.583041
9104.815556,162.631432
9105.0925,162.650789
9105.417778,162.689503
9106.124444,162.660468
9106.822222,162.631432
9109.205,162.660468
9109.480278,162.699181
9109.814444,162.641111
9111.013333,162.70886
9111.959167,162.825
9112.2725,162.747573
9113.176389,162.747573
9113.506944,162.757251
9113.981944,162.70886
9114.260556,162.795965
9114.901667,162.815322
9115.189444,162.795965
9115.813611,162.786287
9116.817778,162.660468
9117.106667,162.689503
9118.063611,162.757251
9118.6075,162.728216
9118.968056,162.670146
9119.261111,162.592719
9119.567778,162.650789
9120.171111,162.631432
9120.466944,162.650789
9121.005833,162.631432
9121.617778,162.650789
9122.273611,162.670146
9123.172222,162.612076
9123.473056,162.650789
9124.814722,162.70886
9125.120278,162.747573
9125.408056,162.805643
9125.740556,162.834679
9126.019444,162.854035
9126.635278,162.873392
9127.001389,162.921784
9127.881111,162.844357
9128.155278,162.892749
9128.435,162.883071
9128.749167,162.805643
9129.033333,162.815322
9130.218333,162.786287
9130.47,162.825
9130.845556,162.815322
9131.1525,162.795965
9131.464167,162.805643
9132.085556,162.737895
9132.728056,162.728216
9133.024722,162.776608
9133.553611,162.834679
9133.888611,162.776608
9134.470556,162.76693
9134.820833,162.815322
9135.367778,162.805643
9135.7425,162.815322
9136.121667,162.76693
9136.941944,162.854035
9137.419722,162.873392
9138.0975,162.960498
9139.4075,162.805643
9139.736111,162.795965
9140.023056,162.786287
9140.250556,162.815322
9140.551389,162.825
9140.900278,162.776608
9141.411111,162.834679
9142.0125,162.825
9142.609444,162.70886
9142.923889,162.728216
9143.187778,162.641111
9143.814167,162.699181
9144.075833,162.699181
9144.964722,162.747573
9145.244722,162.718538
9146.453056,162.776608
9146.805556,162.70886
9147.074167,162.660468
9147.732222,162.457221
9148.014722,162.486257
9148.28,162.52497
9148.533056,162.52497
9149.146944,162.641111
9150.089167,162.776608
9150.331944,162.757251
9150.956111,162.834679
9151.252778,162.747573
9151.517222,162.786287
9151.864444,162.747573
9152.449722,162.70886
9152.789167,162.670146
9153.743889,162.70886
9154.942778,162.660468
9155.223333,162.573362
9155.495,162.592719
9155.837778,162.583041
9156.414444,162.573362
9156.770556,162.573362
9157.062778,162.612076
9157.279167,162.592719
9157.880833,162.612076
9158.366389,162.631432
9158.732778,162.612076
9159.017222,162.621754
9159.271111,162.641111
9159.555556,162.602397
9159.884722,162.612076
9160.785556,162.650789
9161.015278,162.670146
9161.614167,162.689503
9161.968333,162.70886
9162.250556,162.670146
9162.547222,162.689503
9163.49,162.689503
9163.823889,162.689503
9164.119444,162.718538
9164.403333,162.689503
9164.645556,162.641111
9165.438056,162.573362
9166.138333,162.563684
9166.430833,162.592719
9166.754444,162.554005
9167.023611,162.554005
9167.329444,162.602397
9167.657222,162.563684
9168.261667,162.544327
9168.580278,162.534649
9169.796667,162.544327
9171.047222,162.544327
9171.375833,162.573362
9173.37,162.592719
9174.370833,162.650789
9175.02,162.660468
9175.595556,162.641111
9175.987778,162.641111
9176.3025,162.621754
9176.928056,162.670146
9177.219722,162.641111
9177.531111,162.631432
9178.155833,162.631432
9178.392778,162.650789
9179.010278,162.650789
9179.319722,162.621754
9184.268611,162.544327
9184.758889,162.457221
9185.013056,162.495935
9186.178056,162.592719
9186.806111,162.650789
9187.064722,162.612076
9187.3475,162.670146
9187.623056,162.641111
9188.197222,162.592719
9188.455833,162.554005
9189.091389,162.670146
9189.600278,162.612076
9191.020833,162.921784
9191.595556,162.883071
9192.174167,162.921784
9192.461111,162.883071
9193.595,162.892749
9193.965,162.912106
9194.272222,162.921784
9194.882222,162.892749
9195.424444,162.941141
9195.740833,162.892749
9196.035,162.892749
9196.910833,162.892749
9197.222222,162.863714
9198.105,162.863714
9198.386111,162.863714
9199.511389,163.00889
9199.855556,163.00889
9200.143889,163.018568
9200.4225,163.018568
9200.963056,162.979854
9201.255833,162.989533
9201.536111,163.037925
9202.168056,162.999211
9202.466111,163.047603
9202.778056,163.057281
9203.031389,163.00889
9203.265833,163.057281
9203.512778,163.037925
9203.864722,163.105673
9204.091389,163.105673
9204.703611,163.047603
9204.990278,162.970176
9205.137222,162.970176
9205.235556,163.192779
9205.559167,163.192779
9205.853889,163.095995
9206.135278,163.095995
9206.414167,163.12503
9206.967778,163.076638
9207.231389,163.057281
9208.214722,163.037925
9208.215,163.037925
9208.908333,162.989533
9209.154722,162.950819
9209.437222,162.892749
9209.852778,162.844357
9210.396389,162.873392
9210.925,162.892749
9211.218333,162.873392
9211.460278,162.931462
9212.073333,162.941141
9212.335,162.931462
9212.570278,162.892749
9213.221111,162.912106
9213.500278,163.00889
9213.844444,163.00889
9213.849167,162.950819
9214.1325,162.941141
9214.738889,162.641111
9214.899167,162.641111
9215.941111,162.747573
9216.225833,162.699181
9216.896667,162.679824
9217.169722,162.689503
9217.508333,162.718538
9217.835556,162.728216
9218.368056,162.757251
9219.536111,162.786287
9219.868056,162.728216
9220.450833,162.554005
9220.795833,162.699181
9221.049444,162.631432
9221.325556,162.786287
9221.601667,162.805643
9222.178889,162.815322
9223.113611,162.854035
9223.43,162.960498
9223.636667,162.960498
9224.72,162.960498
9225.430278,162.999211
9225.786944,162.960498
9226.056111,162.883071
9226.353889,162.873392
9227.106667,162.825
9227.417222,162.883071
9227.756667,162.873392
9228.016111,162.960498
9228.320833,162.979854
9228.620556,162.941141
9228.936389,162.854035
9229.850556,162.883071
9230.120278,162.863714
9230.391389,162.883071
9230.727222,162.863714
9231.012778,162.863714
9231.610833,162.931462
9231.955,162.950819
9232.813611,162.76693
9233.095833,162.737895
9234.0025,162.728216
9234.301389,162.737895
9235.810278,163.00889
9236.043611,162.989533
9236.336111,162.989533
9236.62,162.970176
9236.943056,162.979854
9237.202222,162.941141
9237.7825,163.018568
9238.046667,163.028246
9238.340833,163.047603
9238.525556,163.047603
9239.481944,162.931462
9239.536111,162.931462
9239.798333,162.854035
9240.626944,162.834679
9241.236389,162.873392
9241.978056,162.863714
9242.259722,162.921784
9242.531389,162.892749
9242.826111,162.873392
9243.129722,162.844357
9243.75,162.844357
9243.999167,162.834679
9244.293611,162.873392
9244.600833,162.921784
9244.950278,162.931462
9245.219722,162.883071
9245.478611,162.950819
9245.842778,162.892749
9246.112222,162.883071
9246.366389,162.912106
9246.629444,162.912106
9246.936944,162.921784
9247.211389,162.941141
9247.498056,163.00889
9247.809167,162.979854
9248.093056,163.057281
9248.381944,163.076638
9248.501389,163.076638
9248.709444,163.047603
9249.011944,162.970176
9249.277778,162.989533
9249.527222,162.989533
9249.534444,162.950819
9249.866389,162.941141
9250.137778,162.921784
9250.418333,162.950819
9251.014444,162.960498
9251.293056,162.979854
9251.840278,162.941141
9252.137778,162.892749
9252.388333,162.950819
9252.639722,162.912106
9253.266111,162.834679
9253.563889,162.941141
9253.877222,162.854035
9254.151111,162.912106
9254.771944,162.921784
9255.051667,162.844357
9255.330833,162.892749
9255.604722,162.921784
9255.935833,162.844357
9256.761111,162.883071
9256.965833,162.892749
9257.242222,162.921784
9257.511111,162.979854
9257.838056,162.950819
9258.12,162.970176
9258.346389,162.970176
9258.720278,162.999211
9258.963333,162.999211
9259.240833,163.028246
9259.408056,163.028246
9259.5475,163.06696
9259.944167,162.970176
9260.138889,162.999211
9260.441667,163.037925
9260.803889,162.989533
9261.095,162.960498
9261.587778,162.970176
9261.9275,162.970176
9262.461389,162.999211
9263.099167,162.854035
9263.368333,162.921784
9263.978333,162.912106
9264.242778,162.854035
9264.503889,162.892749
9265.141944,162.941141
9265.641389,163.018568
9265.931111,162.989533
9266.205,162.999211
9266.489167,163.00889
9267.066667,163.037925
9267.378611,163.06696
9267.653056,163.057281
9268.222222,163.057281
9268.571667,163.12503
9268.863889,163.086317
9269.131944,163.037925
9269.238333,163.037925
9269.78,163.047603
9270.343056,163.086317
9270.626667,163.076638
9270.918889,163.115352
9271.196667,163.076638
9271.475278,163.105673
9271.8075,163.057281
9272.121944,163.086317
9272.761667,163.095995
9273.597222,163.086317
9274.526389,163.047603
9274.863333,163.076638
9275.450556,163.076638
9275.765,163.115352
9276.025,162.863714
9276.333889,163.086317
9276.615278,163.086317
9276.938611,163.115352
9277.205278,163.105673
9277.801389,163.105673
9278.072778,163.183101
9278.338056,163.134709
9278.578333,163.086317
9278.885,163.057281
9279.166389,163.06696
9279.713611,163.06696
9279.716111,163.134709
9279.968889,163.192779
9280.870556,163.192779
9280.872222,163.192779
9281.458611,163.12503
9281.786667,163.076638
9282.635,163.134709
9282.976389,163.192779
9283.242778,163.212136
9283.535556,163.212136
9283.844722,163.192779
9284.124167,163.221814
9284.786667,163.192779
9285.388056,163.202457
9285.736111,163.144387
9286.030833,163.12503
9286.25,163.105673
9286.540278,163.057281
9288.131111,162.989533
9288.417222,162.999211
9288.751667,162.979854
9289.408611,162.979854
9289.648333,163.047603
9289.950556,163.076638
9290.181389,163.086317
9290.454444,163.086317
9290.464444,163.105673
9290.810556,163.037925
9291.795556,163.028246
9292.080278,163.057281
9292.613056,163.037925
9293.250278,163.115352
9293.547778,163.134709
9293.881667,163.115352
9294.460278,163.183101
9296.104444,163.241171
9297.915556,163.192779
9298.556944,163.173422
9298.860278,163.154065
9299.18,163.173422
9299.495,163.241171
9299.804444,163.241171
9299.809444,163.270206
9300.402778,163.270206
9300.763056,163.154065
9300.811111,163.154065
9300.985833,163.06696
9301.289444,163.134709
9301.554722,163.144387
9302.138056,163.047603
9302.459167,163.12503
9303.395278,163.095995
9303.742222,163.12503
9304.005278,163.105673
9304.326667,163.134709
9304.943333,162.883071
9305.2125,162.931462
9306.131667,162.979854
9306.405278,162.960498
9306.801389,162.979854
9307.093611,163.00889
9307.358056,162.795965
9307.978889,162.970176
9308.265278,162.892749
9308.561667,162.892749
9308.887778,162.892749
9309.366944,163.018568
9309.409167,163.018568
9309.975278,162.999211
9310.269167,162.970176
9310.473889,162.970176
9311.196389,162.863714
9311.476389,162.892749
9311.840556,162.602397
9313.029167,162.70886
9313.625556,162.863714
9313.9325,162.873392
9314.226667,162.844357
9314.516667,162.844357
9314.874722,162.863714
9315.479167,162.854035
9315.811667,162.844357
9316.405278,162.854035
9316.749167,162.883071
9317.355833,162.679824
9317.633889,162.854035
9317.986944,162.892749
9318.255,162.863714
9318.568333,162.941141
9318.894167,162.970176
9319.2075,163.076638
9319.265833,163.076638
9319.511944,163.076638
9319.872778,163.115352
9320.148611,163.076638
9320.330833,163.076638
9320.477222,163.037925
9321.136667,162.979854
9321.747778,163.057281
9322.074444,162.989533
9322.353889,162.999211
9322.587222,163.018568
9322.935,162.854035
9323.268611,162.970176
9323.523333,163.018568
9323.858333,162.960498
9324.174722,162.718538
9324.483333,162.912106
9324.810833,162.825
9325.090556,162.795965
9325.357222,162.854035
9325.621111,162.737895
9325.919444,162.892749
9326.432222,162.921784
9327.054167,162.854035
9327.346944,162.931462
9328.254444,162.912106
9328.791944,162.76693
9328.990833,162.76693
9329.083889,162.999211
9329.753056,163.086317
9329.992222,163.086317
9330.021389,163.018568
9330.324167,162.999211
9330.983333,162.941141
9331.525278,162.989533
9331.893056,162.776608
9332.191944,162.921784
9332.811667,162.883071
9333.968889,162.863714
9334.490556,162.873392
9334.830556,162.650789
9335.405833,162.834679
9336.287222,162.631432
9336.980556,162.815322
9337.316667,162.863714
9337.616667,162.834679
9337.969444,162.883071
9338.489722,162.883071
9339.116944,162.960498
9339.608611,162.960498
9339.758889,162.960498
9340.064444,162.854035
9340.749722,162.912106
9341.383333,162.873392
9342.378056,162.999211
9342.750833,162.815322
9343.736667,162.76693
9345.009444,162.912106
9345.731389,162.921784
9346.534444,163.028246
9346.866667,162.970176
9347.129167,162.825
9347.427778,162.805643
9347.771944,162.679824
9348.345,162.592719
9348.515278,162.592719
9348.621111,162.718538
9348.928889,162.728216
9349.201111,162.76693
9349.488889,162.834679
9349.519722,162.825
9349.571389,162.825
9349.573333,162.747573
9349.676944,162.515292
9350.019722,162.631432
9350.270278,162.718538
9350.553611,162.641111
9350.902778,162.631432
9351.166667,162.631432
9351.412778,162.718538
9351.774167,162.631432
9351.960556,162.631432
9352.338056,162.679824
9352.872778,162.534649
9353.159444,162.495935
9353.418056,162.554005
9353.751111,162.4669
9354.001389,162.52497
9354.59,162.350759
9354.953889,162.573362
9355.315278,162.583041
9356.628333,162.476578
9357.223889,162.428186
9357.541111,162.505613
9357.901944,162.505613
9358.2025,162.457221
9358.5375,162.554005
9358.764167,162.554005
9359.355833,162.495935
9359.713056,162.447543
9359.769167,162.447543
9359.9775,162.205583
9360.259167,161.982981
9360.549167,162.050729
9361.186111,162.341081
9361.8575,162.4669
9362.191944,162.379794
9362.373056,162.389473
9362.806944,162.447543
9363.109722,162.40883
9363.403056,162.389473
9364.367778,162.418508
9364.999722,162.302367
9365.286111,162.263654
9365.581667,162.089443
9365.947222,162.253975
9366.273611,162.331402
9366.544167,162.263654
9367.194167,162.244297
9367.518056,162.302367
9367.894167,162.186227
9368.502778,162.186227
9368.509722,162.341081
9368.855833,162.128156
9369.554167,162.128156
9369.826944,162.137835
9370.107778,162.147513
9370.728889,162.079764
9371.023333,162.205583
9371.585833,162.1088
9371.909444,162.263654
9372.186389,162.031372
9372.498611,161.953945
9372.804444,162.031372
9373.101389,162.021694
9374.021111,162.176548
9374.286667,162.021694
9374.611944,162.16687
9374.942222,162.22494
9375.221667,162.118478
9375.814722,162.195905
9377.003889,162.215262
9377.305556,162.379794
9377.589444,162.389473
9377.954167,162.428186
9378.238056,162.486257
9378.499167,162.486257
9378.531389,162.476578
9379.166389,162.495935
9379.491667,162.486257
9379.559722,162.486257
9380.150556,162.389473
9380.825278,163.279884
9381.130833,163.279884
9381.402778,163.289563
9381.760556,163.202457
9382.344167,162.795965
9382.954444,162.825
9383.58,162.718538
9383.929722,162.757251
9384.198889,162.689503
9384.844167,162.689503
9385.135,162.476578
9385.418889,162.718538
9385.844722,162.699181
9386.168056,162.457221
9386.444167,162.4669
9386.826944,162.660468
9387.116389,162.631432
9387.339722,162.679824
9388.279444,162.389473
9388.588889,162.621754
9388.714167,162.621754
9388.908333,162.718538
9389.256389,162.70886
9389.548611,162.4669
9389.722222,162.4669
9389.915,162.670146
9390.295556,162.650789
9390.621667,162.583041
9390.958889,162.631432
9391.516667,162.621754
9391.787222,162.602397
9392.336944,162.476578
9392.727778,162.583041
9393.022778,162.612076
9393.311389,162.602397
9393.709722,162.583041
9393.996944,162.583041
9395.219444,162.418508
9395.894444,162.563684
9396.52,162.592719
9396.863333,162.350759
9397.143889,162.592719
9397.785278,162.554005
9398.293333,162.554005
9398.401389,162.457221
9399.106111,162.554005
9399.348056,162.554005
9399.747222,162.563684
9400.0175,162.515292
9400.330556,162.495935
9401.219167,162.331402
9402.386389,162.321724
9402.645278,162.554005
9403.598333,162.534649
9404.301944,162.52497
9404.608333,162.534649
9405.528611,162.515292
9405.859722,162.544327
9406.454167,162.495935
9407.116667,162.486257
9407.426944,162.515292
9407.743889,162.52497
9407.963056,162.52497
9408.642778,162.447543
9408.968611,162.447543
9409.270556,162.331402
9409.582778,162.176548
9410.267778,162.418508
9410.5525,162.428186
9411.159167,162.505613
9411.819444,162.544327
9412.119444,162.505613
9412.7875,162.573362
9413.354444,162.641111
9413.713333,162.495935
9414.520556,162.612076
9415.077778,162.563684
9415.381389,162.447543
9415.745833,162.670146
9416.267222,162.554005
9417.145833,162.660468
9417.810556,162.689503
9418.100278,162.689503
9418.109722,162.689503
9418.111944,162.670146
9418.735833,162.631432
9419.006667,162.631432
9419.728056,162.4669
9420.007222,162.4669
9420.036667,162.583041
9420.315833,162.360438
9420.623889,162.389473
9420.976944,162.350759
9421.929167,162.40883
9422.2,162.534649
9422.853889,162.360438
9423.445,162.341081
9424.053611,162.563684
9425.292778,162.563684
9425.539722,162.544327
9425.871944,162.621754
9426.490278,162.437865
9426.798056,162.486257
9427.0875,162.428186
9427.371944,162.592719
9427.710833,162.650789
9428.334167,162.592719
9428.636944,162.592719
9428.980278,162.428186
9429.583056,162.40883
9429.643333,162.40883
9429.962778,162.534649
9430.241944,162.554005
9430.563056,162.515292
9430.862778,162.544327
9431.586111,162.495935
9431.924722,162.447543
9432.124722,162.292689
9432.4225,162.321724
9433.262778,162.486257
9433.565833,162.505613
9434.206389,162.495935
9435.110833,162.428186
9436.518056,162.495935
9437.203889,162.52497
9437.828333,162.583041
9438.098056,162.554005
9438.552222,162.554005
9438.594722,162.370116
9439.524444,162.447543
9439.571111,162.447543
9440.19,162.544327
9440.810833,162.40883
9441.103611,162.52497
9442.084444,162.350759
9443.041111,162.4669
9443.881944,162.447543
9444.168611,162.244297
9444.492222,162.263654
9445.033889,162.389473
9445.301111,162.389473
9445.5775,162.341081
9445.935833,162.379794
9446.203889,162.437865
9446.995556,162.341081
9447.274444,162.447543
9447.529722,162.428186
9448.095556,162.495935
9448.965833,162.505613
9449.265556,162.563684
9449.560833,162.602397
9450.215,162.602397
9450.479167,162.554005
9450.8225,162.544327
9451.136944,162.554005
9451.796944,162.457221
9452.080556,162.515292
9452.375833,162.428186
9452.724444,162.457221
9453.027222,162.495935
9453.2725,162.447543
9454.168056,162.428186
9454.452222,162.418508
9454.82,162.331402
9455.114444,162.360438
9456.003889,162.379794
9456.310556,162.350759
9456.610556,162.476578
9456.811111,162.476578
9457.541944,162.418508
9457.853056,162.418508
9458.186389,162.273332
9458.506667,163.12503
9459.4075,163.347633
9459.748611,163.328276
9461.559722,163.454095
9462.230556,163.502487
9462.498611,163.502487
9462.788333,163.589593
9463.762222,163.60895
9464.368333,163.270206
9464.723056,163.30892
9465.011944,163.337955
9465.280278,163.376668
9465.916667,163.454095
9466.502222,163.454095
9466.510278,163.42506
9466.880833,163.250849
9467.192222,163.386347
9467.448333,163.386347
9467.504167,163.386347
9467.781944,163.347633
9468.061111,163.36699
9468.600833,163.30892
9468.956111,163.328276
9469.252778,163.183101
9469.5675,163.396025
9469.849167,163.357312
9470.413611,163.337955
9470.721944,163.289563
9471.458056,163.289563
9472.293333,163.386347
9473.406389,163.347633
9473.714444,163.173422
9474.04,163.357312
9474.396944,163.347633
9475.038056,163.396025
9475.413056,163.192779
9476.069444,163.396025
9476.365,163.396025
9476.9825,163.202457
9477.251944,163.328276
9477.539444,163.30892
9477.891667,163.318598
9478.168889,163.144387
9478.441667,163.328276
9478.752778,163.328276
9478.759167,163.318598
9479.633333,163.183101
9479.753889,163.183101
9480.275278,163.260528
9480.575278,163.202457
9481.246944,163.270206
9481.625278,163.154065
9481.948056,163.183101
9482.511111,163.212136
9482.870278,163.36699
9483.490556,163.134709
9483.823333,163.173422
9484.123889,163.231492
9484.415833,163.376668
9484.753889,163.463774
9485.057222,163.30892
9485.352222,163.473452
9486.225833,163.531522
9486.525556,163.454095
9487.186111,163.492809
9487.476944,163.512166
9488.590833,163.570236
9488.707222,163.570236
9489.270833,163.570236
9489.564167,163.579914
9489.763889,163.579914
9490.377778,163.396025
9490.734722,163.386347
9491.003611,163.270206
9491.6175,163.289563
9491.971667,163.473452
9492.506944,163.483131
9492.879444,163.463774
9493.165278,163.299241
9493.449722,163.42506
9493.793333,163.221814
9494.102778,163.444417
9494.754444,163.231492
9494.968611,163.260528
9495.269167,163.454095
9495.558056,163.483131
9495.884444,163.454095
9496.234167,163.492809
9496.750833,163.434739
9497.319722,163.454095
9498.007222,163.328276
9498.525833,163.502487
9498.840278,163.502487
9499.21,163.502487
9499.4525,163.36699
9499.798611,163.483131
9500.132778,163.541201
9500.437222,163.541201
9500.773611,163.250849
9501.063611,163.434739
9501.323056,163.444417
9501.623889,163.473452
9501.968056,163.415382
9502.264167,163.347633
9502.893611,163.047603
9503.7825,163.241171
9504.599722,163.221814
9504.948889,163.270206
9505.208611,163.270206
9506.087778,163.270206
9506.386667,163.231492
9506.998889,163.231492
9507.326667,163.212136
9507.614444,163.231492
9508.253611,163.076638
9509.007778,163.076638
9509.228889,163.06696
9509.438889,163.105673
9509.605,163.279884
9509.946944,163.250849
9510.015,163.250849
9510.572222,163.241171
9510.956667,163.279884
9511.217778,163.047603
9511.5125,163.154065
9512.419722,163.183101
9512.714167,163.134709
9513.296944,162.912106
9514.196667,163.076638
9514.862222,162.873392
9515.161667,162.921784
9516.050278,162.863714
9516.3275,162.805643
9516.601389,162.854035
9517.210833,162.834679
9517.5025,162.892749
9518.102222,162.892749
9518.313611,162.883071
9518.505278,162.854035
9518.915278,162.854035
9518.917778,163.047603
9519.184167,162.989533
9519.443056,163.06696
9519.9225,163.06696
9520.045833,163.105673
9520.310556,163.028246
9520.864167,163.028246
9521.122778,163.095995
9521.361111,163.086317
9521.630278,163.105673
9521.911389,163.057281
9522.173889,163.076638
9523.366111,163.095995
9524.3325,163.095995
9524.621667,163.144387
9524.955556,163.105673
9525.261667,163.105673
9525.533333,163.06696
9525.888056,163.037925
9526.2,162.863714
9526.526389,163.047603
9526.846389,163.018568
9527.121389,162.931462
9527.869722,162.825
9528.258889,162.825
9528.801667,162.863714
9529.34,162.863714
9529.344167,162.863714
9530.263056,163.018568
9530.865833,162.854035
9531.618333,163.06696
9531.925,162.863714
9532.170556,163.06696
9532.810556,163.057281
9533.059722,162.960498
9533.608056,163.212136
9533.947222,163.192779
9534.196111,163.134709
9534.492778,163.134709
9534.864722,163.144387
9535.140278,163.221814
9535.435278,163.134709
9535.773889,163.163744
9536.783333,163.173422
9537.063056,163.231492
9537.628889,163.250849
9537.889444,163.250849
9538.410833,163.260528
9538.928056,163.260528
9539.040556,163.086317
9539.571389,163.260528
9539.886667,163.231492
9540.150833,163.270206
9540.791111,163.076638
9541.085,163.06696
9541.748611,163.095995
9542.032222,163.212136
9542.333889,163.183101
9542.938056,163.192779
9543.183056,163.183101
9543.809444,163.212136
9544.096944,163.192779
9544.954722,163.173422
9545.200278,163.163744
9546.113056,163.06696
9546.402778,163.076638
9546.724722,163.12503
9546.950833,163.076638
9547.2,163.06696
9547.466389,163.06696
9547.767778,163.095995
9548.024444,163.095995
9548.330556,163.231492
9548.616389,163.212136
9548.934722,163.202457
9549.082222,163.202457
9549.4675,163.183101
9549.822222,163.202457
9550.251944,163.192779
9550.548611,163.134709
9550.886944,163.115352
9551.179444,162.931462
9551.485833,162.921784
9551.82,162.960498
9552.113056,163.095995
9552.406389,163.095995
9552.749167,162.950819
9553.028889,162.979854
9553.604722,162.999211
9554.034167,163.06696
9554.322778,163.047603
9554.648889,163.018568
9554.981667,163.163744
9555.350833,163.154065
9555.644722,163.154065
9555.996111,163.086317
9556.538889,163.231492
9556.874444,163.270206
9557.730833,163.270206
9557.835833,163.30892
9558.119722,163.337955
9558.401944,163.154065
9558.734167,163.154065
9559.047778,163.396025
9559.314444,163.299241
9559.637778,163.299241
9559.928889,163.30892
9560.206944,163.279884
9560.453333,163.250849
9560.775278,163.250849
9561.060556,163.12503
9561.307222,163.250849
9562.056389,163.270206
9562.94,163.231492
9563.1975,163.144387
9563.451111,163.057281
9563.7625,163.183101
9563.983889,163.183101
9564.177222,163.057281
9564.424167,163.183101
9564.611944,163.163744
9564.934722,163.037925
9565.173333,163.250849
9565.421111,163.318598
9565.751389,163.337955
9566.012778,163.192779
9566.493333,163.115352
9566.813333,163.30892
9567.057222,163.163744
9567.291667,163.318598
9567.364444,163.318598
9567.5625,163.337955
9567.857222,163.337955
9568.544167,163.337955
9568.870278,163.318598
9569.102222,163.318598
9569.555556,163.289563
9570.119722,163.289563
9570.389167,163.289563
9570.631389,163.270206
9570.961667,163.163744
9571.464167,163.30892
9572.032778,163.357312
9572.3825,163.30892
9572.710278,163.337955
9573.011944,163.328276
9573.801389,163.279884
9574.339167,163.231492
9574.859167,163.047603
9575.121111,163.086317
9575.368611,163.076638
9575.630278,163.299241
9575.951389,163.095995
9576.437222,163.154065
9577.036667,163.318598
9577.0875,163.318598
9577.293889,163.289563
9577.515556,163.386347
9577.840556,163.279884
9578.088611,163.279884
9578.093889,163.42506
9578.361667,163.454095
9578.885278,163.396025
9579.093056,163.444417
9579.352778,163.386347
9579.631944,163.415382
9579.953333,163.415382
9580.186389,163.444417
9580.455833,163.531522
9580.763611,163.512166
9581.021944,163.628306
9581.513889,163.454095
9581.8175,163.541201
9582.041944,163.599271
9582.282778,163.483131
9582.525278,163.473452
9583.568889,163.318598
9583.9075,163.434739
9584.174167,163.463774
9584.406111,163.570236
9584.644722,163.463774
9584.94,163.473452
9585.162222,163.492809
9585.401111,163.463774
9585.727778,163.386347
9586.214722,163.212136
9586.619167,163.212136
9587.295556,163.183101
9587.503889,163.163744
9587.733056,163.163744
9587.818611,163.154065
9588.083333,163.134709
9588.335,163.12503
9588.565833,163.095995
9588.878889,163.086317
9589.395278,163.115352
9589.648889,163.076638
9590.541667,163.076638
9590.855,163.086317
9591.090556,163.095995
9591.330278,163.095995
9591.599722,163.06696
9591.863333,163.037925
9592.210833,163.047603
9592.586944,163.028246
9593.201111,163.134709
9593.465833,163.163744
9593.984444,163.183101
9594.206944,163.192779
9594.765,163.163744
9595.024167,163.221814
9595.281667,163.202457
9595.815,163.183101
9596.051667,163.202457
9596.305278,163.163744
9596.595278,163.163744
9596.838333,163.192779
9597.12,163.250849
9597.375833,163.241171
9597.598056,163.241171
9597.986944,163.202457
9598.238333,163.154065
9598.489722,163.144387
9599.008333,163.00889
9599.536389,163.037925
9599.836111,163.037925
9600.106389,163.115352
9600.321111,163.154065
9600.551667,163.183101
9600.872778,163.192779
9601.141389,163.163744
9601.386111,163.154065
9601.705556,163.192779
9602.263611,163.105673
9602.796111,163.192779
9603.021111,163.173422
9603.465833,163.221814
9604.567778,163.173422
9604.877778,163.173422
9605.08,163.221814
9605.610278,163.202457
9606.048611,163.202457
9606.320833,163.241171
9606.888056,163.270206
9607.052778,163.270206
9607.393333,163.250849
9607.716667,163.328276
9608.278889,163.376668
9608.524167,163.347633
9608.805556,163.347633
9609.534444,163.250849
9609.7925,163.241171
9610.044167,163.202457
9610.280556,163.144387
9610.516111,163.115352
9611.063056,163.076638
9611.288611,163.047603
9611.534444,163.037925
9611.839722,162.999211
9612.096389,163.018568
9612.315,163.028246
9612.55,163.028246
9612.850833,162.844357
9613.098056,162.989533
9613.325,163.018568
9613.906944,162.979854
9614.188056,163.00889
9614.448056,163.018568
9615.534722,163.018568
9615.761667,162.931462
9616.040278,163.134709
9616.361944,163.163744
9616.362222,163.163744
9616.705,163.163744
9616.947778,163.06696
9617.394167,162.941141
9617.630278,163.086317
9617.906944,163.047603
9618.153333,163.115352
9618.370278,163.115352
9618.630556,163.095995
9618.939167,163.00889
9619.481944,163.00889
9619.777778,162.950819
9620.070833,163.115352
9620.3325,163.173422
9620.931944,163.057281
9621.1525,162.883071
9621.406944,162.892749
9621.744167,163.095995
9622.450278,163.173422
9623.009167,163.12503
9623.266389,163.105673
9623.519167,162.921784
9623.8525,163.086317
9624.116667,163.086317
9624.7075,163.115352
9624.955,163.057281
9625.186944,163.057281
9625.194167,163.154065
9625.7475,163.299241
9626.038611,163.30892
9626.215556,163.30892
9626.273889,163.299241
9626.530278,163.076638
9626.843333,163.105673
9627.096944,163.241171
9627.351389,163.250849
9628.193056,163.134709
9628.470278,163.154065
9628.776389,163.270206
9629.338333,163.279884
9629.605,163.260528
9629.881944,163.30892
9630.125,163.279884
9630.379167,163.386347
9630.705278,163.115352
9630.979167,163.250849
9631.508611,163.105673
9631.832222,163.328276
9632.098333,163.12503
9632.323333,163.231492
9632.599167,163.183101
9632.926944,163.250849
9633.159167,163.318598
9633.405556,163.279884
9634.183056,163.134709
9634.406111,163.260528
9634.611667,163.221814
9634.82,163.221814
9634.9475,163.250849
9635.093889,163.12503
9635.593889,163.279884
9635.913889,163.279884
9635.956667,163.06696
9636.195,163.270206
9636.7075,163.202457
9636.9725,163.212136
9637.500556,163.241171
9637.810556,163.057281
9638.061944,163.134709
9638.286944,163.12503
9638.542778,163.105673
9638.852778,163.095995
9639.126667,163.037925
9639.378611,163.037925
9639.579444,163.00889
9639.923056,163.00889
9640.244167,163.00889
9640.753333,163.037925
9641.285556,163.095995
9641.4975,163.057281
9641.763056,163.212136
9642.038889,163.231492
9642.289167,163.231492
9642.545278,163.212136
9642.873056,163.047603
9643.133333,163.221814
9643.378889,163.231492
9643.597222,163.076638
9644.182778,163.250849
9644.622222,163.212136
9644.854444,163.212136
9644.959722,163.086317
9645.424167,163.105673
9645.707778,163.037925
9645.888889,163.037925
9645.971667,163.057281
9646.493611,163.212136
9646.787778,163.057281
9647.299722,163.047603
9647.859722,163.086317
9648.366667,163.221814
9648.905556,163.144387
9649.218889,163.076638
9649.446667,163.270206
9649.751944,163.270206
9650.016944,163.144387
9650.247778,163.134709
9650.505,163.279884
9651.0825,163.12503
9651.346389,163.260528
9651.606389,163.057281
9651.926667,163.057281
9652.183056,163.047603
9652.462778,163.299241
9652.7575,163.212136
9653.465278,163.095995
9653.774444,163.212136
9654.05,162.999211
9654.38,162.999211
9654.583333,163.270206
9654.896944,163.154065
9655.128889,162.989533
9655.346389,163.173422
9655.391111,163.173422
9655.619722,163.154065
9656.176389,162.960498
9656.353889,162.960498
9656.613611,162.892749
9656.93,163.037925
9657.189444,162.854035
9657.489722,163.047603
9657.811389,162.834679
9658.325833,162.815322
9658.556944,162.854035
9658.778611,163.018568
9659.031944,162.979854
9659.300833,162.854035
9659.529722,163.086317
9660.066389,162.805643
9660.597778,162.912106
9661.131389,162.815322
9661.363611,163.00889
9661.611111,162.989533
9661.973889,162.834679
9662.238611,162.979854
9662.772222,163.018568
9663.225833,163.047603
9663.434444,163.105673
9664.016111,163.105673
9664.021111,162.892749
9664.313611,163.086317
9664.82,162.941141
9665.039722,162.941141
9665.052222,163.037925
9665.317222,163.037925
9665.566111,162.883071
9667.370278,162.979854
9668.261111,163.06696
9669.099444,162.892749
9669.405556,162.960498
9669.773611,162.931462
9671.1225,162.825
9671.530556,162.844357
9671.790556,162.892749
9672.005278,162.805643
9672.208611,162.825
9672.603889,162.921784
9673.026944,162.950819
9673.219167,163.06696
9674.131389,163.095995
9674.275556,163.095995
9674.796944,163.115352
9674.991944,163.037925
9675.328056,163.037925
9675.371944,163.173422
9675.844167,163.12503
9676.892222,163.018568
9677.245,162.999211
9677.47,163.221814
9677.742778,163.202457
9678.504167,163.173422
9679.289167,163.163744
9679.607778,163.231492
9680.935278,162.941141
9681.968056,163.047603
9682.348611,162.989533
9682.770556,162.999211
9683.235278,163.00889
9683.4875,162.844357
9683.793889,162.950819
9684.065278,162.76693
9684.327778,162.999211
9684.575556,162.757251
9684.877778,162.76693
9685.176944,162.76693
9685.358611,162.834679
9685.585278,162.979854
9686.161389,162.970176
9686.206944,162.970176
9686.427222,162.989533
9686.970833,162.786287
9687.228611,162.989533
9687.480278,162.834679
9687.778333,162.834679
9689.153889,162.950819
9689.747222,162.863714
9690.030556,162.979854
9690.216389,162.844357
9690.456667,163.06696
9690.790278,163.00889
9691.071667,162.844357
9691.331944,162.863714
9691.878889,162.999211
9692.143889,162.873392
9692.400556,163.00889
9692.999722,162.815322
9693.2575,162.999211
9693.469444,163.028246
9693.757222,162.825
9694.033056,162.883071
9694.320556,162.950819
9694.574167,162.999211
9694.768333,162.999211
9694.971667,162.844357
9695.291389,162.825
9695.773611,162.825
9695.883889,162.825
9696.391944,162.805643
9696.606667,162.989533
9696.916389,162.979854
9697.192778,163.00889
9697.457222,163.105673
9698.055,163.00889
9698.259167,162.941141
9698.496111,163.105673
9699.049167,163.037925
9699.317778,163.076638
9699.584722,163.028246
9699.904722,163.06696
9700.161111,162.941141
9700.606944,163.095995
9700.937222,162.950819
9701.205,163.105673
9701.443611,162.989533
9702.008056,163.028246
9702.485833,162.960498
9702.791667,163.00889
9703.039167,163.134709
9703.301111,163.144387
9703.590278,163.00889
9703.896111,163.250849
9704.133889,163.037925
9704.167778,163.037925
9704.723889,163.134709
9704.976944,163.018568
9705.184444,163.018568
9705.2225,163.086317
9705.449444,163.115352
9705.7525,162.941141
9706.02,162.912106
9706.287778,162.931462
9706.52,162.921784
9706.825278,162.941141
9707.034722,162.912106
9707.233889,162.912106
9707.527778,162.941141
9707.829722,163.115352
9708.040833,162.883071
9708.535833,163.047603
9708.885556,162.950819
9709.116667,163.018568
9709.402778,162.912106
9709.730278,163.076638
9709.995278,163.037925
9710.246667,163.028246
9710.495833,163.06696
9710.806111,162.950819
9711.466389,162.931462
9711.759722,163.095995
9712.029167,163.12503
9712.317778,163.105673
9712.840556,163.105673
9713.146111,163.115352
9713.388333,163.154065
9713.618611,163.154065
9713.6425,163.163744
9713.961111,163.202457
9714.421667,163.018568
9714.621111,163.018568
9714.730833,163.183101
9714.992222,163.00889
9715.525556,163.192779
9715.860833,163.018568
9716.134167,163.154065
9716.408056,163.028246
9716.647778,163.202457
9717.182778,163.192779
9717.429444,163.018568
9717.713611,163.173422
9718.244444,162.999211
9718.505278,163.154065
9718.831389,162.960498
9719.122222,163.105673
9719.373611,163.115352
9719.458889,162.960498
9719.608056,163.06696
9719.923333,162.989533
9720.1175,163.018568
9720.369722,163.086317
9720.615833,163.105673
9720.890278,163.105673
9721.155278,162.960498
9721.746111,163.173422
9721.978333,162.999211
9722.244444,163.202457
9722.498333,163.260528
9722.807222,163.250849
9723.016667,163.095995
9723.061667,163.095995
9723.556389,163.260528
9723.868889,163.212136
9724.074167,163.212136
9724.108889,163.134709
9724.365,162.931462
9724.871389,163.134709
9725.141111,162.950819
9725.3825,163.12503
9725.62,163.231492
9725.923333,162.999211
9726.155,163.173422
9726.411111,163.260528
9726.647778,163.105673
9726.956667,163.183101
9727.222222,163.173422
9727.436944,163.057281
9727.743333,163.134709
9727.950556,163.212136
9728.182222,163.231492
9728.428889,163.057281
9728.753889,163.202457
9729.001667,162.999211
9729.265833,163.047603
9729.51,163.183101
9729.835556,163.260528
9730.441111,163.047603
9730.735556,163.250849
9730.986111,163.163744
9731.5325,163.154065
9732.059444,162.931462
9732.211111,162.931462
9732.316111,163.115352
9732.572222,163.095995
9732.871389,163.00889
9733.112222,163.028246
9733.241111,163.028246
9733.363056,162.989533
9733.619722,163.12503
9733.876667,163.086317
9734.108056,163.173422
9734.341111,163.173422
9734.58,163.163744
9734.880833,163.00889
9735.076667,163.00889
9735.323333,163.144387
9735.553611,163.12503
9735.865,163.00889
9736.296944,162.979854
9736.936389,162.989533
9737.166667,163.115352
9737.4075,162.979854
9737.620833,162.970176
9737.935278,163.134709
9738.409722,163.163744
9738.721944,163.183101
9738.958056,163.163744
9739.213611,163.163744
9739.768611,163.144387
9740.017778,163.00889
9740.261667,163.047603
9740.526944,163.134709
9740.81,162.970176
9741.036389,163.047603
9741.288333,162.970176
9741.586667,162.950819
9741.806389,162.950819
9741.896944,163.12503
9742.150278,162.999211
9742.364167,163.115352
9742.6225,163.134709
9742.850556,163.134709
9743.188333,163.06696
9743.733611,163.047603
9743.9825,163.06696
9744.472778,162.912106
9744.790556,163.057281
9745.03,163.06696
9745.266389,163.037925
9745.483889,162.892749
9745.788889,163.086317
9746.068333,163.018568
9746.346111,163.076638
9746.574444,163.095995
9746.904722,163.086317
9747.133056,162.892749
9747.358889,163.047603
9747.886944,163.06696
9748.124722,163.06696
9748.347778,163.095995
9748.64,163.105673
9749.153333,163.037925
9749.36,163.037925
9749.925,162.970176
9750.447778,162.960498
9750.747222,163.134709
9750.985556,163.115352
9751.34,163.173422
9751.3825,163.173422
9751.833611,163.250849
9752.420278,163.250849
9752.423333,163.212136
9752.722778,163.221814
9752.965833,163.192779
9753.228333,163.192779
9753.456111,163.047603
9753.768333,163.06696
9754.017778,163.134709
9754.311389,163.134709
9754.564722,163.00889
9754.840278,162.999211
9755.096111,162.979854
9755.284167,162.979854
9755.537222,162.970176
9755.848333,163.134709
9756.088333,163.115352
9756.315,162.999211
9756.579444,163.144387
9756.888889,163.115352
9757.121111,163.086317
9757.379167,162.979854
9757.645,163.202457
9757.953333,163.115352
9758.208056,163.086317
9758.444722,162.960498
9758.758056,163.134709
9759.004722,163.134709
9759.263611,163.086317
9760.0325,163.12503
9760.315,163.086317
9761.01,163.086317
9761.114444,163.154065
9761.377778,163.192779
9761.623889,163.212136
9761.9025,163.057281
9762.081111,163.057281
9762.173889,163.173422
9762.429444,163.115352
9762.740833,163.144387
9762.912222,163.163744
9763.403333,163.134709
9763.713889,163.192779
9763.995278,163.173422
9765.035833,162.989533
9765.287778,163.154065
9765.538333,163.144387
9765.750556,162.989533
9765.977222,163.086317
9766.247222,162.960498
9766.576389,162.912106
9766.873333,162.970176
9767.113611,163.086317
9767.463333,162.941141
9767.790556,162.931462
9768.059722,162.921784
9768.323333,162.999211
9768.576944,162.892749
9769.129167,163.018568
9769.391111,163.095995
9769.6425,163.047603
9769.95,163.028246
9770.160278,163.057281
9770.316667,163.057281
9770.427222,163.115352
9770.734722,163.086317
9771.019722,163.057281
9771.276667,163.105673
9771.331667,163.105673
9771.572778,163.057281
9771.875556,163.06696
9772.136389,163.018568
9772.420278,162.921784
9772.749722,162.892749
9772.985,163.018568
9773.26,163.076638
9773.505833,163.144387
9774.403611,163.095995
9774.706111,163.105673
9774.919167,163.086317
9775.420278,163.095995
9775.739444,163.076638
9775.988889,162.950819
9776.260278,163.134709
9776.508889,162.999211
9776.826667,163.163744
9777.075278,162.989533
9777.320278,163.183101
9777.583056,163.00889
9777.9275,163.00889
9778.434444,163.163744
9778.734444,162.950819
9778.995278,162.970176
9779.243611,162.912106
9779.483889,162.941141
9779.7925,163.037925
9779.922778,163.037925
9780.043889,162.989533
9780.293056,163.105673
9780.807778,162.999211
9780.966389,162.999211
9781.06,163.076638
9850.986389,163.289563
9851.246944,163.260528
9851.493611,163.279884
9851.776944,163.30892
9852.038333,163.231492
9852.346667,163.231492
9852.573333,163.095995
9852.954444,163.289563
9853.202222,163.250849
9853.432778,163.289563
9853.736111,163.192779
9853.971667,163.318598
9854.225556,163.299241
9854.455,163.289563
9854.790833,163.163744
9855.054444,163.270206
9855.282778,163.289563
9855.792222,163.173422
9856.075278,163.105673
9856.931389,163.386347
9857.139167,163.386347
9857.143889,163.212136
9857.403611,163.221814
9857.6375,163.36699
9857.960278,163.212136
9858.208056,163.212136
9858.235,163.347633
9858.479167,163.337955
9858.751667,163.212136
9858.956667,163.386347
9859.197778,163.347633
9859.442222,163.415382
9859.733611,163.473452
9859.986944,163.42506
9860.229444,163.260528
9860.438333,163.483131
9860.711111,163.444417
9860.951389,163.279884
9861.201667,163.231492
9861.431944,163.221814
9861.719722,163.279884
9861.966389,163.212136
9862.196944,163.163744
9862.396944,163.144387
9862.717222,163.154065
9862.984722,163.163744
9863.203889,163.095995
9863.463056,163.076638
9863.743056,163.163744
9863.979722,163.076638
9864.253611,163.037925
9864.511944,163.095995
9864.827778,163.134709
9865.307222,163.018568
9865.579444,163.192779
9865.780278,163.299241
9866.049167,163.134709
9866.312778,163.289563
9866.5925,163.337955
9866.7775,163.337955
9866.906389,163.454095
9867.162222,163.231492
9867.351111,163.415382
9867.864167,163.415382
9867.951944,163.434739
9868.213611,163.357312
9868.463889,163.386347
9868.761111,163.454095
9868.996667,163.454095
9869.224722,163.483131
9869.502222,163.579914
9869.849444,163.550879
9870.090556,163.541201
9870.315,163.579914
9870.572778,163.531522
9870.914167,163.589593
9871.175833,163.454095
9871.415,163.454095
9871.631389,163.502487
9872.220278,163.492809
9872.492222,163.289563
9873.035556,163.483131
9873.274722,163.483131
9873.478333,163.454095
9873.782778,163.42506
9874.055,163.376668
9874.303333,163.396025
9874.553056,163.357312
9875.051389,163.357312
9875.290556,163.337955
9875.550278,163.337955
9875.858889,163.357312
9876.060278,163.337955
9876.096944,163.337955
9876.240833,163.36699
9876.470278,163.357312
9876.647778,163.347633
9876.914722,163.42506
9877.134722,163.42506
9877.169167,163.328276
9877.405,163.299241
9877.622778,163.30892
9877.911111,163.36699
9878.149722,163.318598
9878.389444,163.318598
9878.606944,163.318598
9878.898056,163.396025
9879.153611,163.347633
9879.383333,163.337955
9879.723056,163.376668
9879.9825,163.36699
9880.248333,163.357312
9880.780556,163.454095
9881.053889,163.396025
9881.303611,163.415382
9881.558056,163.415382
9881.885278,163.454095
9882.121111,163.444417
9882.383611,163.473452
9882.645833,163.521844
9882.964722,163.512166
9883.217222,163.454095
9883.463889,163.492809
9884.019444,163.444417
9884.261389,163.42506
9884.494167,163.463774
9884.803333,163.512166
9885.0475,163.415382
9885.281944,163.396025
9885.5425,163.454095
9885.8175,163.454095
9885.838611,163.512166
9886.091111,163.415382
9886.545278,163.415382
9886.843889,163.415382
9886.852222,163.444417
9887.106111,163.299241
9887.385833,163.328276
9887.5775,163.279884
9887.893333,163.299241
9888.368889,163.289563
9888.899444,163.357312
9889.169722,163.337955
9889.4225,163.36699
9889.644167,163.415382
9889.958056,163.328276
9890.495833,163.299241
9890.801944,163.396025
9891.050278,163.30892
9891.301667,163.337955
9891.564722,163.376668
9892.134444,163.337955
9892.381667,163.376668
9892.647778,163.376668
9892.98,163.376668
9893.236667,163.357312
9893.510278,163.415382
9893.821389,163.473452
9894.058889,163.463774
9894.561111,163.42506
9894.869167,163.463774
9895.296389,163.463774
9895.388611,163.434739
9895.621667,163.483131
9895.933611,163.502487
9896.192222,163.454095
9896.328333,163.454095
9896.434444,163.454095
9896.768611,163.473452
9897.025,163.444417
9897.303056,163.463774
9897.578056,163.415382
9897.9,163.42506
9898.224722,163.444417
9898.460556,163.444417
9898.752778,163.396025
9899.002222,163.386347
9899.228889,163.36699
9899.492778,163.337955
9899.798333,163.347633
9900.009444,163.376668
9900.272778,163.299241
9900.545833,163.299241
9901.123056,163.30892
9901.370556,163.36699
9901.638611,163.386347
9901.953333,163.376668
9902.201944,163.337955
9902.736667,163.347633
9903.016667,163.376668
9903.23,163.386347
9903.462778,163.357312
9903.804444,163.337955
9904.097778,163.337955
9904.266389,163.212136
9904.933333,163.454095
9904.986111,163.454095
9905.7975,163.454095
9906.041944,163.454095
9906.050833,163.42506
9906.327778,163.386347
9906.598333,163.415382
9906.883333,163.434739
9907.156944,163.415382
9907.358889,163.396025
9907.614722,163.42506
9907.913056,163.444417
9908.271944,163.415382
9909.439444,163.454095
9909.750833,163.357312
9910.012778,163.347633
9910.778333,163.357312
9911.039444,163.376668
9911.268889,163.36699
9911.527778,163.415382
9912.075278,163.260528
9912.342778,163.30892
9912.563889,163.328276
9912.861389,163.250849
9913.096389,163.154065
9913.347222,163.241171
9913.906667,163.163744
9914.191667,163.202457
9914.4425,163.270206
9914.574167,163.270206
9914.734444,163.250849
9915.180278,163.057281
9915.4275,163.241171
9915.591944,163.241171
9915.742778,163.202457
9916.261111,163.212136
9916.506111,163.241171
9916.786389,163.241171
9916.997778,163.076638
9917.541944,163.202457
9917.851111,163.337955
9918.125833,163.337955
9918.373333,163.376668
9919.36,163.347633
9919.580556,163.328276
9920.428889,163.386347
9922.407222,163.415382
9922.645,163.42506
9922.948056,163.386347
9923.510278,163.396025
9923.855556,163.396025
9924.352222,163.376668
9924.616389,163.289563
9924.873333,163.289563
9924.875833,163.260528
9925.144722,163.36699
9925.391389,163.337955
9925.973889,163.337955
9925.978056,163.337955
9926.2725,163.173422
9926.526389,163.318598
9926.824444,163.415382
9927.058333,163.337955
9927.317222,163.221814
9927.591944,163.396025
9927.961944,163.396025
9928.235556,163.396025
9928.809444,163.444417
9929.083889,163.386347
9929.592778,163.30892
9929.951944,163.434739
9930.203611,163.434739
9934.640833,163.434739
9935.645278,163.434739
9936.371944,163.144387
9937.593889,163.444417
9941.011389,163.637985
9943.025,163.628306
9943.409167,163.570236
9944.595278,163.66702
9944.866944,163.66702
9945.146944,163.647663
9945.493889,163.483131
9945.867222,163.483131
9945.8775,163.42506
9946.430556,163.337955
9946.718611,163.415382
9946.980833,163.299241
9947.582222,163.30892
9947.948333,163.270206
9948.215556,163.260528
9948.440278,163.241171
9948.757222,163.231492
9949.0075,163.30892
9949.516389,163.347633
9949.840556,163.376668
9950.373333,163.42506
9950.624722,163.42506
9950.9525,163.376668
9951.459444,163.415382
9951.768611,163.386347
9952.038611,163.357312
9952.246111,163.376668
9952.914722,163.241171
9953.175833,163.386347
9953.782222,163.396025
9954.288611,163.396025
9955.198333,163.279884
9955.368056,163.279884
9955.498611,163.30892
9955.8875,163.260528
9956.717778,163.30892
9956.974167,163.299241
9957.263611,163.42506
9957.515833,163.376668
9958.064444,163.357312
9958.304722,163.357312
9958.576667,163.347633
9958.989722,163.36699
9959.267222,163.386347
9959.486111,163.36699
9959.806944,163.434739
9960.086667,163.221814
9960.461667,163.386347
9960.765,163.250849
9961.056944,163.202457
9961.316667,163.270206
9961.574722,163.270206
9961.882222,163.270206
9962.160278,163.279884
9962.432778,163.521844
9962.758611,163.396025
9963.044444,163.579914
9963.326389,163.60895
9963.568889,163.550879
9963.878056,163.550879
9963.951667,163.541201
9964.2475,163.483131
9964.827222,163.502487
9964.971667,163.502487
9965.09,163.444417
9965.358056,163.36699
9965.643333,163.531522
9966.37,163.550879
9966.714722,163.599271
9967.0075,163.686377
9967.2725,163.570236
9967.563889,163.560558
9967.880833,163.512166
9968.124722,163.42506
9968.712222,163.512166
9968.898889,163.541201
9969.394722,163.60895
9969.713611,163.396025
9969.969167,163.36699
9970.221944,163.396025
9970.478333,163.512166
9970.773333,163.521844
9971.051944,163.502487
9971.321667,163.570236
9971.53,163.521844
9971.834167,163.502487
9972.053056,163.502487
9972.325833,163.521844
9972.585556,163.347633
9973.1675,163.512166
9973.422222,163.512166
9973.465556,163.415382
9973.786389,163.415382
9974.0625,163.521844
9974.3225,163.386347
9974.458611,163.386347
9974.544722,163.357312
9974.787222,163.328276
9975.066944,163.502487
9975.309444,163.42506
9975.564167,163.299241
9975.788611,163.328276
9976.265,163.521844
9976.928333,163.463774
9977.215278,163.299241
9977.474167,163.289563
9977.799167,163.454095
9978.019167,163.42506
9978.213611,163.444417
9978.462222,163.299241
9978.7975,163.483131
9979.079444,163.473452
9979.383333,163.531522
9979.719722,163.502487
9979.981944,163.512166
9980.216111,163.328276
9980.401667,163.521844
9980.724444,163.337955
9980.985278,163.328276
9981.275278,163.347633
9981.545833,163.483131
9981.833056,163.444417
9982.155833,163.444417
9982.762222,163.42506
9983.025,163.396025
9983.265833,163.299241
9983.306667,163.299241
9983.531111,163.42506
9983.886111,163.444417
9984.316111,163.444417
9984.444444,163.396025
9984.77,163.434739
9985.253333,163.386347
9985.526389,163.396025
9985.820278,163.463774
9986.306111,163.512166
9986.593333,163.483131
9986.897222,163.454095
9987.168333,163.560558
9987.419444,163.502487
9987.705,163.463774
9987.964167,163.647663
9988.227778,163.676698
9988.486944,163.628306
9988.775278,163.696055
9989.058333,163.696055
9989.309167,163.705733
9989.590278,163.763804
9989.9175,163.628306
9990.167778,163.521844
9990.431667,163.550879
9990.743889,163.483131
9990.969722,163.463774
9991.223611,163.66702
9991.504167,163.628306
9991.846944,163.444417
9992.398056,163.492809
9992.718333,163.473452
9992.975278,163.473452
9992.980833,163.637985
9993.254167,163.637985
9993.558889,163.473452
9993.857778,163.618628
9994.015833,163.618628
9994.126389,163.60895
9994.379722,163.473452
9994.979722,163.560558
9995.215,163.434739
9995.452778,163.434739
9995.758056,163.570236
9996.281111,163.42506
9996.525833,163.521844
9996.83,163.550879
9997.078333,163.541201
9997.318333,163.60895
9997.565278,163.550879
9997.871389,163.560558
9998.450833,163.531522
9999.316389,163.473452
9999.587222,163.396025
9999.894167,163.550879
10000.275833,163.396025
10000.7125,163.357312
10001.536111,163.541201
10001.886389,163.531522
10002.147778,163.521844
10002.314444,163.521844
10002.339444,163.560558
10002.592778,163.512166
10002.923889,163.386347
10003.186667,163.376668
10003.351667,163.376668
10003.493889,163.328276
10003.788056,163.337955
10004.013611,163.376668
10004.298056,163.36699
10004.615278,163.347633
10004.911667,163.36699
10005.187778,163.318598
10005.454444,163.521844
10005.743333,163.337955
10005.808611,163.318598
10006.061944,163.279884
10006.326389,163.270206
10006.575278,163.279884
10006.904722,163.241171
10007.178056,163.212136
10007.485556,163.250849
10008.056389,163.279884
10008.447222,163.279884
10008.782222,163.357312
10009.063056,163.318598
10009.303889,163.347633
10009.575833,163.386347
10009.904444,163.36699
10010.092222,163.328276
10010.330833,163.454095
10010.606667,163.396025
10010.889167,163.30892
10011.347778,163.318598
10011.6225,163.30892
10011.921667,163.318598
10012.186111,163.347633
10012.326389,163.347633
10012.427222,163.347633
10012.7275,163.415382
10013.000556,163.386347
10013.238889,163.396025
10013.369722,163.396025
10013.519444,163.415382
10013.818889,163.473452
10014.040556,163.473452
10014.291667,163.454095
10014.560278,163.473452
10015.129167,163.36699
10015.394444,163.415382
10015.967222,163.318598
10016.268889,163.473452
10016.502222,163.376668
10016.966944,163.347633
10017.434167,163.492809
10017.767222,163.541201
10018.024167,163.483131
10018.257778,163.512166
10018.549444,163.512166
10018.853056,163.502487
10019.154167,163.463774
10019.396111,163.560558
10019.753056,163.483131
10020.016389,163.454095
10020.254167,163.454095
10020.516111,163.444417
10020.849444,163.454095
10021.025833,163.260528
10021.263889,163.434739
10021.516944,163.260528
10021.834167,163.502487
10021.981944,163.502487
10022.097222,163.454095
10022.356389,163.328276
10022.591667,163.483131
10022.9,163.328276
10023.048889,163.328276
10023.424167,163.473452
10023.725,163.473452
10023.955278,163.454095
10024.250556,163.434739
10024.250833,163.434739
10024.736111,163.279884
10024.998056,163.463774
10025.268056,163.36699
10025.5025,163.376668
10025.835278,163.36699
10026.102778,163.483131
10026.291389,163.463774
10026.5025,163.279884
10026.778611,163.454095
10027.057778,163.36699
10027.576944,163.415382
10027.898056,163.386347
10028.179722,163.521844
10028.444167,163.444417
10028.756944,163.579914
10028.978889,163.434739
10029.249722,163.521844
10029.515833,163.396025
10029.845833,163.415382
10030.080278,163.502487
10030.331389,163.337955
10030.5525,163.512166
10030.865,163.30892
10031.118333,163.270206
10031.371111,163.30892
10031.766111,163.30892
10031.771111,163.531522
10032.0275,163.512166
10032.275556,163.376668
10032.503056,163.396025
10032.805833,163.396025
10033.076389,163.337955
10033.585,163.337955
10033.911389,163.328276
10034.228333,163.30892
10034.482778,163.318598
10034.729167,163.444417
10034.998333,163.337955
10035.266944,163.30892
10035.856667,163.463774
10036.109722,163.328276
10036.371667,163.454095
10036.626389,163.463774
10036.936944,163.473452
10037.474444,163.415382
10037.763611,163.36699
10038.030556,163.318598
10038.292222,163.454095
10038.561944,163.30892
10038.913611,163.492809
10039.176667,163.444417
10039.404722,163.483131
10040.000556,163.434739
10040.545,163.30892
10041.16,163.521844
10041.38,163.521844
10041.439722,163.415382
10041.749444,163.541201
10041.972222,163.531522
10042.220833,163.415382
10042.384722,163.415382
10042.476389,163.570236
10042.766111,163.521844
10043.095,163.541201
10043.360278,163.599271
10043.630278,163.444417
10043.9575,163.550879
10044.148056,163.386347
10044.420556,163.512166
10044.959444,163.386347
10045.221111,163.328276
10045.441389,163.337955
10045.794167,163.415382
10046.051389,163.241171
10046.344167,163.347633
10046.599167,163.231492
10046.898889,163.270206
10047.172778,163.250849
10047.368611,163.270206
10047.6175,163.270206
10047.904722,163.270206
10048.1775,163.260528
10048.39,163.318598
10048.802778,163.270206
10049.053056,163.250849
10049.329722,163.42506
10049.584722,163.289563
10049.983611,163.483131
10050.268333,163.299241
10050.828056,163.299241
10051.099167,163.502487
10051.361944,163.36699
10051.577222,163.531522
10051.906667,163.531522
10051.913889,163.376668
10052.192222,163.36699
10052.750278,163.337955
10053.015278,163.454095
10053.247778,163.30892
10053.52,163.328276
10053.840833,163.357312
10054.090556,163.347633
10054.593056,163.347633
10054.913889,163.328276
10055.168889,163.492809
10055.748889,163.483131
10056.524444,163.328276
10057.257778,163.463774
10057.513056,163.30892
10057.858056,163.289563
10058.211944,163.434739
10058.468056,163.328276
10058.780833,163.36699
10059.610833,163.541201
10060.003333,163.541201
10060.226111,163.541201
10061.062778,163.570236
10061.2775,163.570236
10061.41,163.376668
10061.813611,163.531522
10062.026111,163.541201
10062.261944,163.357312
10065.248333,163.560558
10066.223889,163.347633
10066.791667,163.396025
10067.059444,163.386347
10067.314444,163.570236
10067.572778,163.386347
10067.896667,163.570236
10068.134167,163.415382
10068.388889,163.560558
10068.708611,163.579914
10068.958889,163.570236
10069.193889,163.531522
10069.462222,163.570236
10069.758611,163.60895
10069.913889,163.60895
10070.035,163.434739
10070.228056,163.589593
10070.454167,163.599271
10070.9475,163.599271
10071.051667,163.454095
10071.316111,163.589593
10071.494722,163.570236
10071.760833,163.579914
10072.046944,163.570236
10072.225278,163.628306
10072.907222,163.444417
10073.191944,163.560558
10073.461389,163.570236
10073.803889,163.531522
10074.079444,163.36699
10074.324167,163.42506
10074.860278,163.550879
10075.112778,163.589593
10075.742778,163.42506
10075.866389,163.618628
10076.032222,163.579914
10076.883333,163.434739
10077.137222,163.444417
10078.345278,163.550879
10078.623889,163.357312
10078.970833,163.337955
10079.148333,163.541201
10079.733056,163.541201
10079.735833,163.415382
10079.986944,163.386347
10080.239444,163.415382
10080.780556,163.415382
10080.785556,163.415382
10081.057778,163.512166
10081.325,163.579914
10081.578333,163.386347
10082.1975,163.60895
10082.43,163.42506
10082.986944,163.376668
10083.276667,163.434739
10083.538889,163.396025
10083.846667,163.521844
10084.111667,163.550879
10084.395,163.589593
10084.713056,163.396025
10085.067222,163.396025
10085.258056,163.599271
10085.803056,163.589593
10086.045278,163.570236
10086.320278,163.589593
10086.563889,163.42506
10086.865278,163.560558
10087.134444,163.42506
10087.406667,163.618628
10087.755556,163.599271
10088.535833,163.599271
10088.836111,163.463774
10089.154444,163.463774
10089.346667,163.647663
10089.860833,163.492809
10090.102222,163.454095
10090.165556,163.454095
10090.382222,163.473452
10090.636111,163.599271
10090.879722,163.60895
10091.057222,163.454095
10091.305278,163.676698
10091.572222,163.66702
10091.863889,163.676698
10092.098889,163.637985
10092.351944,163.686377
10092.61,163.637985
10092.9075,163.628306
10093.161389,163.647663
10093.4075,163.637985
10093.713333,163.483131
10093.949444,163.473452
10094.179167,163.618628
10094.791944,163.60895
10095.03,163.444417
10095.264722,163.628306
10095.490833,163.502487
10095.790278,163.463774
10096.771111,163.579914
10097.012222,163.599271
10097.283611,163.463774
10097.508889,163.483131
10097.843056,163.512166
10098.124444,163.473452
10098.370556,163.492809
10098.610556,163.492809
10098.924444,163.550879
10099.065833,163.550879
10099.185,163.560558
10099.435556,163.686377
10099.728333,163.579914
10099.953611,163.570236
10100.121667,163.570236
10100.743611,163.657342
10100.983056,163.637985
10101.232222,163.676698
10101.478056,163.521844
10101.773056,163.550879
10102.03,163.502487
10102.285278,163.686377
10102.537222,163.483131
10102.837222,163.473452
10103.114722,163.589593
10103.380556,163.637985
10103.631944,163.502487
10103.944444,163.483131
10104.164167,163.560558
10104.460278,163.66702
10104.806944,163.589593
10105.055,163.463774
10105.319722,163.599271
10105.599722,163.492809
10105.918889,163.60895
10106.151111,163.579914
10106.383611,163.492809
10106.648611,163.502487
10106.968889,163.60895
10107.24,163.483131
10107.503056,163.686377
10108.010556,163.705733
10108.266389,163.599271
10108.339167,163.599271
10108.540833,163.792839
10108.831111,163.773482
10109.069444,163.570236
10109.292778,163.589593
10109.347222,163.589593
10109.541389,163.763804
10109.854444,163.715412
10110.095833,163.676698
10110.300833,163.686377
10110.541389,163.734769
10110.855278,163.754125
10111.122222,163.531522
10111.627778,163.579914
10111.956111,163.744447
10112.151944,163.72509
10112.3975,163.599271
10112.721944,163.72509
10113.014167,163.657342
10113.516667,163.744447
10113.846667,163.570236
10114.124722,163.531522
10114.401944,163.560558
10114.625833,163.541201
10115.158056,163.454095
10115.437222,163.512166
10115.762222,163.454095
10115.968333,163.589593
10116.235556,163.434739
10116.778611,163.415382
10117.038889,163.396025
10117.346389,163.550879
10117.775,163.60895
10117.833889,163.60895
10118.074722,163.618628
10118.324167,163.483131
10118.600556,163.657342
10118.868333,163.657342
10118.900556,163.637985
10119.150556,163.415382
10119.704722,163.434739
10119.962778,163.396025
10120.293611,163.42506
10120.853333,163.502487
10121.113889,163.560558
10121.394722,163.618628
10121.709444,163.66702
10121.980833,163.483131
10122.228333,163.502487
10122.484167,163.647663
10122.765,163.657342
10123.018333,163.483131
10123.298333,163.502487
10123.55,163.541201
10123.873611,163.589593
10124.142778,163.60895
10124.552222,163.676698
10124.838889,163.521844
10125.316389,163.492809
10125.563889,163.66702
10125.856389,163.637985
10126.098611,163.502487
10126.315833,163.618628
10126.548889,163.492809
10126.833333,163.463774
10127.088333,163.560558
10127.323056,163.444417
10127.561111,163.531522
10127.785556,163.531522
10127.851667,163.599271
10128.128611,163.560558
10128.408611,163.42506
10128.858611,163.42506
10129.253333,163.36699
10129.533333,163.444417
10130.325833,163.60895
10130.628611,163.492809
10131.219444,163.589593
10132.065,163.579914
10132.335556,163.473452
10132.581111,163.60895
10136.581944,163.386347
10136.896667,163.560558
10137.088056,163.376668
10137.369722,163.42506
10137.720556,163.444417
10137.965556,163.589593
10138.228889,163.434739
10138.453611,163.589593
10138.760833,163.637985
10139.028056,163.570236
10139.297778,163.560558
10139.545833,163.60895
10139.860278,163.579914
10140.153056,163.570236
10140.405833,163.570236
10140.413333,163.454095
10140.752778,163.463774
10141.004722,163.579914
10141.51,163.579914
10141.518889,163.521844
10141.843056,163.492809
10142.122778,163.483131
10142.387778,163.473452
10142.706667,163.444417
10142.970833,163.628306
10143.248333,163.444417
10143.839167,163.599271
10144.125278,163.473452
10144.3975,163.463774
10144.748333,163.628306
10144.989167,163.415382
10145.252778,163.60895
10145.476944,163.521844
10145.784722,163.512166
10146.067778,163.492809
10146.3825,163.473452
10146.626667,163.512166
10146.922778,163.483131
10147.224444,163.473452
10147.799722,163.618628
10148.053056,163.473452
10148.330278,163.657342
10148.869722,163.647663
10149.408889,163.647663
10149.7425,163.550879
10149.999167,163.618628
10150.263611,163.618628
10150.551944,163.657342
10150.876389,163.618628
10151.132222,163.579914
10151.278889,163.579914
10151.651944,163.473452
10151.93,163.521844
10152.196389,163.444417
10152.479167,163.628306
10152.775833,163.647663
10153.026111,163.589593
10153.282778,163.657342
10153.821944,163.676698
10154.074722,163.618628
10154.33,163.637985
10154.594167,163.66702
10154.920556,163.618628
10155.272778,163.705733
10155.581944,163.705733
10155.900833,163.618628
10156.188333,163.541201
10156.454167,163.550879
10156.778056,163.637985
10157.003056,163.550879
10157.290278,163.60895
10157.567778,163.599271
10157.855556,163.686377
10158.115556,163.628306
10158.2825,163.60895
10158.496111,163.618628
10158.841389,163.628306
10159.107778,163.560558
10159.358611,163.560558
10159.719167,163.560558
10159.9475,163.686377
10160.191944,163.657342
10160.519444,163.502487
10160.730278,163.502487
10160.821111,163.521844
10161.159722,163.492809
10161.540278,163.531522
10161.85,163.72509
10162.077222,163.696055
10162.3325,163.744447
10162.5925,163.550879
10162.891389,163.734769
10163.146944,163.550879
10163.630833,163.657342
10163.935278,163.550879
10164.191389,163.60895
10165.011111,163.473452
10165.281944,163.618628
10165.519444,163.676698
10165.822778,163.66702
10166.076667,163.473452
10166.349444,163.637985
10166.906389,163.492809
10167.1075,163.473452
10167.305278,163.492809
10167.5325,163.492809
10167.865,163.66702
10168.331389,163.512166
10168.611944,163.676698
10168.93,163.492809
10169.173333,163.618628
10169.306111,163.618628
10169.437222,163.618628
10169.708056,163.483131
10169.969444,163.463774
10170.236111,163.618628
10170.316944,163.618628
10170.484722,163.628306
10171.070556,163.657342
10171.578056,163.686377
10172.140833,163.628306
10172.918611,163.696055
10173.188611,163.570236
10173.435833,163.531522
10173.64,163.531522
10173.956111,163.512166
10174.215,163.521844
10174.829444,163.66702
10175.093056,163.637985
10175.3125,163.657342
10175.595278,163.657342
10175.9225,163.589593
10176.196944,163.589593
10176.473333,163.570236
10176.784444,163.463774
10177.051667,163.570236
10177.530278,163.473452
10177.8575,163.618628
10178.120278,163.454095
10178.324167,163.512166
10178.590278,163.512166
10178.596389,163.657342
10179.005,163.647663
10179.262778,163.541201
10179.523056,163.60895
10179.641944,163.60895
10179.933333,163.415382
10180.180278,163.60895
10181.273333,163.705733
10181.441111,163.763804
10181.718056,163.541201
10182.178056,163.744447
10182.416389,163.579914
10182.980556,163.512166
10183.249167,163.483131
10183.506111,163.521844
10183.8025,163.696055
10184.058611,163.637985
10184.534722,163.647663
10184.887222,163.715412
10185.198056,163.657342
10185.990556,163.676698
10186.256389,163.715412
10186.519722,163.831552
10186.817778,163.599271
10187.278611,163.512166
10187.560556,163.637985
10187.9,163.647663
10188.460278,163.647663
10188.718056,163.60895
10189.071944,163.647663
10189.330833,163.483131
10189.560833,163.483131
10189.955556,163.599271
10190.211667,163.434739
10190.461667,163.444417
10190.756111,163.599271
10191.005556,163.454095
10191.285,163.589593
10191.590556,163.628306
10191.895278,163.657342
10192.157222,163.550879
10192.409444,163.531522
10192.717222,163.637985
10192.984167,163.618628
10193.243333,163.473452
10193.515278,163.483131
10193.831389,163.463774
10194.086944,163.60895
10194.355833,163.647663
10194.597778,163.492809
10194.906111,163.637985
10195.134167,163.541201
10195.368611,163.72509
10195.601667,163.560558
10195.906667,163.570236
10196.143056,163.541201
10196.481111,163.657342
10196.758889,163.744447
10197.007222,163.579914
10197.266944,163.744447
10197.566944,163.734769
10197.886667,163.705733
10198.066944,163.657342
10198.135556,163.657342
10198.265,163.705733
10198.591111,163.773482
10198.901111,163.550879
10199.152778,163.550879
10199.159444,163.647663
10199.390833,163.531522
10199.721667,163.492809
10200.2175,163.618628
10200.495,163.444417
10201.067222,163.637985
10201.332778,163.618628
10201.600833,163.637985
10202.761944,163.715412
10203.023611,163.463774
10203.274444,163.473452
10203.466389,163.415382
10203.778611,163.589593
10204.060556,163.444417
10204.749444,163.463774
10205.025,163.657342
10205.271667,163.686377
10205.483611,163.579914
10205.829444,163.589593
10206.369722,163.502487
10206.626111,163.657342
10206.928333,163.541201
10207.111389,163.463774
10207.174444,163.483131
10207.466944,163.618628
10207.716667,163.618628
10207.783333,163.550879
10208.042778,163.492809
10208.289444,163.570236
10208.553889,163.66702
10208.761667,163.66702
10208.861111,163.66702
10209.640833,163.66702
10209.946944,163.66702
10210.194444,163.531522
10210.718889,163.550879
10210.971111,163.676698
10211.218889,163.637985
10211.466389,163.512166
10211.787222,163.72509
10212.070833,163.676698
10212.325556,163.72509
10212.884444,163.521844
10213.406944,163.676698
10213.722222,163.628306
10214.000278,163.618628
10214.253333,163.463774
10215.235278,163.521844
10215.469444,163.618628
10215.769444,163.560558
10216.0175,163.502487
10216.313056,163.483131
10216.850556,163.550879
10217.074722,163.531522
10217.123056,163.531522
10217.342222,163.715412
10217.605556,163.696055
10217.881389,163.715412
10218.125,163.676698
10218.181667,163.676698
10218.389167,163.676698
10218.726111,163.550879
10218.998611,163.550879
10219.269444,163.715412
10219.5225,163.647663
10219.771667,163.744447
10220.030278,163.60895
10220.305833,163.60895
10220.544167,163.637985
10220.865,163.792839
10221.125278,163.589593
10221.368889,163.60895
10221.586667,163.637985
10221.88,163.783161
10222.146389,163.744447
10222.411667,163.754125
10222.7325,163.628306
10222.988056,163.72509
10223.241944,163.715412
10223.464722,163.715412
10223.822778,163.589593
10224.064444,163.541201
10224.309444,163.560558
10224.548333,163.531522
10224.879722,163.676698
10225.152222,163.66702
10225.430278,163.657342
10225.733333,163.579914
10226.015833,163.550879
10226.248333,163.579914
10226.509167,163.579914
10226.519167,163.599271
10226.8325,163.589593
10227.137222,163.570236
10227.54,163.570236
10227.646667,163.647663
10227.926111,163.657342
10228.118611,163.763804
10228.387222,163.841231
10228.639722,163.831552
10228.9625,163.686377
10229.226667,163.705733
10229.501667,163.831552
10229.792222,163.860588
10230.033056,163.686377
10230.289722,163.647663
10230.561111,163.686377
10230.855833,163.72509
10231.105278,163.72509
10231.364167,163.705733
10231.590833,163.72509
10231.928333,163.812196
10232.205833,163.773482
10232.451944,163.792839
10233.199167,163.783161
10233.586667,163.802517
10233.906389,163.947693
10234.173611,163.773482
10234.445833,163.96705
10235.031667,163.783161
10235.570278,163.860588
10236.098056,163.957372
10236.1425,163.957372
10236.313889,163.986407
10236.894444,163.812196
10237.165,163.812196
10237.167778,163.841231
10237.420556,164.015442
10237.719167,164.054155
10238.2525,163.986407
10238.534444,164.015442
10238.836389,164.034799
10239.343333,164.005763
10239.573889,163.976728
10239.86,163.763804
10240.391389,163.90898
10240.718611,163.792839
10241.1025,163.96705
10241.3825,163.957372
10241.635556,163.996085
10241.932778,164.034799
10242.238889,164.034799
10242.491944,163.986407
10242.797778,163.831552
10243.318611,163.90898
10243.65,163.96705
10243.962778,163.841231
10244.464722,163.96705
10245.028611,163.928336
10245.517778,163.870266
10245.736111,163.870266
10245.830833,163.841231
10246.093056,163.802517
10246.358889,163.792839
10246.826389,163.792839
10246.936944,163.90898
10247.208889,163.715412
10247.467222,163.72509
10247.758333,163.889623
10248.007222,163.754125
10248.506667,163.821874
10248.784167,163.792839
10249.335833,163.90898
10249.893611,163.763804
10250.164722,163.870266
10250.442778,163.72509
10250.705,163.831552
10250.924722,163.783161
10251.181111,163.734769
10251.423333,163.773482
10251.733889,163.879944
10251.994444,163.734769
10252.25,163.812196
10252.504722,163.928336
10252.822778,163.870266
10253.076944,163.860588
10253.303056,163.889623
10253.553611,163.938015
10253.838889,163.928336
10254.090556,163.889623
10254.325278,163.938015
10254.595278,163.802517
10255.157222,163.802517
10255.3575,164.005763
10255.609167,163.860588
10255.883611,163.821874
10256.143611,163.821874
10256.195,163.821874
10256.404722,163.773482
10256.579167,163.783161
10256.886944,163.773482
10257.190556,163.792839
10257.190833,163.792839
10257.632778,163.831552
10257.940278,163.812196
10258.220278,163.792839
10258.455278,163.792839
10258.790278,163.812196
10259.067222,163.957372
10259.564444,164.015442
10259.890278,163.831552
10264.794444,163.831552
10265.838056,163.831552
10274.167222,163.831552
10275.199167,163.831552
10283.733889,163.831552
10284.737222,163.831552
10293.408056,163.831552
10294.500556,163.831552
10303.019722,163.831552
10304.066111,163.831552
10312.420833,163.831552
10313.429444,163.831552
10321.883056,163.831552
10322.9375,163.831552
10331.385,163.831552
10332.482778,163.831552
10341.0925,163.831552
10342.178611,163.831552
10350.917778,163.831552
10351.952222,163.831552
10360.346389,163.831552
10361.390556,163.831552
10369.7675,163.831552
10370.829722,163.831552
10379.305556,163.831552
10380.400556,163.831552
10388.708333,163.831552
10389.719722,163.831552
10398.041667,163.831552
10399.064722,163.831552
10407.603889,163.831552
10408.606111,163.831552
10417.396111,163.831552
10418.4125,163.831552
10427.007222,163.831552
10428.056944,163.831552
10436.499167,163.831552
10437.588889,163.831552
10446.231389,163.831552
10447.2425,163.831552
10455.871667,163.831552
10456.908889,163.831552
10465.388889,163.831552
10466.454444,163.831552
10475.309722,163.831552
10476.355278,163.831552
10484.857778,163.831552
10485.890278,163.831552
10494.2975,163.831552
10495.344444,163.831552
10503.8725,163.831552
10504.910556,163.831552
10513.426389,163.831552
10514.486111,163.831552
10523.316389,163.831552
10524.355556,163.831552
10526.532222,164.102547
10526.718889,164.083191
10526.963611,164.044477
10527.201667,164.034799
10527.465833,164.034799
10527.778056,164.054155
10528.015556,164.015442
10528.239722,164.015442
10528.480278,163.938015
10528.771944,164.073512
10529.036944,164.02512
10529.311389,164.02512
10529.526667,164.102547
10529.846111,164.083191
10530.053889,164.141261
10530.387222,164.102547
10530.970278,163.957372
10531.178889,163.986407
10531.447778,164.092869
10531.754444,163.986407
10532.048889,164.092869
10532.325278,163.986407
10532.585278,164.044477
10532.834722,164.044477
10533.107222,163.96705
10533.336389,164.083191
10533.598611,163.938015
10533.936944,163.938015
10533.938889,164.083191
10534.183056,163.947693
10534.756667,163.870266
10534.975833,164.005763
10535.226389,163.90898
10535.509722,163.879944
10536.363611,163.90898
10536.614722,164.015442
10536.915,163.928336
10537.183889,163.957372
10537.436944,163.889623
10537.753889,163.870266
10538.011944,163.870266
10538.304444,163.870266
10538.599722,163.841231
10538.916111,163.841231
10539.148889,163.90898
10539.768056,163.841231
10540.010278,163.879944
10540.254444,163.90898
10540.538889,163.918658
10541.082222,163.996085
10541.354167,164.005763
10541.598889,163.986407
10541.924167,163.976728
10542.218056,163.947693
10542.466667,163.976728
10542.636667,163.976728
10543.014444,163.96705
10543.282778,163.928336
10543.773333,163.928336
10543.8625,163.90898
10544.157778,163.889623
10544.442778,164.005763
10544.735556,163.831552
10544.978611,163.841231
10546.183056,163.928336
10546.432222,163.850909
10546.854167,163.889623
10547.412778,163.860588
10547.710278,163.850909
10548.0025,163.918658
10548.2625,163.870266
10548.562222,163.821874
10548.907222,163.860588
10549.472222,163.860588
10549.793611,163.850909
10550.331944,163.850909
10550.600556,163.792839
10550.890278,163.860588
10551.020833,163.879944
10551.296944,163.889623
10551.540833,163.841231
10551.849722,163.821874
10552.185833,163.879944
10552.449722,163.918658
10552.559167,163.918658
10553.013333,163.938015
10553.255,163.96705
10553.530278,163.947693
10553.587778,163.947693
10553.86,163.879944
10554.172778,163.947693
10554.455556,163.928336
10555.251944,164.015442
10555.809167,163.96705
10556.0675,164.034799
10556.326111,163.986407
10556.584444,163.976728
10556.908889,163.96705
10557.165556,164.044477
10557.445556,164.005763
10557.767778,164.005763
10558.060278,164.015442
10558.338056,163.96705
10558.624444,164.102547
10558.898611,164.083191
10559.169444,163.976728
10559.438889,163.938015
10559.771667,163.938015
10560.030833,163.957372
10560.278889,164.02512
10560.823056,163.860588
10561.303889,163.841231
10561.568056,163.996085
10561.863611,163.831552
10562.107222,164.063834
10562.256667,164.063834
10562.367778,164.015442
10562.615278,163.841231
10563.130556,164.054155
10563.266389,164.054155
10563.366111,164.02512
10563.607778,163.986407
10563.923889,163.96705
10564.195556,163.879944
10564.455833,164.063834
10564.757778,163.918658
10564.979722,163.744447
10565.241111,164.063834
10565.835278,164.044477
10566.093333,164.112226
10566.608333,164.054155
10566.913611,164.073512
10567.163056,163.957372
10567.406389,163.938015
10568.008889,164.034799
10568.276111,163.947693
10568.796667,163.947693
10569.187222,163.841231
10569.582778,163.821874
10569.914722,163.860588
10570.420278,163.850909
10570.621389,163.879944
10570.940833,163.947693
10571.220278,163.783161
10571.500278,163.947693
10571.7925,163.947693
10572.045556,163.947693
10572.274444,163.841231
10572.451111,163.841231
10572.530278,163.821874
10572.836667,163.860588
10573.081944,163.812196
10573.310556,163.96705
10573.408056,163.850909
10573.4825,163.850909
10573.564167,163.812196
10573.875833,163.783161
10574.118333,163.783161
10574.291944,163.773482
10574.518889,163.783161
10574.781389,163.783161
10575.054167,163.773482
10575.297778,163.773482
10575.531111,163.754125
10575.8525,163.831552
10576.188333,163.802517
10576.4625,163.773482
10576.766389,163.802517
10577.021389,163.773482
10577.270556,163.802517
10577.534167,163.831552
10577.853333,164.02512
10578.116389,163.90898
10579.089722,163.918658
10579.616389,164.005763
10580.204167,163.947693
10580.460556,163.986407
10580.781944,163.976728
10581.001111,163.96705
10581.275,163.96705
10581.495,163.957372
10581.734722,163.957372
10582.017778,164.054155
10582.268889,164.005763
10582.446389,164.005763
10582.476111,164.005763
10582.802222,164.044477
10583.0725,164.015442
10583.317222,164.054155
10583.449444,164.054155
10583.579722,164.083191
10583.885556,164.063834
10584.119722,164.015442
10584.384722,164.034799
10584.735556,164.073512
10585.015833,164.044477
10585.246111,164.044477
10585.501944,164.044477
10585.814167,164.044477
10586.063333,164.015442
10586.346944,163.986407
10586.578056,164.044477
10586.909444,163.986407
10587.164444,164.034799
10587.427222,164.054155
10587.991944,164.102547
10588.315,164.073512
10588.579167,164.112226
10588.883333,164.199331
10589.105833,164.073512
10589.387222,164.083191
10589.716111,164.247723
10590.065833,164.238045
10590.347778,164.247723
10590.5775,164.170296
10590.875278,164.276758
10591.141111,164.238045
10591.603056,164.276758
10591.895556,164.276758
10591.919444,164.121904
10592.416944,164.150939
10592.754444,164.102547
10592.903333,164.102547
10592.996111,164.073512
10593.190278,164.063834
10593.190556,164.063834
10593.81,164.073512
10594.064444,164.054155
10594.318056,164.054155
10594.631111,164.034799
10594.950278,164.005763
10595.451667,164.044477
10595.745833,163.986407
10595.991111,164.015442
10596.225833,163.976728
10596.758611,163.96705
10596.995,164.044477
10597.264722,164.054155
10597.529167,164.02512
10597.836111,164.015442
10598.096111,164.034799
10598.344722,164.015442
10598.5825,163.986407
10598.912222,163.976728
10599.148333,163.976728
10599.399722,164.073512
10599.728056,163.976728
10599.996389,164.131582
10600.496667,164.170296
10600.780556,164.005763
10601.064444,164.073512
10601.3175,164.141261
10601.395278,164.141261
10601.594722,164.276758
10601.923056,164.26708
10602.21,164.257402
10602.443611,164.257402
10602.469167,164.141261
10603.043611,164.092869
10603.324167,164.228366
10603.615,164.238045
10603.912778,164.189653
10604.188889,164.179974
10604.449722,164.073512
10604.764444,164.170296
10605.016389,164.160618
10605.199167,164.150939
10605.774167,163.947693
10606.04,163.957372
10606.278056,163.928336
10606.516389,164.063834
10607.376389,164.063834
10607.959167,163.986407
10608.443333,164.102547
10608.756944,164.092869
10609.0325,164.121904
10609.271111,163.996085
10609.556944,164.015442
10609.848889,164.005763
10610.04,164.005763
10610.461389,163.947693
10610.7825,163.947693
10610.785278,163.986407
10611.043889,164.063834
10611.8375,164.063834
10611.841667,164.092869
10612.090278,163.889623
10612.316389,163.860588
10612.559722,163.90898
10612.883611,163.957372
10613.139167,164.044477
10613.395556,163.90898
10613.753333,163.831552
10614.022778,163.996085
10614.246389,163.996085
10614.475556,163.860588
10614.758056,163.792839
10615.013056,163.783161
10615.244444,163.938015
10615.480278,163.812196
10615.773333,163.996085
10616.020278,163.841231
10616.290556,163.841231
10616.539444,163.860588
10616.565278,163.860588
10616.881944,164.005763
10617.275556,163.870266
10617.610833,163.870266
10617.944167,163.947693
10618.203333,163.812196
10618.479722,163.802517
10618.789722,163.744447
10619.061667,163.792839
10619.330833,163.773482
10619.568889,163.754125
10619.858333,163.744447
10620.1175,163.744447
10620.301389,163.72509
10620.550278,163.72509
10620.551944,163.773482
10620.873333,163.72509
10621.1025,163.928336
10621.591111,163.928336
10621.593889,163.783161
10621.898333,163.715412
10622.161389,163.763804
10622.409444,163.860588
10622.645,163.841231
10622.958333,163.696055
10623.193056,163.734769
10623.464722,163.734769
10623.779722,163.72509
10623.991944,163.754125
10624.261111,163.783161
10624.515556,163.783161
10624.790833,163.783161
10625.038333,163.783161
10625.543889,163.783161
10625.845833,163.802517
10626.1225,163.831552
10626.396667,163.812196
10626.641667,163.783161
10626.931667,163.812196
10627.194167,163.879944
10627.445278,163.957372
10627.737778,163.821874
10628.010556,163.996085
10628.594167,163.860588
10628.879444,163.812196
10629.079722,163.986407
10629.337778,163.976728
10629.603611,163.850909
10629.904167,163.850909
10630.120833,163.850909
10630.1775,163.870266
10630.373889,163.802517
10630.648889,163.986407
10630.968889,163.976728
10631.139167,163.976728
10631.229444,163.831552
10631.474444,163.783161
10631.786389,163.831552
10632.048333,163.986407
10632.586944,163.996085
10632.910278,163.850909
10633.335278,163.831552
10633.998333,163.821874
10634.259722,163.812196
10634.554167,163.821874
10635.144722,163.928336
10635.645,163.986407
10635.922222,163.90898
10636.171111,163.879944
10636.428333,163.860588
10636.748889,163.860588
10636.997222,163.879944
10637.59,163.928336
10637.925833,163.976728
10638.184167,163.996085
10638.412222,164.015442
10638.725,163.996085
10638.98,163.928336
10639.195833,163.947693
10639.2425,163.947693
10639.740556,163.947693
10639.966944,163.938015
10640.210556,163.879944
10640.258056,163.879944
10640.778889,163.850909
10641.033333,163.841231
10641.204444,163.860588
10641.827222,163.870266
10642.056111,163.879944
10642.553611,163.860588
10642.875556,163.870266
10643.4025,163.947693
10643.717778,163.860588
10643.995556,163.860588
10644.254722,163.889623
10644.802778,163.928336
10645.345278,163.918658
10645.596667,163.889623
10645.908333,163.957372
10646.160833,163.90898
10646.39,163.90898
10646.770833,163.860588
10647.034444,163.938015
10647.273611,163.918658
10647.559444,164.015442
10647.867222,164.005763
10648.131111,164.054155
10648.408889,163.928336
10648.641389,163.928336
10648.645278,164.02512
10648.959167,164.02512
10649.147222,164.044477
10649.392222,163.976728
10649.713611,163.976728
10649.718889,163.938015
11050.419722,192.498935
11050.618889,178.813696
11050.906389,175.339155
11051.401944,171.758152
11051.709167,168.922384
11051.99,167.780334
11052.415833,164.847783
11052.576389,164.847783
11052.7075,163.00889
11052.849444,163.00889
11052.948611,162.486257
11053.207222,159.273032
11053.440556,158.518118
11053.750556,157.588993
11054.021111,157.12443
11054.1025,156.969576
11054.113056,156.88247
11054.2525,156.698581
11054.507778,156.301767
11054.792778,155.943667
11055.0425,155.62428
11055.286111,155.353285
11055.523056,155.02422
11055.828889,154.704833
11056.108611,154.395125
11056.372778,154.162844
11056.571667,153.969276
11056.890556,153.969276
11056.896111,153.688603
11057.161944,153.688603
11057.404722,153.214362
11057.714722,153.136935
11057.958889,153.059508
11058.470833,152.546553
11058.805278,152.236845
11059.349167,151.830352
11059.950278,151.530322
11060.236389,151.288363
11060.519167,151.075438
11061.064167,150.891549
11061.2275,150.891549
11061.478611,150.668946
11061.591667,150.58184
11061.899167,150.397951
11062.161111,150.194705
11062.368611,150.020494
11062.633889,149.943067
11062.945833,149.710786
11063.219167,149.488183
11063.488333,149.313972
11063.790278,149.207509
11064.065,149.042977
11064.333611,148.926836
11064.607222,148.936515
11064.938333,148.752625
11065.136944,148.771982
11065.403889,148.36549
11065.548611,148.36549
11065.714444,148.36549
11065.859167,148.36549
11065.984444,148.404203
11066.473611,147.920284
11067.306667,147.533148
11067.519444,147.417008
11067.847778,147.475078
11068.117222,147.446043
11068.369167,147.262154
11068.607778,147.029872
11068.932222,147.204083
11069.476667,146.797591
11069.730278,146.797591
11069.886389,146.797591
11070.003889,146.884696
11070.148611,146.884696
11070.284444,146.574988
11070.533056,146.439491
11071.380556,146.313672
11071.949167,146.207209
11072.133056,146.091069
11072.398889,145.849109
11072.648333,145.674898
11072.953056,145.597471
11073.274722,145.42326
11073.275,145.42326
11073.817778,145.210336
11074.099167,145.1813
11074.237222,145.1813
11074.330833,144.949019
11074.490556,144.949019
11074.608889,144.949019
11074.615278,145.055481
11074.946389,144.919984
11075.196111,144.919984
11075.470556,144.803843
11075.776389,144.784486
11076.073611,144.687703
11076.345833,144.561884
11076.581944,144.590919
11076.899722,144.629632
11077.173889,144.561884
11077.740278,144.4651
11077.969444,144.436065
11078.255278,144.252175
11078.505556,144.194105
11079.054167,143.961824
11079.235833,143.961824
11079.331389,143.884396
11079.537222,143.884396
11079.564167,143.816648
11079.846944,143.826326
11080.111111,143.768256
11080.363889,143.613402
11080.926111,143.768256
11081.629444,143.506939
11081.931389,143.497261
11082.2125,143.158517
11082.480556,143.110125
11082.780556,143.119804
11083.0625,142.974628
11083.317778,142.877844
11083.5425,142.877844
11083.840556,142.877844
11084.114167,142.742347
11084.728889,142.558457
11085.006111,142.384246
11085.541667,142.210035
11086.422778,141.76483
11086.729722,141.639011
11086.993611,141.619654
11087.266667,141.435765
11087.538611,141.329302
11087.826944,141.28091
11087.866389,141.28091
11088.078889,141.251875
11088.121389,141.251875
11088.339167,141.16477
11088.605,141.155091
11088.909444,141.135735
11089.190556,141.116378
11089.646389,140.92281
11089.956667,141.019594
11090.503333,140.971202
11090.791944,141.087343
11091.034167,141.135735
11091.295,140.700207
11091.551111,140.632458
11091.867222,140.458247
11092.134722,140.458247
11092.1375,140.225966
11092.408333,140.090469
11092.46,140.090469
11092.729722,139.993685
11092.991944,139.96465
11093.262222,139.96465
11093.875,139.838831
11094.107778,139.829152
11094.614722,139.625906
11094.930833,139.66462
11095.221667,139.72269
11095.504444,139.403303
11095.800556,139.200057
11096.080556,139.238771
11096.310278,139.306519
11096.465,139.306519
11096.556944,139.258127
11096.755833,139.258127
11096.849167,139.132308
11097.203889,139.025846
11097.583889,138.735494
11098.115556,138.619354
11098.371111,138.454821
11098.616389,138.367716
11098.954444,138.416108
11099.232778,138.28061
11099.481667,138.367716
11099.769167,138.290289
11100.034444,138.193505
11100.243056,138.135434
11100.535556,138.154791
11100.776667,138.154791
11100.781944,138.154791
11100.874722,138.154791
11101.050556,138.154791
11101.144444,138.116078
11101.3925,137.893475
11101.722778,137.883796
11102.476111,137.893475
11102.799722,137.767656
11103.077222,137.738621
11103.622778,137.593445
11104.159167,137.448269
11104.432778,137.225666
11104.737778,137.486983
11104.975833,137.56441
11105.14,137.56441
11105.263333,137.167596
11105.425833,137.167596
11105.861944,137.370842
11106.148611,137.128882
11106.403333,136.96435
11106.730278,137.138561
11106.945833,137.274058
11107.152222,137.012742
11107.41,136.954671
11107.766111,137.061133
11108.030556,137.070812
11108.291389,136.828852
11108.825278,136.732068
11109.115278,136.654641
11109.374722,136.432038
11109.444444,136.432038
11109.637222,136.499787
11109.730556,136.499787
11109.921667,136.48043
11110.019167,136.451395
11110.274722,136.161043
11110.53,136.238471
11110.779444,136.315898
11111.058889,136.315898
11111.355833,136.132008
11111.594167,136.151365
11112.143333,136.219114
11112.421944,136.132008
11112.751111,136.48043
11112.995833,136.857887
11113.253889,136.238471
11113.793333,136.238471
11113.798889,136.538501
11114.075278,136.538501
11114.103611,136.296541
11114.363056,136.248149
11114.594444,136.248149
11114.916389,136.190079
11115.161944,136.190079
11115.434722,136.093295
11115.755,136.42236
11116.013611,136.451395
11116.246944,136.277184
11116.513889,136.102973
11117.043333,136.257827
11117.319722,136.006189
11117.584722,136.093295
11117.908889,136.102973
11118.111944,136.102973
11118.121944,136.083616
11118.395556,136.083616
11118.398056,136.006189
11118.7375,136.132008
11118.994167,136.490109
11119.238611,136.461073
11119.432778,136.470752
11119.723333,136.66432
11120.236111,136.325576
11120.492778,136.36429
11120.799722,136.654641
11121.196389,136.461073
11121.589167,136.606249
11121.913889,136.548179
11122.410556,136.548179
11122.419444,136.315898
11122.720833,136.315898
11122.992778,136.325576
11123.261667,136.219114
11123.828333,136.499787
11124.041667,136.615928
11124.314722,136.644963
11124.571944,136.838531
11124.882222,136.673998
11125.148889,136.828852
11125.389722,136.935314
11125.712222,137.02242
11125.920556,136.915958
11126.188056,136.644963
11126.451111,136.528822
11126.725278,136.528822
11126.778333,136.770782
11127.021667,136.528822
11127.083333,136.528822
11127.284167,136.596571
11127.538056,136.577214
11127.835556,136.625606
11128.093333,136.528822
11128.317222,136.509465
11128.562778,136.741747
11128.899167,136.838531
11129.168333,136.877244
11129.43,136.925636
11129.7475,137.061133
11129.993056,137.341807
11130.191944,137.061133
11130.453333,137.099847
11130.745,137.341807
11130.988333,137.061133
11131.155833,137.061133
11131.433056,137.061133
11131.475278,137.003063
11131.788056,137.545053
11132.061389,137.690229
11132.345556,137.583766
11132.620278,137.893475
11133.490556,137.312772
11134.046667,137.138561
11134.506667,137.070812
11135.015833,137.167596
11135.284167,137.02242
11135.450556,137.02242
11135.473611,137.157917
11135.713611,137.157917
11135.721667,137.438591
11136.042778,137.448269
11136.485556,137.341807
11136.783056,137.477304
11137.034722,137.612802
11137.295556,137.554731
11137.565,137.690229
11137.889444,138.028972
11138.162778,137.845083
11138.703056,137.835404
11139.181944,137.787013
11139.459722,137.651515
11139.708889,137.661194
11139.759722,137.661194
11139.973056,137.767656
11140.023889,137.767656
11140.208611,137.941867
11140.47,137.951545
11140.777778,138.116078
11141.010833,138.16447
11141.276111,138.28061
11141.525278,138.241897
11141.84,138.435464
11142.074444,138.52257
11142.357778,138.648389
11142.609444,139.112952
11142.93,138.977454
11143.2675,138.967776
11143.581389,139.335554
11143.895,139.016168
11144.043056,139.016168
11144.112222,139.161344
11144.302222,139.161344
11144.611389,138.774208
11144.843889,138.793565
11145.261667,138.406429
11145.626111,138.406429
11145.957222,138.106399
11146.230556,138.077364
11146.495,138.251575
11146.814444,138.541927
11147.058611,138.948419
11147.593611,139.238771
11147.901111,139.36459
11148.15,139.025846
11148.313889,139.025846
11148.419722,139.054881
11148.585,139.054881
11149.189722,138.929062
11149.467222,139.248449
11149.765278,139.625906
11150.983333,138.667746
11151.206944,138.783886
11151.481389,138.706459
11151.803611,138.841957
11152.061389,138.919384
11152.330278,138.996811
11152.596389,138.996811
11152.7225,139.296841
11152.860278,139.296841
11153.051667,139.519444
11153.3875,139.906579
11154.014722,139.78076
11154.270278,139.945293
11154.546111,140.071112
11154.834167,140.225966
11155.062778,140.013042
11155.340556,139.984006
11155.605833,139.66462
11155.885,140.158217
11156.123056,140.090469
11156.380556,139.713012
11156.715833,139.287163
11156.93,139.287163
11156.961111,139.558157
11157.233333,139.558157
11157.480833,139.335554
11157.790833,139.335554
11158.103056,139.200057
11158.353611,139.016168
11158.926111,138.948419
11159.208333,138.948419
11159.459167,138.996811
11159.7475,139.035524
11159.987222,139.054881
11160.238333,139.1807
11160.478889,139.403303
11160.788056,139.790439
11161.028333,139.529122
11161.2475,139.529122
11161.29,139.219414
11161.503611,139.219414
11161.515833,139.1807
11161.830556,139.606549
11162.100833,139.654941
11162.583611,139.645263
11162.903056,139.896901
11163.1625,140.158217
11163.388056,139.829152
11163.631667,140.051755
11163.911389,140.487283
11164.163889,140.671172
11164.415556,140.177574
11164.719167,140.419534
11164.990278,139.674298
11165.232222,139.848509
11165.449167,139.896901
11165.518333,139.896901
11165.771944,139.896901
11165.783056,140.042077
11166.093333,139.867866
11166.358056,139.935614
11166.617778,139.916258
11166.914722,139.993685
11167.172222,140.313072
11167.720833,139.906579
11168.05,139.703333
11168.416111,139.393625
11168.722222,139.606549
11168.929444,139.558157
11169.226389,139.538801
11169.8025,139.538801
11169.877778,139.596871
11170.128611,139.596871
11170.136111,139.577514
11170.392222,139.509765
11170.721111,139.713012
11171.334722,139.703333
11171.728056,139.819474
11171.983333,139.809795
11172.180556,139.96465
11172.550278,139.751725
11172.774722,140.02272
11173.263611,139.751725
11173.590278,139.848509
11173.883056,139.809795
11174.120278,140.003363
11174.1625,140.003363
11174.3525,139.887223
11174.511667,139.887223
11174.634722,139.925936
11174.833611,139.935614
11175.068611,139.906579
11175.308333,140.061434
11175.5675,140.196931
11175.853056,140.090469
11176.111111,140.225966
11176.355,140.516318
11176.590833,140.574388
11176.901944,140.496961
11177.171944,140.816348
11177.453889,140.767956
11177.756667,140.777634
11178.003611,140.738921
11178.268611,140.748599
11178.531667,140.748599
11178.541667,140.62278
11178.805278,140.62278
11178.830833,140.700207
11179.076111,140.874418
11179.385278,140.632458
11179.624722,140.651815
11180.191389,140.86474
11180.468611,140.545353
11180.783056,140.390499
11180.991389,140.26468
11181.196667,140.303393
11181.471667,140.167896
11181.814444,140.613102
11182.359444,140.516318
11182.599444,140.62278
11182.82,140.62278
11182.925278,140.448569
11183.080833,140.448569
11183.430556,140.400177
11183.740278,140.729242
11183.992222,140.709885
11184.264722,140.68085
11185.035,141.019594
11185.348333,140.990559
11186.191944,141.474478
11186.409722,141.571262
11186.710278,141.213162
11186.948889,141.319624
11187.084444,141.319624
11187.185,141.639011
11187.345556,141.639011
11187.736667,141.513192
11187.991667,141.368016
11188.498056,141.435765
11188.767778,141.155091
11189.0275,141.484156
11189.500278,141.242197
11189.821389,141.048629
11190.071111,141.000237
11191.1325,140.671172
11191.373333,140.671172
11191.380833,140.429212
11191.641389,140.429212
11191.643889,140.525996
11191.968333,140.535674
11192.203333,140.487283
11192.470278,140.32275
11192.863333,140.584066
11193.238056,140.506639
11193.599444,140.467926
11193.9175,140.487283
11194.185833,140.574388
11194.726667,140.671172
11195.209722,140.593745
11195.462222,140.661494
11195.771944,140.661494
11195.796389,140.671172
11196.034444,140.671172
11196.149722,140.68085
11196.441389,140.642137
11196.733611,140.796991
11197.058611,140.806669
11197.593611,140.758277
11197.8925,140.893775
11198.119167,140.913132
11198.380833,140.787313
11198.874444,140.884096
11199.104167,140.961524
11199.346667,140.729242
11199.616389,140.690529
11199.896667,140.835705
11200.095,140.835705
11200.129722,140.787313
11200.345833,140.787313
11200.461389,140.661494
11200.838333,140.932488
11201.3025,140.826026
11201.851389,141.145413
11202.100556,141.106699
11202.354722,140.98088
11202.58,141.116378
11202.857222,141.319624
11203.133889,141.271232
11203.396389,141.145413
11203.991111,141.319624
11204.269167,141.087343
11204.428056,141.087343
11204.531111,141.193805
11204.760278,141.193805
11204.877222,141.377694
11205.120278,141.22284
11205.387222,141.058307
11205.7275,141.184126
11205.999167,141.116378
11206.296944,140.845383
11206.83,140.826026
11207.33,140.671172
11207.629167,140.709885
11207.979722,140.951845
11208.235556,140.806669
11208.786389,140.806669
11208.790556,141.513192
11209.0675,141.513192
11209.082778,141.648689
11209.351944,141.590619
11209.612222,141.455121
11209.885,141.155091
11210.720278,141.106699
11210.999722,140.903453
11211.814722,140.903453
11212.058889,140.796991
11212.2975,140.845383
11212.498611,140.796991
11212.803611,140.613102
11213.055278,140.729242
11213.087778,140.729242
11213.290556,140.661494
11213.450833,140.661494
11213.570833,140.690529
11213.865,140.613102
11214.127778,140.690529
11214.38,140.738921
11214.638889,140.632458
11214.904167,140.448569
11215.174444,140.651815
11215.435556,140.535674
11215.740278,140.429212
11216.248889,140.32275
11216.501389,140.32275
11216.798889,140.400177
11217.13,140.409855
11217.244722,140.274358
11217.468333,140.274358
11217.826111,140.274358
11217.831389,140.516318
11218.083889,140.429212
11218.3225,140.400177
11218.601389,140.429212
11218.941944,140.284036
11219.170556,140.216288
11219.405278,140.400177
11219.724722,140.448569
11219.990833,140.342107
11220.246667,140.293715
11220.452778,140.400177
11220.750556,140.448569
11220.998333,140.496961
11221.273333,140.535674
11221.537222,140.690529
11221.850556,140.690529
11221.862778,140.671172
11222.107778,140.671172
11222.111389,140.603423
11222.369167,140.467926
11222.609722,140.525996
11222.926944,140.429212
11223.178056,140.458247
11223.441389,140.371142
11224.038889,140.671172
11224.260278,140.438891
11224.849167,140.438891
11225.603889,140.516318
11225.917222,140.62278
11226.131944,140.62278
11226.192222,140.758277
11226.395556,140.758277
11226.443056,140.903453
11226.733611,141.029272
11227.2975,140.796991
11227.560556,140.719564
11227.850278,140.92281
11228.100556,140.98088
11228.356667,141.174448
11228.5975,141.16477
11228.920556,141.029272
11229.1825,140.942167
11229.413889,140.826026
11229.731944,140.942167
11230.016111,140.671172
11230.428056,140.671172
11230.5575,140.400177
11230.766111,140.400177
11230.865,140.535674
11231.384722,140.477604
11231.894167,140.671172
11232.389167,140.787313
11232.636667,141.116378
11232.944444,141.193805
11233.170833,141.213162
11233.417778,140.874418
11233.7425,141.145413
11233.991944,141.193805
11234.257778,140.874418
11234.509444,140.874418
11234.783056,140.874418
11234.790556,141.058307
11235.037778,141.058307
11235.318611,141.377694
11235.5875,141.948719
11236.215556,140.884096
11236.487222,140.661494
11236.786111,140.903453
11237.154444,140.845383
11237.410556,140.603423
11237.719444,140.632458
11238.0525,140.56471
11238.254444,140.487283
11238.503333,140.351785
11238.781944,140.293715
11239.043056,140.293715
11239.045,140.487283
11239.319167,140.487283
11239.325833,140.68085
11239.611667,140.458247
11239.948333,140.351785
11240.203056,140.390499
11240.473056,140.351785
11240.824167,140.196931
11241.212778,140.458247
11241.632222,140.642137
11241.956111,140.177574
11242.186944,140.438891
11242.451389,140.62278
11242.734722,140.835705
11242.998611,140.448569
11243.285833,140.545353
11243.329167,140.545353
11243.541389,140.642137
11243.596944,140.642137
11244.128889,140.061434
11244.403889,140.032398
11244.731389,139.96465
11245.389722,140.109825
11245.784167,140.390499
11246.019722,140.216288
11246.288611,140.390499
11246.49,140.235644
11247.038056,139.954971
11247.293056,139.974328
11247.533056,140.158217
11247.743333,140.158217
11247.836389,140.196931
11248.0075,140.196931
11248.093889,139.867866
11248.268056,139.829152
11248.52,139.887223
11248.821667,139.761404
11249.020833,139.72269
11249.254444,139.596871
11249.53,139.674298
11250.255278,139.451695
11250.495,139.577514
11252.036667,139.519444
11252.208333,139.451695
11252.357222,139.451695
11252.438333,139.761404
11252.7125,139.984006
11252.934167,139.819474
11253.2525,139.935614
11253.513333,140.02272
11253.775833,140.042077
11254.006944,139.96465
11254.249444,139.829152
11254.478333,139.906579
11254.762222,139.887223
11254.9725,139.906579
11255.2125,139.848509
11256.053889,139.809795
11256.304722,139.935614
11256.431111,139.935614
11256.545,139.974328
11256.729167,139.974328
11256.828611,139.954971
11257.3075,140.042077
11257.532778,140.090469
11257.851111,140.516318
11258.099722,140.419534
11258.312222,140.187253
11258.538611,140.196931
11258.847778,140.255001
11259.103333,140.225966
11259.379167,140.38082
11259.632778,140.371142
11259.954444,140.429212
11260.191111,140.342107
11260.418333,140.38082
11260.714167,140.303393
11260.761389,140.303393
11260.953333,140.429212
11261.091944,140.429212
11261.409444,140.138861
11261.703056,140.119504
11261.934444,140.187253
11262.185,140.158217
11262.415,140.26468
11262.719444,140.235644
11262.964167,140.206609
11263.204444,140.38082
11263.428333,140.429212
11263.713056,140.429212
11263.939444,140.477604
11264.191667,140.390499
11264.429167,140.371142
11264.646111,140.08079
11264.884167,140.138861
11265.181389,140.138861
11265.189444,139.984006
11265.453056,139.984006
11265.613056,139.96465
11265.955278,140.08079
11266.197778,139.925936
11266.451389,140.216288
11266.736111,140.651815
11266.988333,140.235644
11267.255833,140.371142
11267.509167,140.506639
11267.796667,140.274358
11268.059722,140.158217
11268.304167,140.206609
11268.494722,140.26468
11268.787222,140.26468
11269.304444,140.032398
11269.454167,140.032398
11269.55,140.148539
11269.765,140.148539
11269.855278,140.032398
11270.095833,140.042077
11270.382222,140.02272
11270.616944,139.935614
11270.947778,140.090469
11271.172778,140.129182
11271.412222,140.148539
11271.718889,140.274358
11271.963889,140.293715
11272.226111,140.08079
11272.4325,140.02272
11272.768889,139.945293
11272.995556,139.945293
11273.285,139.916258
11273.551389,140.187253
11273.773056,140.187253
11273.836944,140.090469
11274.059167,140.090469
11274.082778,139.96465
11274.313056,139.954971
11274.489444,139.96465
11274.781667,139.984006
11275.007778,140.051755
11275.242222,140.02272
11275.517778,140.061434
11275.801389,140.071112
11276.035278,140.138861
11276.276111,140.32275
11276.526389,140.032398
11277.065556,139.78076
11277.576944,139.654941
11278.121667,139.654941
11278.130833,139.616228
11278.380278,139.616228
11278.722778,139.654941
11278.984167,139.838831
11279.2225,139.713012
11279.468889,139.683976
11280.103889,139.519444
11280.340278,139.538801
11280.618333,139.509765
11281.175,139.819474
11281.458889,139.916258
11281.760278,140.02272
11281.9725,140.148539
11282.205278,140.042077
11282.381667,140.042077
11282.741111,140.042077
11282.750556,140.119504
11283.002778,140.129182
11283.604444,140.525996
11283.925556,140.535674
11284.163889,140.390499
11284.373889,140.545353
11284.641111,140.38082
11284.965278,140.467926
11285.217222,140.177574
11285.470556,140.38082
11285.7825,140.235644
11286.037778,140.332428
11286.25,140.38082
11286.498333,140.448569
11286.755,140.448569
11286.76,140.613102
11287.003611,140.496961
11287.056944,140.496961
11287.265278,140.235644
11287.524167,140.08079
11287.831944,140.26468
11288.098333,139.916258
11288.312778,139.838831
11288.561667,139.945293
11288.879167,140.042077
11289.198611,140.177574
11289.712222,140.148539
11289.977778,139.877544
11290.180833,139.954971
11290.437222,140.032398
11290.741944,140.138861
11290.988889,139.984006
11291.137778,139.984006
11291.238611,140.090469
11291.399167,140.090469
11291.496944,140.177574
11291.783611,140.051755
11292.046667,139.954971
11292.305833,139.742047
11292.5625,139.819474
11292.823611,139.800117
11293.092222,139.809795
11293.322778,139.819474
11293.578333,139.935614
11293.905,140.071112
11294.075,139.887223
11294.342778,139.877544
11294.956111,139.954971
11295.166944,139.925936
11295.403333,139.925936
11295.705,139.925936
11295.725278,139.974328
11295.990556,140.051755
11296.463056,140.061434
11296.745833,140.245323
11296.991944,140.167896
11297.281944,140.390499
11297.533333,140.467926
11297.828333,140.496961
11298.055556,140.177574
11298.325556,140.032398
11298.602222,139.925936
11298.8975,140.196931
11299.152778,139.72269
11299.395278,139.732368
11299.634167,139.635584
11299.749167,139.635584
11299.949722,139.742047
11300.007222,139.742047
11300.213333,139.72269
11300.470556,140.042077
11300.766389,139.993685
11301.038333,139.761404
11301.262778,139.732368
11301.533056,139.674298
11301.865,139.412982
11302.105,139.374268
11302.349167,139.248449
11302.906111,139.412982
11303.151944,139.296841
11303.402222,139.393625
11303.723333,139.645263
11304.008611,139.72269
11304.043889,139.72269
11304.261944,139.72269
11304.308056,139.72269
11304.503889,139.442017
11304.822222,139.490409
11305.333889,139.490409
11305.5825,139.48073
11305.885833,139.509765
11306.113333,139.412982
11306.384167,139.374268
11306.635,139.219414
11306.979167,139.325876
11307.378611,139.325876
11307.636944,139.548479
11307.918889,139.461374
11308.325556,139.461374
11308.579722,139.461374
11308.778889,139.500087
11309.033889,139.42266
11309.280833,139.654941
11309.521111,139.761404
11309.871111,139.654941
11310.072222,139.451695
11310.331111,139.558157
11310.720833,139.693655
11311.004722,139.935614
11311.255278,140.206609
11311.520278,139.693655
11312.091667,139.471052
11312.301111,139.451695
11312.549167,139.42266
11312.582222,139.42266
11312.855833,139.42266
11312.860833,139.054881
11313.2325,138.919384
11313.718889,139.151665
11313.988056,139.383946
11314.230556,139.393625
11314.456667,139.500087
11314.751111,139.490409
11314.998889,139.490409
11315.504722,139.606549
11315.803611,139.713012
11316.051944,139.548479
11316.305278,139.48073
11316.515556,139.587193
11316.815556,139.693655
11316.860833,139.693655
11317.071944,139.66462
11317.313611,139.683976
11317.519722,139.848509
11317.823333,139.867866
11318.0775,139.72269
11318.325278,139.693655
11318.825,139.596871
11319.07,139.606549
11319.3375,139.683976
11319.587222,139.896901
11319.886944,139.867866
11320.152222,139.925936
11320.708611,140.032398
11320.962778,139.984006
11321.2375,139.984006
11321.476111,140.284036
11321.791944,140.129182
11322.057778,140.216288
11322.293611,140.235644
11322.546944,140.477604
11322.8275,140.584066
11323.073333,140.032398
11323.601111,139.732368
11323.899722,139.558157
11324.166111,139.567836
11324.403333,139.771082
11324.643889,139.703333
11324.961389,139.529122
11325.216389,139.451695
11325.375556,139.451695
11325.476389,139.42266
11325.780278,139.577514
11326.045278,139.277484
11326.321389,139.229092
11326.547222,139.238771
11326.841667,139.248449
11327.379444,139.161344
11327.638056,139.412982
11327.923611,139.42266
11328.200556,139.42266
11328.791389,139.538801
11329.176389,139.683976
11329.42,139.683976
11329.4475,139.66462
11329.740833,140.090469
11329.986667,140.08079
11330.539444,139.548479
11331.112222,139.596871
11331.334444,139.519444
11331.595833,139.713012
11331.949444,139.742047
11332.212222,139.625906
11332.3325,139.693655
11332.590278,139.819474
11332.914722,139.703333
11333.447222,139.800117
11333.737778,139.954971
11334.006944,139.567836
11334.273611,139.558157
11334.517222,139.800117
11334.816944,139.713012
11335.334722,139.625906
11335.598333,139.635584
11336.194444,139.66462
11336.448889,139.442017
11336.747778,139.345233
11337.199167,139.219414
11337.199444,139.219414
11337.611111,139.229092
11337.864167,139.229092
11337.870833,138.996811
11337.958333,138.996811
11337.984722,139.006489
11338.478333,139.141987
11338.771111,139.016168
11339.233611,138.938741
11339.4875,138.987133
11339.794167,138.977454
11340.038611,138.919384
11340.313889,138.948419
11340.540556,138.929062
11340.866944,138.987133
11341.635556,139.006489
11341.905278,139.006489
11341.926944,139.132308
11342.4275,139.006489
11342.637222,139.12263
11342.931389,139.045203
11343.198056,138.8226
11343.476389,138.900027
11343.794167,139.025846
11344.057778,138.832278
11344.342778,138.900027
11344.579444,139.006489
11344.85,138.958097
11345.103333,138.774208
11345.374167,138.774208
11345.6125,138.919384
11345.934167,138.958097
11346.201944,138.958097
11346.4625,139.054881
11346.786944,139.277484
11347.052778,139.12263
11347.316667,139.054881
11347.613333,139.151665
11347.9475,139.132308
11348.232778,139.229092
11348.509444,139.432338
11348.845,139.412982
11349.361944,139.335554
11349.630833,139.171022
11350.179167,138.987133
11350.229167,138.987133
11350.448611,138.948419
11350.781667,138.88067
11350.950278,138.938741
11351.204722,138.841957
11351.485,138.88067
11352.320556,138.900027
11352.560278,139.219414
11353.134722,139.054881
11353.380278,139.42266
11353.954167,139.248449
11354.210833,139.112952
11354.258333,139.112952
11354.456111,139.112952
11354.760833,139.509765
11355.031667,139.654941
11355.268333,139.451695
11356.116944,139.287163
11356.386667,139.296841
11356.718611,139.412982
11356.957778,139.596871
11357.461111,139.683976
11357.765833,139.683976
11358.007778,139.577514
11358.536667,139.558157
11358.891944,139.42266
11359.175556,139.461374
11359.706944,139.432338
11360.526667,138.745173
11360.831667,138.677424
11361.175278,138.609675
11361.571389,138.783886
11361.8625,138.541927
11362.126389,138.483856
11362.396667,138.52257
11362.6025,138.609675
11362.9,138.609675
11363.168889,138.561284
11363.4025,138.783886
11364.177778,138.687103
11364.411389,138.696781
11364.646389,138.735494
11364.918056,138.76453
11365.197222,138.696781
11365.477222,138.8226
11365.776389,138.938741
11366.073333,138.870992
11366.6125,138.938741
11366.9025,138.938741
11367.212222,138.58064
11367.502778,138.648389
11367.8025,138.677424
11368.069167,138.58064
11368.316111,138.512892
11368.558889,138.52257
11369.9475,138.503213
11370.1875,138.503213
11370.4625,138.658067
11370.790278,138.735494
11371.0675,138.629032
11371.306667,138.512892
11371.556667,138.609675
11372.198056,138.706459
11372.471667,138.687103
11372.787222,139.025846
11373.062778,138.793565
11373.307222,138.76453
11373.561111,138.774208
11373.856389,138.783886
11374.098333,138.570962
11375.082222,138.474178
11375.343333,138.512892
11375.586667,138.512892
11375.611667,138.638711
11375.89,138.619354
11376.155,138.658067
11376.386111,138.570962
11376.645833,138.900027
11376.966944,138.88067
11377.203889,138.716138
11377.740833,138.948419
11378.003611,138.841957
11378.276111,138.783886
11378.851389,138.977454
11379.114444,138.996811
11379.4,138.987133
11379.590833,138.987133
11380.2125,139.093595
11380.452778,139.06456
11380.766389,139.112952
11381.480278,139.200057
11381.768611,139.171022
11382.038889,139.093595
11382.549167,139.035524
11382.82,139.258127
11383.079722,139.287163
11383.351111,138.996811
11383.577778,138.861314
11384.145833,138.929062
11384.415833,138.919384
11384.719444,138.735494
11384.992778,138.658067
11389.571667,138.590319
11389.774167,138.590319
11389.900556,138.648389
11390.171944,138.532248
11390.42,138.619354
11390.589722,138.658067
11390.908611,138.52257
11391.169167,138.425786
11391.411111,138.483856
11391.720556,138.551605
11391.990833,138.551605
11392.528056,138.435464
11392.851111,138.387073
11393.090833,138.319324
11393.328056,138.358037
11393.585278,138.483856
11393.796111,138.483856
11393.93,138.532248
11394.556667,138.570962
11394.873611,138.774208
11395.142222,138.667746
11395.405833,138.735494
11395.711389,138.774208
11395.943333,138.870992
11396.178056,138.793565
11396.7075,138.870992
11396.970278,138.745173
11397.194444,138.696781
11397.435833,138.696781
11397.763889,138.687103
11398.001389,138.667746
11398.903333,138.532248
11399.1475,138.396751
11399.429722,138.396751
11399.754444,138.4645
11399.973333,138.4645
11400.188889,138.329002
11400.455556,138.445143
11400.769444,138.445143
11401.013056,138.445143
11401.269167,138.377394
11401.533889,138.367716
11401.950833,138.377394
11402.090278,138.377394
11402.512222,138.338681
11402.808611,138.416108
11403.259722,138.512892
11403.845278,138.512892
11404.073611,138.503213
11404.341944,138.425786
11404.615278,138.629032
11404.897778,138.687103
11405.113333,138.629032
11405.968333,138.629032
11406.103056,138.629032
11406.503889,138.58064
11407.159722,138.841957
11407.404444,138.716138
11407.646111,138.716138
11407.958889,138.648389
11408.209444,138.358037
11408.469167,138.319324
11408.766389,138.367716
11409.2725,138.338681
11409.531944,138.319324
11409.840278,138.299967
11410.121111,138.309645
11410.415833,138.454821
11410.7175,138.435464
11410.963611,138.493535
11411.193889,138.387073
11411.434167,138.445143
11411.706944,138.416108
11411.964444,138.416108
11412.195,138.270932
11412.427778,138.28061
11412.723889,138.329002
11412.962778,138.474178
11413.206944,138.309645
11414.012222,138.454821
11414.318611,138.483856
11414.466944,138.483856
11414.5875,138.52257
11414.889167,138.512892
11415.039722,138.512892
11415.286667,138.590319
11415.6375,138.696781
11415.955,138.706459
11416.219167,138.783886
11416.463333,138.667746
11416.748611,138.551605
11417.001111,138.493535
11417.233611,138.570962
11417.446667,138.512892
11417.7525,138.445143
11418.020556,138.454821
11418.288333,138.570962
11418.483056,138.570962
11418.58,138.493535
11418.885556,138.4645
11419.116389,138.435464
11419.376389,138.445143
11419.633611,138.406429
11419.910278,138.367716
11420.181389,138.445143
11420.430833,138.396751
11420.741944,138.329002
11421.005278,138.358037
11421.274722,138.454821
11421.523889,138.4645
11421.809722,138.396751
11422.065278,138.319324
11422.301111,138.309645
11422.554167,138.261254
11422.865833,138.212862
11423.1,138.261254
11423.340278,138.212862
11423.599444,138.183826
11423.918333,138.125756
11424.144722,138.125756
11424.374722,138.135434
11424.611389,138.116078
11424.935278,138.087043
11425.175,138.058007
11425.748611,138.125756
11426.009167,138.135434
11426.250278,138.116078
11426.531667,138.174148
11426.768056,138.174148
11426.866944,138.28061
11427.119444,138.416108
11427.3675,138.52257
11427.643056,138.493535
11427.966944,138.541927
11428.250556,138.503213
11428.499722,138.396751
11428.798611,138.406429
11429.015,138.541927
11429.283056,138.493535
11429.528333,138.4645
11429.8075,138.454821
11430.081667,138.4645
11430.268333,138.541927
11430.465833,138.609675
11430.796667,138.609675
11430.809444,138.667746
11431.359167,139.016168
11431.6075,139.112952
11431.927222,138.745173
11432.185833,138.812922
11432.445556,138.919384
11433.0075,138.687103
11433.181944,138.735494
11433.724722,138.406429
11433.976389,138.290289
11434.231111,138.406429
11434.538889,138.406429
11434.876389,138.261254
11435.13,138.358037
11435.360833,138.416108
11435.619167,138.309645
11435.941944,138.261254
11436.1875,138.309645
11436.458056,138.22254
11436.754167,138.203183
11436.989444,138.174148
11437.223333,138.22254
11437.476111,138.154791
11437.523611,138.145113
11437.523889,138.145113
11438.15,138.125756
11439.215556,138.193505
11439.255556,138.193505
11439.476667,138.193505
11439.732222,138.203183
11439.988611,138.174148
11440.233889,138.251575
11440.473611,138.367716
11440.785278,138.329002
11441.052778,138.232218
11441.321111,138.377394
11441.566944,138.396751
11441.866389,138.367716
11442.105278,138.396751
11442.342778,138.338681
11443.118056,138.270932
11443.297778,138.270932
11443.648056,138.22254
11443.939167,138.183826
11444.188889,138.319324
11444.437778,138.290289
11444.723611,138.338681
11444.945556,138.241897
11445.1975,138.299967
11445.475833,138.358037
11445.7575,138.261254
11446.02,138.096721
11446.295556,138.145113
11446.831389,137.999937
11447.068333,138.009615
11447.300556,138.019294
11447.555278,138.058007
11447.791667,137.999937
11448.046944,137.912832
11448.293056,137.970902
11448.578611,137.912832
11448.981389,138.028972
11449.218889,138.009615
11449.472222,137.951545
11450.054167,138.067686
11450.288056,138.16447
11450.588611,138.125756
11450.902222,138.096721
11451.166111,138.183826
11451.411944,138.106399
11451.640278,138.309645
11451.923056,138.309645
11451.932778,138.241897
11452.195278,138.232218
11452.438611,138.22254
11452.748056,138.212862
11452.980556,138.232218
11453.209444,138.28061
11453.449722,138.270932
11453.758889,138.22254
11454.748333,138.638711
11454.986389,138.599997
11455.189167,138.725816
11455.446944,138.667746
11455.925,138.667746
11455.929167,138.396751
11456.158611,138.532248
11456.4175,138.677424
11456.736389,138.512892
11456.976389,138.599997
11457.23,138.783886
11457.493889,138.609675
11457.804722,138.299967
11458.034722,138.28061
11458.268333,138.203183
11458.500278,138.193505
11458.804167,138.038651
11459.046944,138.038651
11459.288333,138.116078
11459.796111,138.067686
11460.0425,138.058007
11460.296944,138.116078
11460.537778,138.106399
11460.7975,138.028972
11461.054444,138.106399
11461.325556,138.077364
11461.613333,138.106399
11462.136944,138.16447
11462.354722,138.145113
11462.626111,138.135434
11462.963056,138.048329
11463.201667,138.183826
11463.425556,138.135434
11463.746111,138.203183
11464.2625,138.087043
11464.490278,138.096721
11464.701944,138.096721
11464.79,138.087043
11465.032778,138.203183
11465.268611,138.290289
11465.498056,138.367716
11465.801667,138.125756
11466.01,138.154791
11466.261667,138.358037
11466.515556,138.309645
11466.802222,138.338681
11467.055,138.396751
11467.303611,138.52257
11467.548889,138.52257
11467.836667,138.396751
11468.331111,138.590319
11468.566944,138.454821
11468.771111,138.454821
11468.917778,138.474178
11469.171389,138.396751
11469.417222,138.396751
11469.704444,138.4645
11469.949722,138.193505
11470.211667,138.125756
11470.475,138.135434
11470.788333,138.067686
11471.057778,137.970902
11471.320556,137.961224
11471.570278,138.009615
11471.874722,137.893475
11472.426667,138.077364
11472.764444,138.154791
11473.028889,138.212862
11473.350278,138.299967
11473.578889,138.232218
11473.874167,138.22254
11474.135833,138.338681
11474.412778,138.377394
11475.153611,138.425786
11475.431944,138.474178
11475.736944,138.406429
11475.963611,138.387073
11476.4675,138.4645
11476.775833,138.4645
11476.976944,138.609675
11477.11,138.609675
11477.227222,138.687103
11477.4625,138.561284
11477.767222,138.687103
11478.027222,138.754851
11478.274444,138.687103
11478.489722,138.812922
11478.7975,138.841957
11479.021944,138.938741
11479.302222,138.677424
11479.570278,138.541927
11479.905833,138.319324
11480.174167,138.406429
11480.396944,138.367716
11480.634167,138.174148
11480.958611,138.058007
11481.113889,138.058007
11481.516111,138.096721
11482.015833,137.951545
11482.234722,138.028972
11482.505556,138.077364
11482.835278,137.893475
11483.158889,138.116078
11483.421944,138.116078
11483.733611,138.067686
11483.914722,137.98058
11484.1425,138.058007
11484.383056,138.067686
11484.627778,138.048329
11484.946389,137.970902
11485.187222,138.096721
11485.471389,138.145113
11485.630556,138.174148
11486.210278,138.154791
11486.414722,138.183826
11486.610833,138.154791
11486.851667,138.028972
11487.133611,138.116078
11487.373889,138.106399
11487.643333,138.116078
11487.960833,137.990259
11488.2925,138.106399
11488.545556,138.125756
11488.863333,138.038651
11489.102778,138.135434
11489.439444,138.135434
11489.811389,138.154791
11490.0675,138.174148
11490.288333,138.22254
11490.556944,138.270932
11491.111944,138.319324
11491.363889,138.377394
11491.611944,138.406429
11491.937778,138.241897
11492.178333,138.338681
11492.431944,138.309645
11492.768611,138.454821
11493.019167,138.454821
11493.262778,138.474178
11493.447222,138.474178
11493.5275,138.503213
11493.855833,138.290289
11494.090833,138.299967
11494.35,138.241897
11494.625,138.232218
11494.916667,138.116078
11495.141111,138.154791
11495.3675,138.174148
11495.638333,138.145113
11495.950833,137.92251
11496.203889,137.98058
11496.426111,138.067686
11496.736944,138.116078
11496.996667,138.028972
11497.246389,138.125756
11497.5025,138.212862
11497.826389,138.087043
11498.058611,138.096721
11498.289167,138.125756
11499.092222,138.077364
11499.373333,138.106399
11499.956389,138.174148
11500.5025,138.261254
11500.837222,138.174148
11501.082222,138.290289
11501.335278,138.377394
11501.542778,138.4645
11501.840833,138.425786
11501.8725,138.425786
11502.0825,138.270932
11502.3225,138.338681
11502.610556,138.241897
11502.892778,138.319324
11503.143611,138.512892
11503.371944,138.793565
11503.619167,138.774208
11503.9075,138.590319
11504.424167,138.667746
11504.723333,138.4645
11504.950556,138.241897
11505.480556,138.270932
11505.728889,138.135434
11505.901667,138.135434
11505.964167,137.92251
11506.206667,138.009615
11506.454722,137.98058
11506.756667,137.883796
11507.006389,137.825726
11507.240833,137.912832
11507.518889,137.912832
11507.831389,137.796691
11508.108333,137.845083
11508.356944,137.835404
11508.610556,137.893475
11508.894722,137.767656
11509.133056,137.86444
11509.623333,137.893475
11509.995278,137.777334
11510.267222,137.92251
11510.5325,137.932188
11510.833889,137.787013
11511.091667,137.816048
11511.355,137.835404
11511.706667,137.845083
11511.965278,137.719264
11512.201111,137.883796
11512.394444,137.912832
11512.718056,137.941867
11512.995833,137.825726
11513.249722,138.028972
11513.523056,138.038651
11513.821944,137.961224
11514.161667,138.087043
11514.411389,138.087043
11514.414167,138.096721
11514.717778,138.135434
11514.949722,137.98058
11515.259167,138.087043
11515.53,138.116078
11516.021111,137.970902
11516.266944,138.106399
11516.495,138.125756
11516.795,138.096721
11517.285278,138.203183
11517.527222,138.261254
11517.838611,137.970902
11518.113889,138.038651
11518.361389,138.058007
11518.505556,138.058007
11518.616389,137.941867
11518.916389,137.796691
11519.149444,137.92251
11519.41,137.883796
11519.711389,137.874118
11519.943056,137.757977
11520.186389,137.92251
11520.418889,137.893475
11520.718611,138.019294
11520.971667,137.767656
11521.170833,137.912832
11521.378056,137.893475
11521.640556,138.019294
11521.925,138.019294
11522.403333,137.98058
11522.621944,138.067686
11522.921111,138.048329
11523.169444,138.193505
11523.4225,138.183826
11523.709722,138.329002
11523.940278,138.096721
11524.408333,138.367716
11524.720833,138.367716
11524.969444,138.203183
11525.201944,138.454821
11525.431111,138.416108
11525.738333,138.387073
11525.954444,138.290289
11526.203333,138.396751
11526.446944,138.261254
11526.719722,138.22254
11526.844722,138.22254
11526.975556,138.299967
11527.243611,138.416108
11527.516944,138.396751
11527.791944,138.154791
11528.032778,138.106399
11528.314167,138.174148
11528.901111,137.999937
11529.086111,138.087043
11529.294167,138.145113
11529.558333,138.096721
11529.856389,138.028972
11530.068056,138.048329
11530.296389,138.096721
11530.873889,138.038651
11530.879444,138.096721
11531.111111,138.106399
11531.362778,138.077364
11531.538611,137.961224
11532.067222,138.019294
11532.305278,138.019294
11532.554444,137.874118
11532.887778,137.941867
11533.115556,137.98058
11533.335556,137.990259
11533.630556,137.796691
11534.011667,137.903153
11534.265,137.893475
11534.493889,137.777334
11534.801667,137.825726
11535.070278,137.883796
11535.31,137.893475
11535.571944,137.806369
11535.9975,137.86444
11536.253333,137.912832
11536.53,137.874118
11536.830556,138.193505
11537.177778,138.319324
11537.438056,138.212862
11537.755556,138.241897
11538.024444,138.329002
11538.3675,138.406429
11538.731111,138.503213
11538.939444,138.648389
11539.166389,138.648389
11539.363611,138.648389
11539.441389,138.609675
11545.518333,138.609675
11545.591111,138.532248
11545.868889,138.609675
11546.136389,138.716138
11546.625556,138.406429
11546.961111,138.677424
11547.215556,138.696781
11547.493611,138.599997
11547.805278,138.948419
11548.015833,138.677424
11548.251944,138.503213
11548.810556,138.783886
11549.090278,138.870992
11549.357222,138.803243
11549.602222,138.532248
11549.863611,138.658067
11550.105833,138.561284
11550.374444,138.561284
11550.619444,138.425786
11550.958056,138.687103
11551.751667,138.154791
11551.978333,138.319324
11552.493611,137.874118
11552.828611,137.845083
11553.094722,138.106399
11553.355278,138.212862
11553.641667,138.212862
11553.888333,138.212862
11553.93,138.193505
11554.3875,138.193505
11554.724444,138.154791
11554.991111,138.232218
11555.226111,138.232218
11555.766389,138.232218
11555.793333,138.193505
11556.036944,138.241897
11556.311111,138.329002
11556.572778,138.406429
11556.88,138.696781
11557.140278,138.735494
11558.173056,138.861314
11558.646111,138.687103
11558.961667,138.832278
11559.219722,138.812922
11559.458889,138.658067
11559.767778,138.658067
11559.773333,138.706459
11560.021111,138.677424
11560.267222,138.667746
11560.8475,138.677424
11561.094444,138.754851
11561.339722,138.793565
11561.908889,138.696781
11562.171667,138.754851
11562.431944,138.687103
11562.756111,138.745173
11563.003333,138.996811
11563.891667,138.929062
11564.140833,139.074238
11564.301667,139.219414
11564.601111,138.929062
11564.888333,139.12263
11565.164167,139.190379
11565.433889,139.083916
11565.754167,138.841957
11566.036111,138.716138
11566.253889,138.541927
11566.507778,138.183826
11566.805833,138.203183
11567.059722,138.270932
11567.319167,138.193505
11567.559167,138.019294
11568.011389,138.174148
11568.265278,138.174148
11568.287778,138.135434
11568.546944,138.038651
11568.843889,138.261254
11569.121389,138.367716
11569.358889,138.28061
11569.648889,138.425786
11569.966389,138.599997
11570.22,138.387073
11570.437778,138.338681
11570.751389,138.261254
11571.016389,138.483856
11571.2775,138.435464
11571.528056,138.299967
11571.841389,138.512892
11572.108889,138.648389
11572.278611,138.648389
11572.367778,138.609675
11572.628333,138.406429
11572.946389,138.561284
11573.223611,138.58064
11573.739444,138.648389
11573.998333,138.716138
11574.253889,138.570962
11574.5175,138.677424
11574.812222,138.687103
11575.306944,138.754851
11575.573611,138.619354
11575.8825,138.483856
11576.151667,138.435464
11576.774167,138.019294
11577.064444,138.048329
11577.323333,138.038651
11577.565556,137.86444
11577.896389,137.970902
11578.157778,137.951545
11578.754444,137.835404
11579.015,137.961224
11579.245278,138.009615
11579.515833,137.883796
11579.837778,138.048329
11580.138333,138.028972
11580.712778,138.028972
11580.746111,137.990259
11581.000556,138.145113
11581.232222,138.232218
11581.702222,138.087043
11582.109167,138.203183
11582.414722,138.058007
11582.594444,137.990259
11582.901389,138.125756
11583.464722,138.106399
11583.782222,138.125756
11584.033611,138.183826
11584.576111,138.009615
11584.777778,138.009615
11584.905556,138.019294
11585.197222,138.009615
11585.431111,137.912832
11585.756389,137.845083
11586.016667,137.951545
11586.499444,137.796691
11587.220278,138.028972
11587.506111,137.845083
11587.819167,137.970902
11588.068611,137.98058
11588.313056,137.990259
11588.574167,137.835404
11588.907778,137.999937
11589.174444,138.135434
11589.4975,138.232218
11589.845,138.16447
11590.088611,138.077364
11590.379722,137.999937
11590.641111,137.835404
11590.966111,137.92251
11591.223611,137.92251
11591.5225,137.748299
11591.8325,137.806369
11592.081944,137.757977
11592.264444,137.806369
11592.491111,137.670872
11592.801389,137.796691
11593.071667,137.874118
11593.558611,137.874118
11593.563611,137.796691
11593.820278,137.961224
11594.0775,138.019294
11594.304167,137.951545
11594.57,137.932188
11594.8975,138.125756
11595.160833,138.396751
11595.407222,138.454821
11595.623889,138.290289
11595.964167,138.541927
11596.213056,138.570962
11596.4875,138.512892
11596.784444,138.667746
11597.005,138.599997
11597.273889,138.648389
11597.553056,138.754851
11597.596667,138.754851
11597.819167,138.754851
11598.073333,138.745173
11598.867222,138.890349
11599.1475,138.958097
11599.419444,138.299967
11599.724167,138.154791
11600.005,138.135434
11600.536667,138.22254
11600.861111,138.096721
11601.0675,138.135434
11601.351389,138.203183
11601.607222,138.154791
11601.915278,138.106399
11602.168889,138.087043
11602.449722,137.961224
11602.753056,137.874118
11603.0125,137.990259
11603.273889,137.999937
11603.508333,137.825726
11603.800833,137.893475
11604.323889,137.941867
11604.5825,137.835404
11604.865,137.98058
11605.092222,138.048329
11605.348333,138.038651
11605.7225,137.903153
11606.191111,138.241897
11606.34,138.241897
11606.422222,138.193505
11606.537222,138.106399
11606.826667,138.232218
11607.088333,138.135434
11607.263611,138.135434
11607.532778,138.048329
11607.828056,138.22254
11608.084444,138.241897
11608.320556,138.358037
11608.591389,138.193505
11608.909167,138.319324
11609.1825,138.377394
11609.420278,138.212862
11609.766667,138.406429
11610.029167,138.251575
11610.270278,138.338681
11610.430833,138.338681
11610.499444,138.309645
11610.817222,138.725816
11611.051944,138.706459
11611.300833,138.745173
11611.566111,138.52257
11611.886944,138.648389
11612.146389,138.696781
11612.420278,138.754851
11612.741111,138.76453
11612.970833,139.025846
11613.241667,138.812922
11613.482222,138.687103
11613.807778,138.812922
11614.080556,138.551605
11614.991111,138.8226
11615.321111,138.561284
11615.586389,138.096721
11615.956667,138.358037
11616.246944,138.241897
11616.611389,137.912832
11616.937778,138.174148
11617.188056,138.038651
11617.456667,137.912832
11617.768611,138.183826
11618.009722,138.174148
11618.5025,138.096721
11618.823611,138.251575
11619.090833,138.251575
11619.102778,138.28061
11619.378889,138.377394
11619.619444,138.261254
11619.933611,138.454821
11620.170278,138.532248
11620.424444,138.251575
11620.738611,138.270932
11621.000556,138.270932
11621.244444,138.435464
11621.486944,138.377394
11622.012778,138.309645
11622.270556,138.454821
11622.54,138.493535
11622.825,138.619354
11623.059167,138.483856
11623.103333,138.483856
11623.371944,138.367716
11623.629722,138.251575
11623.946111,138.28061
11624.207778,138.319324
11624.4175,138.512892
11624.749722,137.757977
11625.265833,137.690229
11625.517222,137.68055
11625.835833,137.56441
11626.097222,137.845083
11626.3675,137.874118
11626.912778,137.951545
11627.166389,137.932188
11627.435833,137.98058
11627.753889,138.058007
11628.021111,138.028972
11628.313333,138.087043
11628.555,137.951545
11629.059444,138.019294
11629.108056,138.019294
11629.128611,137.999937
11629.282778,137.941867
11629.521667,137.845083
11629.878889,137.961224
11629.963056,137.903153
11630.250278,137.893475
11630.528056,137.796691
11630.816111,137.835404
11631.1125,137.845083
11631.354722,137.941867
11631.6125,137.941867
11631.615278,137.990259
11631.748611,137.970902
11631.995278,137.932188
11632.2225,137.990259
11632.513333,137.932188
11632.835278,137.961224
11633.116944,138.232218
11633.314722,138.096721
11633.854444,138.338681
11634.113889,138.329002
11634.375833,138.4645
11634.626111,138.716138
11634.933333,138.76453
11635.408333,138.629032
11635.630556,138.629032
11635.957778,138.667746
11636.227778,138.76453
11636.515278,139.016168
11636.836389,139.190379
11637.108889,139.006489
11637.353333,139.219414
11637.625833,139.006489
11637.957222,138.745173
11638.232778,138.609675
11638.499167,138.493535
11638.906944,138.696781
11639.482222,138.16447
11639.814167,138.416108
11640.041389,138.319324
11640.303611,138.309645
11640.556111,138.270932
11640.876667,138.299967
11641.1825,138.125756
11641.448056,137.912832
11641.723889,138.077364
11641.990833,138.038651
11642.249167,138.096721
11642.474722,138.009615
11642.800278,138.16447
11643.040833,138.058007
11643.5575,138.251575
11643.847222,138.048329
11644.060278,138.048329
11644.0925,137.990259
11644.371111,138.377394
11644.947222,138.067686
11645.205,138.077364
11645.455,137.767656
11645.758333,137.728942
11646.042778,137.903153
11646.3175,137.98058
11646.590556,138.241897
11646.888889,138.241897
11647.135,138.193505
11647.602222,137.999937
11647.925833,137.845083
11648.082778,137.845083
11648.721667,137.709585
11648.97,137.825726
11649.223056,137.883796
11649.509722,137.777334
11649.843611,137.506339
11650.116944,137.32245
11650.372778,137.283736
11650.637778,137.177274
11650.955833,137.457947
11651.203889,137.593445
11651.475278,137.603123
11651.801111,137.583766
11652.053611,137.574088
11652.493889,137.603123
11652.805556,137.699907
11653.635833,137.690229
11654.059444,137.699907
11654.647222,137.690229
11654.929167,137.816048
11655.195833,137.748299
11655.488889,137.709585
11655.796944,137.796691
11656.009167,137.787013
11656.254444,137.893475
11656.300278,137.893475
11656.532222,137.883796
11656.861111,137.825726
11657.115556,137.825726
11657.354444,137.816048
11657.844722,138.009615
11658.0575,137.999937
11658.293056,138.106399
11658.897778,138.28061
11659.364444,138.087043
11659.883056,138.203183
11660.123333,138.106399
11660.383056,138.106399
11660.393889,138.232218
11660.639722,138.193505
11661.126944,138.145113
11661.399722,138.038651
11661.7125,138.009615
11661.981944,137.835404
11662.256667,137.806369
11662.521111,137.748299
11662.828611,137.825726
11663.087222,137.738621
11663.351944,137.603123
11663.607778,137.62248
11663.895278,137.767656
11664.174444,137.699907
11664.434167,137.641837
11665.062778,137.86444
11665.304444,137.816048
11665.578889,137.709585
11665.913056,138.125756
11666.185556,137.825726
11666.418056,137.719264
11666.714444,137.835404
11666.991944,137.796691
11667.231389,137.690229
11667.499167,137.603123
11667.812222,137.757977
11668.076389,137.951545
11668.340278,137.777334
11668.588611,137.777334
11668.595278,137.912832
11668.921389,137.893475
11669.199444,137.912832
11669.44,138.135434
11669.7575,138.22254
11670.349444,138.425786
11670.603889,138.474178
11670.896389,138.541927
11671.243611,138.512892
11671.833333,138.028972
11672.098889,137.86444
11672.425556,137.651515
11672.591944,137.651515
11672.732222,137.56441
11673.232222,137.612802
11673.4725,137.593445
11673.7425,137.612802
11673.998611,137.603123
11674.264167,137.603123
11674.507222,137.632158
11674.833333,137.709585
11675.07,137.670872
11675.225,137.632158
11675.496944,137.535374
11675.82,137.612802
11676.319444,137.603123
11676.588056,137.574088
11676.898333,137.719264
11677.181111,137.757977
11677.459722,137.641837
11678.266667,137.690229
11678.455,137.593445
11678.98,137.690229
11679.245,137.709585
11679.464167,137.62248
11679.786944,137.748299
11679.991667,137.709585
11680.275556,137.690229
11680.560278,137.787013
11680.896389,137.86444
11681.156667,137.86444
11681.161667,137.845083
11681.436389,137.777334
11681.748611,138.019294
11681.973333,137.903153
11682.215833,137.806369
11682.462778,137.728942
11682.756667,137.912832
11682.966111,137.893475
11683.200833,137.825726
11683.715556,137.748299
11683.973889,137.719264
11684.211111,137.719264
11684.440833,137.62248
11685.027222,137.777334
11685.157778,137.777334
11686.298889,137.574088
11686.592778,137.535374
11686.889167,137.574088
11687.1475,137.486983
11687.409722,137.477304
11688.343056,137.496661
11688.575833,137.496661
11688.883611,137.554731
11689.148611,137.68055
11689.407222,137.68055
11689.728889,137.796691
11690.241111,137.835404
11690.504722,137.796691
11690.829444,137.845083
11691.109722,137.709585
11691.365833,137.796691
11691.719722,137.787013
11691.955,137.835404
11692.280556,137.990259
11692.515,137.941867
11692.791667,138.16447
11693.272778,138.16447
11693.282222,138.22254
11693.547222,138.067686
11693.839444,138.290289
11694.096389,138.309645
11694.354444,138.435464
11694.625833,138.329002
11694.913611,138.251575
11695.16,138.290289
11695.426389,138.28061
11696.236111,138.22254
11696.499167,137.961224
11696.802778,137.86444
11697.315,137.86444
11697.320278,137.835404
11697.613889,137.777334
11697.945556,137.748299
11698.1625,137.757977
11698.448611,137.728942
11698.777778,137.796691
11699.068611,137.835404
11699.34,137.806369
11699.579722,137.816048
11699.8675,137.806369
11700.141667,137.787013
11700.742222,137.728942
11701.273611,137.796691
11701.638889,137.796691
11702.081944,137.883796
11702.369722,137.835404
11702.618333,137.835404
11702.9075,137.874118
11703.184167,137.883796
11703.442222,137.796691
11704.006389,137.806369
11704.261667,137.883796
11704.500833,137.86444
11704.804722,137.874118
11705.066389,137.86444
11705.32,137.912832
11705.568611,137.825726
11706.1425,137.825726
11706.150833,138.019294
11706.390278,138.048329
11706.609444,138.038651
11706.855556,138.241897
11707.111944,138.425786
11707.338056,138.416108
11707.611667,138.22254
11707.935278,138.183826
11708.229722,138.241897
11708.485556,137.883796
11708.907222,138.009615
11709.186944,137.912832
11709.431389,137.92251
11709.756667,137.835404
11709.988333,137.748299
11710.226667,137.748299
11710.51,137.535374
11710.8325,137.506339
11711.099444,137.457947
11711.349444,137.448269
11711.583889,137.399877
11711.895833,137.516018
11712.168333,137.457947
11712.807222,137.535374
11713.077222,137.612802
11713.636111,137.603123
11713.960556,137.68055
11714.222778,137.641837
11714.474444,137.486983
11714.796944,137.68055
11714.993056,137.825726
11715.249722,137.670872
11715.529444,137.690229
11715.825556,137.787013
11716.094722,137.970902
11716.3575,137.903153
11716.5725,137.806369
11717.052778,137.68055
11717.331389,137.554731
11717.584722,137.661194
11718.1575,137.467626
11718.418889,137.632158
11718.731389,137.632158
11718.735278,137.583766
11719.005278,137.641837
11719.299167,137.612802
11719.543333,137.419234
11719.833056,137.293415
11720.074167,137.196631
11720.339167,137.409555
11720.570556,137.370842
11720.784167,137.341807
11721.043333,137.370842
11721.274167,137.38052
11721.527222,137.448269
11721.835833,137.409555
11722.13,137.312772
11722.422778,137.26438
11722.742778,137.26438
11722.84,137.312772
11723.113611,137.254701
11723.390278,137.274058
11723.605833,137.157917
11723.9075,137.157917
11724.186111,137.206309
11724.385278,137.26438
11724.655278,137.215988
11724.964167,137.32245
11725.607222,137.274058
11726.126389,137.274058
11726.390833,137.312772
11726.727222,137.225666
11726.995833,137.274058
11727.2325,137.26438
11727.823611,137.303093
11728.0575,137.26438
11728.304167,137.283736
11728.521389,137.303093
11728.805556,137.399877
11729.02,137.38052
11729.551667,137.361163
11729.872222,137.486983
11730.062222,137.486983
11730.139444,137.467626
11730.392778,137.554731
11730.936389,137.728942
11731.179722,137.670872
11731.481944,137.641837
11732.093333,137.728942
11732.63,137.699907
11732.95,137.796691
11733.1875,137.748299
11733.451111,137.670872
11733.746111,137.612802
11733.996111,137.574088
11734.150833,137.574088
11734.255278,137.506339
11734.498333,137.448269
11734.830833,137.448269
11735.081389,137.38052
11735.345556,137.361163
11735.586944,137.312772
11735.857222,137.341807
11736.121667,137.312772
11736.313333,137.332128
11736.547222,137.312772
11736.853611,137.467626
11737.124167,137.467626
11737.350833,137.361163
11737.616667,137.32245
11738.181111,137.390199
11738.4525,137.361163
11738.746389,137.399877
11739.008333,137.56441
11739.264167,137.787013
11739.492778,137.612802
11739.818333,137.835404
11740.066111,137.893475
11740.328056,137.738621
11740.566389,137.62248
11740.917222,137.68055
11741.167222,137.68055
11741.425278,137.767656
11741.739722,137.777334
11741.9875,137.806369
11742.234722,138.067686
11742.491111,138.067686
11742.794444,138.019294
11743.046944,138.154791
11743.301389,138.106399
11743.869444,137.651515
11744.418611,137.583766
11744.745833,137.457947
11745.001667,137.457947
11745.181667,137.457947
11745.284722,137.506339
11745.528611,137.438591
11745.8275,137.525696
11746.078056,137.496661
11746.322778,137.409555
11746.906389,137.486983
11747.144722,137.457947
11747.435,137.448269
11747.746944,137.486983
11748.029444,137.516018
11748.505556,137.419234
11748.795278,137.486983
11748.982222,137.467626
11749.245,137.477304
11749.705278,137.477304
11750.616944,137.516018
11750.931111,137.525696
11751.161389,137.457947
11751.420833,137.467626
11752.0675,137.448269
11752.0725,137.448269
11752.572778,137.370842
11752.914722,137.467626
11753.178333,137.545053
11753.441389,137.438591
11754.044167,137.545053
11754.286389,137.56441
11754.611389,137.603123
11754.967222,137.719264
11755.815833,137.777334
11756.0725,137.777334
11756.075556,137.728942
11756.311389,137.719264
11756.575,137.709585
11756.898333,137.777334
11757.180556,137.796691
11757.768056,137.535374
11758.036389,137.438591
11758.275833,137.486983
11758.540556,137.428912
11758.863611,137.419234
11759.119722,137.370842
11759.390556,137.332128
11759.645833,137.283736
11759.989444,137.283736
11760.272222,137.496661
11760.543611,137.457947
11761.136389,137.496661
11761.709444,137.56441
11761.975833,137.593445
11762.2275,137.477304
11762.452222,137.32245
11762.7675,137.457947
11763.028889,137.535374
11763.2825,137.535374
11763.309722,137.506339
11763.550833,137.457947
11763.892778,137.525696
11764.161389,137.457947
11764.428333,137.457947
11764.9875,137.632158
11765.218889,137.612802
11765.499167,137.535374
11765.827778,137.883796
11766.1025,137.893475
11766.638889,137.825726
11766.946944,137.961224
11767.212778,137.874118
11767.3,137.874118
11767.483611,137.477304
11767.808611,137.554731
11768.066389,137.516018
11768.580833,137.56441
11768.890278,137.603123
11769.148889,137.583766
11769.398611,137.651515
11769.710556,137.535374
11769.999444,137.583766
11770.208889,137.593445
11770.485278,137.428912
11770.808889,137.486983
11771.096111,137.525696
11771.367222,137.486983
11771.624444,137.506339
11771.945278,137.525696
11772.185556,137.457947
11772.428611,137.457947
11772.760833,137.583766
11773.034444,137.496661
11773.269167,137.457947
11773.464444,137.448269
11773.635278,137.516018
11774.236389,137.62248
11774.501944,137.62248
11774.508889,137.428912
11774.838889,137.448269
11775.101111,137.525696
11775.321111,137.477304
11775.850833,137.535374
11776.118333,137.496661
11776.38,137.525696
11776.730278,137.545053
11777.048056,137.912832
11777.291667,137.92251
11777.534444,137.777334
11777.854167,137.738621
11778.115,137.719264
11778.350556,137.699907
11778.52,137.699907
11778.625278,137.62248
11778.934167,137.748299
11779.185278,137.748299
11779.426667,137.661194
11779.775833,137.941867
11780.023611,137.941867
11780.270278,137.990259
11780.531667,137.98058
11780.794444,138.028972
11781.068333,138.299967
11781.336944,138.232218
11781.589722,138.028972
11782.159444,137.86444
11782.4225,137.757977
11782.731667,137.757977
11783.528333,137.748299
11783.851111,137.767656
11784.135556,137.525696
11784.389722,137.477304
11784.645833,137.409555
11784.996944,137.457947
11785.2875,137.361163
11785.565278,137.254701
11785.778333,137.254701
11785.905833,137.332128
11786.242778,137.274058
11786.518611,137.438591
11786.814722,137.486983
11787.083056,137.554731
11787.314722,137.612802
11787.578333,137.62248
11787.891944,137.728942
11788.167222,137.787013
11788.418611,137.68055
11788.995833,137.825726
11789.400278,137.641837
11789.644444,137.68055
11789.87,137.68055
11789.980278,137.641837
11790.220556,137.699907
11790.469167,138.019294
11791.019444,137.951545
11791.272778,137.874118
11791.523333,137.777334
11791.834167,137.690229
11792.480833,138.019294
11792.784444,137.699907
11793.060833,137.68055
11793.313333,137.941867
11793.573611,137.990259
11793.887222,137.719264
11794.4175,137.641837
11794.754167,137.545053
11795.025556,137.516018
11795.302222,137.399877
11795.545833,137.361163
11795.876389,137.370842
11796.146667,137.283736
11796.416944,137.283736
11796.745556,137.303093
11796.9875,137.438591
11797.245833,137.438591
11797.253889,137.641837
11797.638611,137.428912
11798.093889,137.574088
11798.341944,137.496661
11798.591667,137.361163
11798.919722,137.545053
11799.1775,137.593445
11799.451944,137.535374
11800.062778,137.738621
11800.324167,137.932188
11800.872778,138.145113
11801.1375,137.409555
11801.286667,137.409555
11801.403056,137.186953
11801.6425,137.177274
11801.946667,137.003063
11802.531111,137.012742
11802.866944,137.128882
11803.13,137.032098
11803.3725,137.157917
11803.619444,137.186953
11803.955,137.32245
11804.204722,137.361163
11804.460556,137.274058
11804.765278,137.409555
11805.045,137.245023
11805.3025,137.516018
11805.573611,137.477304
11805.918889,137.138561
11806.167778,136.993385
11806.425278,136.983706
11806.746389,136.915958
11807.253333,137.167596
11807.502778,136.935314
11807.8175,136.751425
11808.528611,136.751425
11808.829722,137.128882
11809.09,137.051455
11809.341389,137.02242
11809.600278,137.061133
11809.853333,137.225666
11810.115278,137.206309
11810.389722,137.061133
11810.706111,137.08049
11810.938611,137.206309
11811.207222,137.215988
11811.449722,137.090169
11812.022778,137.361163
11812.281111,137.332128
11812.497222,137.467626
11812.537222,137.467626
11812.783611,137.370842
11813.050833,137.448269
11813.295278,137.496661
11813.541667,137.467626
11814.024444,137.641837
11814.269444,137.92251
11814.525833,137.874118
11814.829722,137.98058
11815.081667,137.835404
11815.366667,137.670872
11815.606389,137.390199
11815.894167,137.32245
11816.146667,137.38052
11816.353056,137.641837
11816.548333,137.554731
11817.1275,137.661194
11817.348889,138.125756
11817.576944,137.806369
11817.876111,137.428912
11818.1325,137.399877
11818.366111,137.38052
11818.9325,137.38052
11819.182778,137.274058
11819.425556,137.409555
11819.714167,137.409555
11819.833333,137.361163
11820.103611,137.26438
11820.624444,137.361163
11820.960278,137.361163
11821.326944,137.438591
11821.516944,137.167596
11822.0275,137.361163
11822.270833,137.332128
11822.529444,137.235344
11822.769167,137.283736
11822.985278,137.332128
11823.261389,137.157917
11823.500556,137.090169
11823.784722,137.090169
11823.849444,137.090169
11824.098056,136.954671
11824.393889,137.061133
11824.7375,137.157917
11825.028333,137.235344
11825.363333,137.235344
11825.770556,137.206309
11826.006944,137.254701
11826.538333,137.215988
11827.091667,137.477304
11827.368889,137.516018
11827.608333,137.56441
11827.873056,137.699907
11828.072222,137.525696
11828.307222,137.603123
11828.573611,137.399877
11828.854722,137.467626
11829.109167,137.516018
11829.335,137.709585
11829.618056,137.593445
11830.168889,137.486983
11830.423056,137.341807
11830.746389,137.215988
11830.999444,137.215988
11831.004444,137.254701
11831.2625,137.157917
11831.497222,136.96435
11831.820278,137.070812
11832.066944,137.138561
11832.315556,137.128882
11832.582778,137.109525
11832.910833,137.148239
11833.19,137.02242
11833.455278,136.925636
11833.757222,137.003063
11834.09,137.061133
11834.349167,137.109525
11834.608056,137.157917
11835.054722,137.148239
11835.405556,137.274058
11835.709167,137.274058
11835.998056,137.303093
11836.258889,137.274058
11836.512222,137.070812
11836.791944,137.041777
11837.049444,137.099847
11837.295833,137.312772
11837.573056,137.390199
11837.930278,137.215988
11838.172222,137.303093
11838.473056,137.293415
11838.7975,137.574088
11839.285278,137.419234
11839.59,137.206309
11840.183333,137.186953
11840.458056,137.399877
11840.775,137.235344
11841.274167,137.138561
11841.516667,137.196631
11841.842222,137.157917
11842.1125,137.012742
11842.251389,137.012742
11842.349444,137.012742
11842.904167,137.148239
11843.163333,136.906279
11843.426111,136.78046
11843.758889,136.896601
11844.014444,136.78046
11844.258889,136.78046
11844.508333,136.819174
11844.784444,136.954671
11844.982778,136.838531
11845.258333,136.790139
11845.408611,136.809495
11846.130833,136.877244
11846.289444,136.877244
11846.391111,136.857887
11846.706667,136.867566
11846.981111,136.867566
11847.184167,136.819174
11847.412222,136.896601
11847.735278,137.109525
11848.003056,137.167596
11848.270278,136.96435
11848.483889,136.974028
11848.786667,137.119204
11849.061111,137.061133
11849.558333,137.041777
11850.13,136.96435
11850.367778,136.944993
11850.648056,137.099847
11850.974722,137.109525
11851.198611,137.003063
11851.748611,137.08049
11852.001111,137.041777
11852.27,137.051455
11852.513333,136.974028
11852.815278,137.186953
11853.068333,137.235344
11853.3375,137.312772
11853.557778,137.312772
11853.569444,137.167596
11853.878889,137.235344
11854.452222,136.983706
11854.752222,136.925636
11854.991111,136.906279
11855.254444,136.886923
11855.488333,136.761103
11855.83,136.857887
11856.083333,136.78046
11856.342778,136.828852
11856.565556,136.790139
11857.049722,136.944993
11857.327222,136.886923
11857.593611,136.886923
11857.614722,136.799817
11857.893611,136.857887
11858.138056,136.828852
11858.365833,136.790139
11858.637222,136.799817
11859.242778,136.935314
11859.515278,136.886923
11859.797778,136.857887
11860.638333,136.867566
11860.929167,136.896601
11861.391111,136.983706
11861.9325,137.390199
11862.195556,137.535374
11862.449444,137.390199
11862.751667,137.361163
11862.983611,137.448269
11863.265833,137.467626
11863.481944,137.254701
11863.789167,137.051455
11864.016944,137.08049
11864.280278,137.012742
11864.544167,136.915958
11864.859167,137.02242
11864.909167,137.02242
11865.096389,137.012742
11865.346111,137.157917
11865.604167,137.012742
11865.956389,136.935314
11866.291667,137.090169
11866.779722,136.974028
11867.026389,136.993385
11867.294722,137.012742
11867.471111,136.993385
11867.737778,137.003063
11868.011944,137.012742
11868.2425,136.974028
11868.759444,137.012742
11868.985,137.012742
11869.075833,137.003063
11869.35,136.877244
11869.631389,136.944993
11870.173056,136.993385
11870.386389,137.02242
11870.936389,137.051455
11871.202778,137.012742
11871.456389,136.96435
11871.759722,137.003063
11872.046944,136.896601
11872.582222,136.886923
11873.106667,136.886923
11873.365833,136.974028
11873.621667,136.935314
11873.910278,136.993385
11874.157222,136.867566
11874.418611,136.838531
11874.735,136.896601
11875.504444,136.751425
11875.806667,136.770782
11876.016389,136.751425
11876.295556,136.867566
11876.349444,136.867566
11876.561944,136.838531
11876.885556,136.915958
11877.236944,136.915958
11877.838056,136.993385
11878.122778,136.838531
11878.3675,136.877244
11878.629444,136.819174
11878.921944,136.761103
11879.153889,136.693355
11879.404444,136.741747
11879.723333,136.586893
11880.008611,136.654641
11880.267778,136.673998
11880.361111,136.673998
11880.513333,136.577214
11880.828611,136.499787
11881.143333,136.732068
11881.396389,136.906279
11881.724444,136.654641
11882.000833,136.741747
11882.220278,136.654641
11883.050278,136.693355
11883.238611,136.693355
11883.486389,136.703033
11883.816944,136.548179
11884.082222,136.548179
11884.3275,136.644963
11884.565278,136.606249
11884.890556,136.528822
11885.135556,136.577214
11885.382778,136.751425
11885.636389,136.770782
11886.226667,137.012742
11886.485833,136.974028
11886.797778,136.974028
11887.024167,137.496661
11887.289167,137.293415
11887.543056,137.070812
11887.759444,137.070812
11888.086667,136.993385
11888.341944,137.138561
11888.921667,136.72239
11889.175278,136.857887
11889.431944,136.867566
11889.728611,136.596571
11890.494722,136.761103
11890.784722,136.712712
11891.015556,136.751425
11891.495,136.857887
11891.788889,136.857887
11891.805556,136.799817
11892.061944,136.673998
11892.322222,136.683676
11892.539444,136.625606
11892.814444,136.66432
11893.0675,136.693355
11893.319444,136.72239
11893.596667,136.586893
11894.186944,136.66432
11894.395278,136.66432
11894.725556,136.557857
11894.955278,136.673998
11895.223056,136.673998
11895.472778,136.693355
11895.756944,136.693355
11896.037778,136.78046
11896.291111,136.770782
11896.857222,136.557857
11897.115,136.654641
11897.365833,136.703033
11897.646667,136.557857
11897.938333,136.712712
11898.208056,136.761103
11898.452222,136.72239
11898.731667,136.654641
11898.980833,136.886923
11899.061667,136.886923
11899.246944,136.954671
11899.518333,136.896601
11899.824167,136.809495
11900.107222,136.915958
11900.388611,137.128882
11900.628056,136.857887
11900.928611,137.032098
11901.191944,137.215988
11901.450278,137.438591
11901.742778,137.409555
11902.012222,137.467626
11902.309722,137.341807
11902.564444,137.090169
11902.923333,137.128882
11903.128889,137.128882
11903.165556,137.245023
11903.411667,137.08049
11903.727222,137.051455
11903.990278,137.196631
11904.243333,137.148239
11904.476111,137.099847
11904.7475,137.099847
11905.011944,137.109525
11905.289722,137.167596
11905.56,137.012742
11905.849167,137.119204
11906.101667,137.003063
11906.311389,136.954671
11906.558333,136.925636
11906.88,137.08049
11907.167778,136.983706
11907.413889,137.090169
11907.72,137.012742
11907.959444,136.944993
11908.234722,137.148239
11908.469167,137.177274
11908.736111,137.119204
11909.256389,137.245023
11909.5025,137.457947
11909.793889,137.632158
11910.033333,137.56441
11910.178333,137.56441
11910.403056,138.067686
11910.645833,137.148239
11910.960833,137.070812
11911.268611,137.128882
11911.455833,136.944993
11911.748611,136.673998
11912.017778,136.72239
11912.390278,136.867566
11912.703056,136.683676
11912.969167,136.615928
11913.211667,136.66432
11913.485,136.703033
11913.790833,136.557857
11914.013056,136.528822
11914.221389,136.528822
11914.2975,136.461073
11914.535,136.219114
11914.841389,136.12233
11915.102222,136.161043
11915.623333,136.141687
11915.9175,136.209435
11916.180833,136.267506
11916.458611,136.199757
11916.725278,136.083616
11916.895,136.190079
11917.146944,136.277184
11917.395,136.383646
11917.731944,136.248149
11918.216111,136.42236
11918.458333,136.315898
11918.729444,136.132008
11919.004167,136.248149
11919.253611,136.383646
11919.481667,136.277184
11919.756389,136.170722
11920.280833,136.257827
11920.605,136.093295
11920.945278,136.170722
11921.201389,136.238471
11921.481389,136.238471
11921.75,136.093295
11922.064722,136.161043
11922.319722,136.209435
11922.533333,136.054581
11922.843889,136.151365
11923.082778,136.161043
11923.300278,136.325576
11923.546389,136.132008
11923.830278,136.209435
11924.073611,136.190079
11924.294167,136.373968
11924.568889,136.219114
11924.861944,136.36429
11925.106667,136.393325
11925.350278,136.499787
11925.483333,136.499787
11925.617222,136.209435
11925.936111,136.132008
11926.163611,136.199757
11926.4525,136.209435
11926.7575,135.986833
11927.017778,136.054581
11927.255556,136.1804
11927.495556,136.093295
11927.785833,135.919084
11928.026667,136.151365
11928.266111,136.296541
11928.530833,136.1804
11928.861944,136.209435
11929.105278,136.141687
11929.326111,136.306219
11929.573889,136.209435
11929.951389,136.277184
11930.258889,136.325576
11930.801389,136.238471
11931.021111,136.257827
11931.711944,136.1804
11931.965556,136.248149
11932.238611,136.36429
11932.483333,136.1804
11932.778056,136.257827
11932.906111,136.257827
11932.986389,136.257827
11933.507222,136.470752
11933.803611,136.48043
11934.032222,136.548179
11934.276667,136.586893
11934.500833,136.586893
11934.844722,136.896601
11935.070278,136.944993
11935.564444,136.877244
11935.910833,136.857887
11936.162222,136.828852
11936.418333,136.790139
11936.744722,136.528822
11936.981944,136.528822
11936.9875,136.548179
11937.229167,136.519144
11937.498056,136.42236
11937.837778,136.48043
11938.317222,136.703033
11938.562778,136.635284
11938.853611,136.770782
11939.072778,136.751425
11939.59,136.741747
11939.874444,136.751425
11940.123889,136.693355
11940.3625,136.751425
11940.626944,136.577214
11940.914722,136.586893
11941.151389,136.66432
11941.393333,136.693355
11941.742222,136.528822
11941.7425,136.528822
11942.188889,136.770782
11942.418889,136.741747
11942.62,136.528822
11942.958889,136.644963
11943.195833,136.770782
11943.414167,136.751425
11943.737778,136.596571
11943.996389,136.673998
11944.252222,136.673998
11944.255,136.770782
11944.484722,136.712712
11944.779444,136.635284
11945.008056,136.732068
11945.265833,136.906279
11945.502778,136.741747
11945.790278,136.644963
11946.042222,136.732068
11946.283611,136.867566
11946.517778,136.712712
11946.787222,136.683676
11947.022778,136.78046
11947.278333,136.96435
11947.528889,136.741747
11947.770556,136.741747
11948.009444,136.906279
11948.256111,136.906279
11948.265833,137.003063
11948.536944,136.857887
11948.813333,136.809495
11949.321389,137.032098
11949.605278,136.828852
11949.904167,136.809495
11950.163889,136.877244
11950.446944,136.809495
11950.759722,136.683676
11951.030278,136.741747
11951.288333,136.732068
11951.555833,136.557857
11951.896944,136.644963
11952.170278,136.606249
11952.466667,136.606249
11952.738889,136.644963
11952.993056,136.78046
11953.478056,136.683676
11953.774167,136.770782
11954.001111,136.896601
11954.189167,136.732068
11954.430556,136.644963
11954.739167,136.586893
11955.006111,136.78046
11955.26,136.751425
11955.483611,136.761103
11955.704167,136.761103
11956.045,136.857887
11956.309444,136.925636
11956.568056,136.819174
11956.856389,137.041777
11957.108333,137.177274
11957.355278,137.332128
11957.621944,137.26438
11958.114722,137.448269
11958.340278,137.699907
11958.932222,137.56441
11959.205556,138.125756
11959.775556,136.799817
11959.777222,136.770782
11960.009722,136.548179
11960.273333,136.761103
11960.555833,136.644963
11961.081389,136.596571
11961.326111,136.819174
11961.602222,136.490109
11961.907222,136.344933
11962.392222,136.286863
11962.637778,136.035224
11963.476111,136.12233
11963.757778,135.977154
11964.006111,136.035224
11964.264444,136.083616
11964.496667,135.977154
11964.775,135.948119
11965.021944,136.006189
11965.721111,135.890049
11965.721389,135.890049
11966.386944,136.006189
11966.620556,135.890049
11966.884167,135.890049
11966.908889,136.044903
11967.134167,136.06426
11967.376944,136.228792
11967.62,135.957797
11967.940833,136.073938
11968.191111,136.093295
11968.416389,136.170722
11968.727778,136.015868
11968.981111,136.073938
11969.231111,136.190079
11969.900833,136.12233
11970.148611,136.12233
11970.371389,136.1804
11970.625833,136.073938
11970.880833,136.1804
11970.919722,136.1804
11971.102222,136.277184
11971.411944,136.199757
11971.728611,136.054581
11971.949167,136.161043
11972.212778,136.161043
11972.471667,136.209435
11972.766667,136.335254
11973.092222,136.209435
11973.3875,136.112652
11973.603333,136.083616
11973.905833,136.257827
11974.139722,136.151365
11974.415,135.977154
11975.049167,135.957797
11975.310278,135.841657
11975.5225,135.783586
11975.841111,136.044903
11976.102778,135.802943
11976.636389,135.986833
11976.962222,136.209435
11977.257222,136.025546
11977.478889,135.899727
11977.7825,136.315898
11978.072778,136.315898
11978.276667,135.967476
11978.535,135.841657
11978.801389,136.044903
11979.070833,135.890049
11979.355,135.793265
11979.890833,135.967476
11980.147778,135.812622
11980.428333,135.706159
11980.751111,136.006189
11981.252778,135.967476
11981.494167,136.015868
11982.090278,136.015868
11982.24,136.461073
11982.516944,136.248149
11982.825,136.615928
11983.0875,136.509465
11983.322778,136.461073
11983.822222,136.461073
11984.080833,136.306219
11984.327222,136.296541
11984.589167,136.248149
11984.858333,136.451395
11985.098333,136.199757
11985.346944,136.141687
11985.601667,136.132008
11985.898611,136.132008
11986.148889,135.996511
11986.633333,135.909405
11986.946111,135.986833
11987.435833,135.754551
11987.777222,135.977154
11988.009167,135.909405
11988.525,135.648089
11988.838056,135.793265
11989.098056,135.793265
11989.313333,135.754551
11989.602778,135.783586
11990.158889,135.754551
11990.416389,135.735194
11990.642222,135.735194
11990.875,135.938441
11991.127222,135.744873
11991.378889,135.744873
11991.763056,135.744873
11992.014444,136.006189
11992.238056,136.006189
11992.498056,135.957797
11993.102778,135.957797
11993.156389,136.1804
11993.418611,136.112652
11993.644167,136.132008
11993.931944,136.1804
11994.168611,136.044903
11994.416667,136.083616
11994.732222,136.1804
11994.990278,136.141687
11995.215,136.073938
11995.457778,136.015868
11995.753333,136.161043
11995.993333,136.141687
11996.268333,136.151365
11996.555278,136.12233
11996.859167,136.306219
11997.125833,136.06426
11997.405556,136.257827
11997.708611,136.499787
11997.911111,136.548179
11998.411111,136.42236
11998.738056,136.373968
11999.005,136.441717
11999.240833,136.490109
11999.818611,136.199757
12000.074167,136.306219
12000.316111,136.190079
12000.3675,136.190079
12000.565556,136.035224
12000.89,136.315898
12001.168333,136.296541
12001.461944,136.054581
12002.041944,136.412682
12002.288333,136.151365
12002.530833,136.044903
12002.834167,136.228792
12003.351111,136.151365
12003.739722,136.209435
12003.999444,136.519144
12004.369722,136.519144
12004.511944,136.238471
12005.081389,136.732068
12005.355278,136.325576
12005.764444,136.199757
12006.012778,136.625606
12006.253611,136.548179
12006.517222,136.277184
12006.833333,136.499787
12007.090278,136.528822
12007.403333,136.567536
12007.711111,136.344933
12008.2075,136.412682
12008.4175,136.219114
12008.751389,135.967476
12009.321667,136.132008
12009.584167,135.977154
12009.891111,136.151365
12010.135,136.12233
12010.406111,136.015868
12010.729722,135.793265
12010.978889,136.015868
12011.421389,136.006189
12011.542778,136.006189
12011.806667,135.861013
12012.059722,135.977154
12012.624722,135.773908
12012.939167,135.967476
12013.435833,135.938441
12013.624444,135.841657
12014.2825,135.88037
12014.512778,135.831978
12014.821944,135.88037
12015.094167,136.015868
12015.340833,135.957797
12015.544444,135.957797
12015.569722,135.88037
12015.854722,135.831978
12016.136944,135.928762
12016.622222,135.793265
12016.911111,135.986833
12017.246111,135.948119
12017.498611,135.890049
12018.072222,136.073938
12018.305833,136.073938
12018.578333,136.006189
12018.889167,136.035224
12019.156667,136.073938
12019.420833,135.996511
12019.737222,135.861013
12020.481389,135.890049
12020.815556,135.919084
12021.080833,136.06426
12021.361389,136.073938
12021.907222,135.967476
12022.158056,135.977154
12022.408333,135.957797
12022.459722,135.957797
12022.971667,135.957797
12023.245833,135.841657
12023.453889,135.76423
12023.791667,135.638411
12024.058056,135.619054
12024.311944,135.648089
12024.559444,135.590019
12024.872778,135.599697
12025.410556,135.735194
12025.649722,135.58034
12026.236944,135.512592
12026.484444,135.512592
12026.500833,135.677124
12027.045556,135.686803
12027.264444,135.754551
12027.501389,135.76423
12027.816944,135.715838
12028.105278,135.696481
12028.393333,135.890049
12028.610833,135.831978
12028.919722,135.909405
12029.175,135.928762
12029.439444,136.277184
12029.754167,136.267506
12030.046667,136.703033
12030.561111,136.606249
12030.881389,136.36429
12031.139444,136.412682
12031.383889,136.673998
12031.943333,136.499787
12032.200278,136.228792
12032.437222,136.228792
12032.741667,135.88037
12033.247222,135.88037
12033.811111,135.861013
12034.0325,135.861013
12034.045278,135.831978
12034.645278,135.909405
12034.973056,135.948119
12035.2425,135.938441
12037.377222,135.706159
12038.047222,135.706159
12038.207222,135.4642
12038.430833,135.570662
12039.028056,135.4642
12039.304167,135.560983
12039.517222,135.560983
12039.805833,135.444843
12040.070278,135.444843
12040.367778,135.590019
12040.884722,135.531948
12041.135556,135.52227
12041.921111,135.599697
12042.166389,135.628732
12042.421944,135.812622
12042.739167,135.619054
12042.972778,135.677124
12043.221389,135.696481
12043.558611,135.802943
12043.889722,135.667446
12044.178611,135.677124
12044.412222,135.735194
12044.712778,135.58034
12044.963056,135.58034
12044.986111,135.793265
12045.228889,135.812622
12045.502778,135.88037
12046.086944,135.812622
12046.355,135.802943
12046.589722,135.715838
12046.909167,135.841657
12047.183333,135.706159
12047.4375,135.686803
12047.745,135.657767
12048.009444,135.473878
12048.241667,135.367416
12048.468611,135.435164
12048.770278,135.667446
12048.968056,135.667446
12049.056111,135.58034
12049.316944,135.502913
12049.758889,135.560983
12050.045,135.531948
12050.287778,135.425486
12050.593056,135.425486
12050.785,135.502913
12050.905833,135.551305
12051.18,135.444843
12051.450278,135.406129
12051.7625,135.502913
12052.254722,135.483556
12052.491111,135.493235
12052.835833,135.76423
12053.117778,135.58034
12053.353889,135.773908
12053.652778,135.899727
12053.966111,135.831978
12054.561111,136.093295
12054.920556,136.325576
12055.187222,136.451395
12055.438889,136.12233
12055.719444,136.044903
12055.997778,136.102973
12056.175278,136.102973
12056.278056,135.996511
12056.541389,135.783586
12056.848889,135.744873
12057.101389,135.628732
12057.351944,135.677124
12057.591389,135.58034
12059.006111,135.899727
12059.225,135.909405
12059.485833,135.744873
12059.807222,135.870692
12059.824722,135.88037
12060.060556,135.8223
12060.234722,135.8223
12060.328611,135.831978
12060.623333,135.812622
12060.9225,135.812622
12061.185556,135.677124
12061.433611,135.686803
12062.330278,135.715838
12062.589722,135.628732
12062.839444,135.754551
12063.353056,135.754551
12063.5425,135.696481
12063.826944,135.802943
12064.08,135.725516
12064.351389,135.725516
12064.596111,135.677124
12064.928333,135.706159
12065.156944,135.531948
12065.419167,135.58034
12066.060278,135.512592
12066.315556,135.58034
12067.151944,135.619054
12067.3825,135.706159
12067.708056,135.667446
12067.976944,135.677124
12068.213611,135.619054
12068.464167,135.638411
12068.776667,135.783586
12069.028889,135.667446
12069.360833,135.870692
12069.628056,135.919084
12069.942778,135.928762
12070.193889,135.773908
12070.419167,135.831978
12070.744722,135.802943
12071.016667,135.754551
12071.278056,135.725516
12071.837778,135.754551
12072.358056,135.619054
12072.559722,135.531948
12072.891944,135.802943
12073.117222,135.725516
12073.3525,135.802943
12073.599722,135.696481
12073.911389,135.938441
12074.501389,135.58034
12074.826111,135.696481
12075.096389,135.638411
12075.3675,135.773908
12075.610278,135.706159
12075.858056,135.725516
12076.1075,135.677124
12076.376111,135.831978
12076.644167,135.754551
12076.984722,135.938441
12077.198889,135.870692
12077.755278,136.190079
12078.000556,136.36429
12078.228889,136.703033
12078.473889,136.809495
12078.783333,136.673998
12079.061944,136.596571
12079.307222,136.790139
12079.563611,136.499787
12079.815556,136.509465
12080.304722,136.102973
12080.546944,135.812622
12081.055278,135.648089
12081.291944,135.686803
12081.537222,135.570662
12081.858611,135.483556
12082.095833,135.52227
12082.353056,135.531948
12082.586111,135.512592
12082.876944,135.444843
12083.110833,135.435164
12083.326389,135.560983
12083.580278,135.502913
12084.134167,135.473878
12084.341944,135.502913
12084.594722,135.406129
12084.875278,135.415808
12085.121389,135.4642
12085.407222,135.52227
12085.638333,135.289989
12086.104722,135.686803
12086.335833,135.890049
12086.856667,135.783586
12087.119722,135.793265
12087.304722,135.890049
12087.528611,135.8223
12087.811389,135.802943
12088.041944,135.715838
12088.531944,135.831978
12088.821667,135.841657
12089.065278,135.812622
12089.560278,136.006189
12089.843889,135.928762
12090.058611,135.890049
12090.320278,135.948119
12090.57,135.996511
12090.909167,135.861013
12091.116111,135.861013
12091.35,135.948119
12091.605278,135.773908
12091.888333,135.735194
12092.175833,135.783586
12092.432778,135.919084
12092.727778,135.841657
12092.928611,135.977154
12093.195833,136.015868
12093.435,136.12233
12093.719722,136.054581
12093.991111,135.986833
12094.216111,135.938441
12094.415833,136.006189
12094.806389,135.812622
12095.067778,135.686803
12095.396389,135.773908
12095.628333,135.677124
12095.991389,135.619054
12096.432778,135.648089
12096.713611,135.599697
12096.98,135.628732
12097.536111,135.677124
12097.783611,135.570662
12098.039167,135.502913
12098.339444,135.648089
12098.609444,135.696481
12098.917222,135.793265
12099.157222,135.977154
12099.399444,136.035224
12099.910833,136.006189
12100.150278,136.015868
12100.408889,136.083616
12100.703611,135.948119
12101.047222,136.025546
12101.359167,136.306219
12101.597778,136.528822
12101.966944,136.509465
12102.221111,136.499787
12102.729444,136.344933
12103.197778,135.919084
12103.419722,135.861013
12103.641944,135.570662
12103.903889,135.444843
12104.161667,135.328702
12104.384444,135.473878
12104.615556,135.560983
12104.915278,135.657767
12105.184722,135.793265
12105.431944,135.725516
12105.748889,135.619054
12106.5,135.793265
12106.808889,135.831978
12107.088056,135.899727
12107.329722,135.802943
12107.560278,135.783586
12107.851111,135.773908
12108.306667,135.754551
12108.477222,135.677124
12108.634444,135.648089
12108.894167,135.773908
12109.333056,135.628732
12109.616667,135.570662
12110.433611,135.570662
12111.043611,135.677124
12111.272778,135.619054
12111.770278,135.52227
12111.948056,135.657767
12112.245833,135.58034
12112.418611,135.590019
12112.62,135.444843
12112.916389,135.570662
12113.171667,135.560983
12113.361944,135.58034
12113.599167,135.560983
12113.899167,135.590019
12114.244167,135.783586
12114.515278,135.725516
12114.821389,135.638411
12115.086944,135.8223
12115.400556,135.919084
12115.648056,135.812622
12116.164722,135.938441
12116.439167,135.977154
12116.759444,135.899727
12116.957778,135.967476
12117.22,136.093295
12117.420278,136.06426
12117.746389,135.783586
12117.999444,135.841657
12118.227778,135.948119
12118.495278,135.744873
12118.8175,135.677124
12119.304722,135.938441
12119.543611,135.725516
12119.829722,135.657767
12120.095,135.648089
12120.3775,135.599697
12120.628611,135.609375
12121.2125,135.696481
12121.424167,135.715838
12121.715833,135.628732
12121.962778,135.76423
12122.231944,135.706159
12122.807222,135.744873
12123.055556,135.831978
12123.276389,136.006189
12123.526389,135.899727
12123.809167,135.909405
12124.07,136.025546
12124.315278,136.112652
12124.853333,136.06426
12125.088333,136.044903
12125.331944,136.161043
12125.591389,136.132008
12125.913333,136.073938
12126.160556,136.286863
12126.393333,136.36429
12126.638333,136.161043
12127.161667,136.615928
12127.625833,135.948119
12127.898611,135.899727
12128.146667,135.628732
12128.626389,135.841657
12128.925833,135.88037
12129.136944,135.715838
12129.386944,135.8223
12129.613333,135.677124
12129.922778,135.377094
12130.14,135.309345
12130.374722,135.454521
12130.759722,135.231918
12131.029722,135.270632
12131.293333,135.357737
12131.513889,135.377094
12131.822222,135.212562
12132.133611,135.425486
12132.388611,135.52227
12132.631111,135.270632
12132.921944,135.202883
12133.209167,135.396451
12133.441944,135.328702
12134.264722,135.367416
12134.516389,135.193205
12134.737222,135.067386
12134.9975,135.202883
12135.220833,135.299667
12135.550278,135.173848
12135.81,135.106099
12136.074722,135.231918
12136.34,135.328702
12136.538889,135.193205
12136.839722,135.16417
12137.001667,135.260953
12137.193333,135.473878
12137.430278,135.4642
12137.760556,135.251275
12137.997222,135.299667
12138.236389,135.4642
12138.494167,135.367416
12138.799722,135.260953
12139.048611,135.270632
12139.298333,135.425486
12139.631667,135.270632
12139.923611,135.241597
12140.181667,135.299667
12140.427222,135.377094
12140.7425,135.154491
12141.005278,135.173848
12141.246944,135.28031
12141.508333,135.309345
12141.806667,135.144813
12142.602222,135.067386
12143.175,135.251275
12143.469444,135.086743
12143.755,134.98028
12144.003889,135.144813
12144.242778,135.086743
12144.509722,135.038351
12144.842778,134.98028
12145.066667,135.125456
12145.3425,135.115778
12145.546111,134.999637
12145.839722,134.941567
12146.318889,134.98028
12146.566667,135.193205
12146.965833,135.289989
12147.290556,135.377094
12147.5375,135.328702
12147.809722,135.260953
12148.071111,135.4642
12148.558889,135.415808
12148.894444,135.454521
12149.235556,135.667446
12149.476667,135.715838
12149.774722,135.812622
12149.966944,135.870692
12150.247222,136.025546
12150.486389,136.219114
12150.865556,136.112652
12151.141389,136.073938
12151.373889,136.006189
12151.615278,135.793265
12152.183056,135.957797
12152.402222,135.88037
12152.664167,135.483556
12152.908056,135.657767
12153.122778,135.725516
12153.319167,135.706159
12153.8175,135.599697
12154.068333,135.744873
12154.311944,135.677124
12154.559444,135.541627
12154.883056,135.696481
12155.368333,135.725516
12155.624444,135.502913
12155.918889,135.502913
12155.929722,135.686803
12156.190278,135.831978
12156.413889,135.802943
12156.706667,135.58034
12156.965833,135.686803
12157.210278,135.793265
12157.624444,135.590019
12158.252222,135.8223
12158.512222,135.648089
12158.835278,135.890049
12159.443056,135.783586
12159.763056,135.725516
12159.978889,135.725516
12160.023889,135.88037
12160.3525,135.706159
12160.614444,135.638411
12160.8925,135.841657
12161.168333,136.006189
12161.429722,135.841657
12161.761111,135.715838
12162.010278,136.006189
12162.254444,135.957797
12162.5025,135.76423
12162.811111,135.812622
12163.050833,136.083616
12163.297778,135.899727
12163.563611,135.812622
12163.874167,135.977154
12164.104444,136.238471
12164.368889,136.151365
12164.78,136.015868
12165.043889,136.170722
12165.333889,136.025546
12165.537222,136.025546
12166.169167,136.093295
12166.434722,135.870692
12166.7425,135.754551
12166.990833,135.928762
12167.298056,135.841657
12167.983333,135.677124
12168.254167,135.783586
12168.519722,135.638411
12168.815278,135.909405
12169.084167,135.986833
12169.319722,135.8223
12169.5775,135.686803
12169.880278,135.870692
12170.391944,135.696481
12170.638333,135.677124
12170.946111,135.590019
12171.213611,135.706159
12171.469722,135.590019
12171.605278,135.590019
12172.035278,135.831978
12172.295,135.88037
12172.545278,135.677124
12172.808056,135.812622
12173.042222,135.986833
12173.301389,136.209435
12173.555833,136.141687
12173.848056,136.277184
12174.109444,136.403003
12174.342778,136.267506
12174.576944,136.132008
12174.873333,136.306219
12175.144167,136.66432
12175.611944,136.66432
12175.624444,136.296541
12176.175556,136.441717
12176.428056,136.12233
12176.73,135.802943
12176.9525,135.841657
12177.235278,135.88037
12177.49,135.735194
12177.794167,135.599697
12178.023611,135.638411
12178.320833,135.560983
12179.1725,135.677124
12180.129722,135.648089
12180.38,135.551305
12180.63,135.473878
12181.177222,135.531948
12181.417778,135.58034
12181.612222,135.560983
12182.869722,135.609375
12182.884444,135.638411
12183.398611,135.570662
12183.958611,135.58034
12184.236667,135.483556
12184.488889,135.493235
12184.823611,135.52227
12185.0575,135.599697
12185.286944,135.502913
12185.525833,135.590019
12185.788333,135.551305
12186.0725,135.648089
12186.310278,135.590019
12186.846944,135.890049
12187.097222,135.793265
12187.355,135.686803
12187.618056,135.686803
12187.955,135.793265
12188.225278,135.744873
12188.485,135.744873
12188.745833,135.599697
12189.261111,135.793265
12189.523611,135.88037
12189.836111,135.919084
12190.369167,135.783586
12190.578889,135.744873
12190.8925,135.648089
12191.364167,135.590019
12191.733056,135.590019
12191.954167,135.425486
12192.200556,135.4642
12192.471389,135.483556
12192.776389,135.4642
12192.996111,135.560983
12193.288056,135.686803
12193.542778,135.715838
12193.859722,135.52227
12194.135,135.541627
12194.375278,135.425486
12194.956111,135.260953
12195.196389,135.328702
12195.423889,135.425486
12195.728056,135.386773
12195.971389,135.483556
12196.255833,135.638411
12196.784167,135.512592
12197.039722,135.657767
12197.274444,135.909405
12197.526111,135.793265
12197.851667,135.919084
12198.393611,136.112652
12198.641667,136.238471
12198.950556,136.170722
12199.213889,136.132008
12199.438889,136.06426
12199.750278,135.76423
12200.245,135.744873
12200.492222,135.744873
12200.779167,135.52227
12200.981389,135.4642
12201.16,135.493235
12201.432778,135.628732
12201.736389,135.4642
12201.994167,135.473878
12202.542778,135.52227
12202.843889,135.473878
12203.079167,135.52227
12203.2525,135.52227
12203.348611,135.502913
12203.891111,135.493235
12204.143889,135.473878
12204.602778,135.590019
12204.939167,135.541627
12205.223056,135.52227
12205.608611,135.512592
12206.091389,135.454521
12206.731944,135.493235
12206.963611,135.444843
12207.220556,135.454521
12207.2675,135.454521
12207.482778,135.531948
12207.967222,135.396451
12208.253889,135.377094
12208.520556,135.502913
12208.829722,135.444843
12209.371944,135.435164
12209.611944,135.512592
12209.908333,135.377094
12210.176111,135.435164
12210.751111,135.512592
12211.041389,135.590019
12211.300556,135.590019
12211.573056,135.744873
12211.873611,135.551305
12212.124167,135.52227
12212.364167,135.541627
12212.621944,135.502913
12212.919722,135.512592
12213.161111,135.406129
12213.420278,135.454521
12213.726944,135.58034
12214.000278,135.58034
12214.288056,135.493235
12214.524444,135.502913
12214.84,135.52227
12215.089167,135.357737
12215.370833,135.28031
12215.630278,135.202883
12216.159722,135.096421
12216.420556,135.018994
12216.733056,135.067386
12217.000278,135.067386
12217.259444,134.960923
12217.819444,135.183526
12218.350278,135.028672
12218.605556,134.999637
12218.906389,135.115778
12219.055,135.115778
12219.153056,134.989959
12219.390833,134.999637
12220.178333,135.048029
12220.408056,135.086743
12220.713889,135.154491
12220.978056,135.319024
12221.214722,135.357737
12221.455833,135.396451
12221.750556,135.677124
12222.000556,135.706159
12222.242778,135.696481
12222.4975,135.706159
12222.798056,135.88037
12223.05,135.831978
12223.085833,135.831978
12223.234167,135.735194
12223.476667,135.502913
12224.033889,135.4642
12224.560278,135.115778
12225.2425,135.144813
12225.505833,135.106099
12225.814167,135.202883
12226.703056,135.115778
12227.155833,135.086743
12227.385,135.106099
12227.631667,135.212562
12227.940278,135.144813
12228.433889,135.144813
12228.755556,135.154491
12228.987222,135.22224
12229.260556,135.328702
12230.123056,135.289989
12230.368611,135.241597
12230.955,135.212562
12231.3675,135.260953
12231.784167,135.202883
12231.986111,135.115778
12232.182222,135.270632
12232.403611,135.183526
12232.635556,135.202883
12233.235,135.435164
12233.516389,135.328702
12233.805556,135.357737
12234.051667,135.406129
12234.560833,135.4642
12234.934167,135.444843
12235.140833,135.444843
12235.196389,135.599697
12235.433611,135.551305
12235.748056,135.58034
12235.985833,135.590019
12236.226389,135.735194
12236.824444,135.541627
12237.084167,135.58034
12237.506111,135.454521
12237.830278,135.512592
12238.305556,135.551305
12238.560833,135.454521
12238.873889,135.435164
12239.131111,135.328702
12239.174167,135.328702
12239.393889,135.270632
12239.626389,135.22224
12239.946667,135.183526
12240.2425,134.989959
12240.825,135.028672
12241.085556,134.931888
12241.346389,134.931888
12241.598056,135.009315
12242.193611,134.747999
12242.431111,134.796391
12242.728056,134.873818
12242.999722,134.931888
12243.44,134.757677
12243.723333,134.941567
12243.986944,135.028672
12244.238889,134.970602
12244.4875,134.757677
12244.766389,135.018994
12245.232222,135.009315
12245.488611,135.067386
12245.805556,135.154491
12246.308333,135.115778
12246.570833,135.154491
12246.917778,135.241597
12247.173056,135.473878
12247.423056,135.22224
12247.7275,135.096421
12247.981944,135.135134
12248.208889,135.270632
12248.443333,135.115778
12248.766667,135.125456
12249.016944,135.202883
12249.288056,135.28031
12249.555278,135.260953
12249.876944,135.231918
12250.6375,135.231918
12250.6425,135.328702
12250.975833,135.251275
12251.187778,135.16417
12251.453056,135.154491
12251.783333,135.493235
12252.061389,135.367416
12252.306944,135.319024
12252.574444,135.454521
12252.866944,135.473878
12253.349167,135.309345
12253.73,135.231918
12254.439444,135.328702
12254.745556,135.328702
12254.757778,135.406129
12255.041667,135.52227
12255.297778,135.338381
12255.566944,135.377094
12256.030556,135.396451
12256.300833,135.270632
12256.536667,135.251275
12256.860833,135.386773
12257.104722,135.454521
12257.365,135.328702
12258.198056,135.502913
12258.419167,135.483556
12258.72,135.541627
12258.9925,135.686803
12259.224167,135.58034
12259.501111,135.551305
12259.778056,135.541627
12260.046944,135.502913
12260.294722,135.406129
12260.521389,135.289989
12260.840278,135.415808
12261.091667,135.396451
12261.606111,135.270632
12261.895556,135.299667
12262.186389,135.241597
12262.418611,135.16417
12262.991111,135.251275
12263.234167,135.077064
12263.476944,135.009315
12263.803056,135.106099
12264.063056,135.125456
12264.585833,134.92221
12264.924444,134.893175
12265.173611,134.873818
12265.410833,134.902853
12265.730278,134.873818
12266.026111,134.854461
12266.271389,134.854461
12266.273889,134.941567
12266.517222,134.777034
12266.795278,134.912532
12267.051389,134.806069
12267.308611,134.931888
12267.566944,134.728642
12267.876389,134.815748
12268.111944,134.835104
12268.346389,134.912532
12268.619444,134.825426
12268.926389,134.86414
12269.181389,134.960923
12269.443889,134.941567
12269.712222,135.009315
12269.967778,134.999637
12270.229167,135.028672
12270.286944,135.028672
12270.493333,134.902853
12270.823056,135.057707
12271.091111,135.048029
12271.349722,135.067386
12271.568611,134.873818
12271.881667,135.173848
12272.137778,135.251275
12272.3675,135.241597
12272.558056,135.135134
12272.871111,135.328702
12273.080556,135.202883
12273.567222,135.086743
12273.872222,135.057707
12274.375278,134.989959
12274.958056,134.989959
12275.314722,135.144813
12275.597222,134.970602
12275.897222,135.077064
12276.134722,135.038351
12276.392778,135.048029
12276.643889,135.038351
12276.951944,134.931888
12277.201389,134.873818
12277.417222,134.98028
12277.627778,135.009315
12277.628056,135.009315
12278.262778,134.854461
12278.382222,134.873818
12278.549167,134.931888
12278.865833,135.135134
12279.411667,135.096421
12279.644167,135.173848
12279.934444,135.086743
12280.499167,135.115778
12280.814167,135.22224
12281.047222,135.183526
12281.312778,135.135134
12281.557222,135.231918
12281.897222,135.425486
12282.006944,135.425486
12282.232778,135.154491
12282.472222,135.173848
12282.776944,135.309345
12283.025833,135.22224
12283.292222,135.144813
12283.5375,135.193205
12283.821111,135.28031
12284.090556,135.096421
12284.343889,135.077064
12284.584722,135.144813
12284.8875,135.386773
12285.154167,135.22224
12285.431111,135.28031
12285.758611,135.415808
12286.018611,135.415808
12286.261667,135.057707
12286.806944,135.154491
12287.1175,134.999637
12287.354722,134.931888
12287.625556,134.883496
12287.9775,134.835104
12288.264167,134.728642
12288.496667,134.660893
12288.803611,134.893175
12289.103889,134.670572
12289.36,134.583466
12289.608056,134.525396
12289.944167,134.699607
12290.206667,134.544753
12290.788056,134.747999
12291.043056,134.738321
12291.264722,134.651215
12291.526389,134.544753
12291.820833,134.747999
12292.109722,134.670572
12292.340556,134.651215
12292.595,134.525396
12292.914722,134.960923
12293.3975,134.873818
12293.614444,134.883496
12293.946111,135.183526
12294.194444,134.960923
12294.438056,135.028672
12294.7475,135.086743
12294.972778,135.328702
12295.146389,135.144813
12295.418889,135.135134
12295.725278,135.193205
12295.970833,135.299667
12296.221389,135.077064
12296.483056,134.912532
12296.753889,135.057707
12297.001389,135.067386
12297.282222,134.98028
12297.479167,134.98028
12298.052222,134.457647
12298.309167,134.486683
12298.569167,134.670572
12298.966944,134.641537
12299.218056,134.515718
12299.853889,134.92221
12300.084722,134.951245
12300.336111,134.989959
12300.880556,134.873818
12301.146944,134.873818
12301.402222,134.728642
12301.543333,134.728642
12301.731667,134.815748
12302.225556,134.912532
12302.826389,135.048029
12303.087222,135.028672
12303.338889,135.018994
12304.145833,134.98028
12304.410278,134.796391
12304.733056,134.873818
12304.998056,134.86414
12305.260278,135.086743
12305.531944,134.893175
12305.810278,134.960923
12306.090278,134.970602
12306.564167,134.835104
12306.880556,135.22224
12307.07,135.183526
12307.306111,135.106099
12307.566389,135.154491
12307.896667,135.231918
12308.1375,135.58034
12308.348611,135.357737
12308.617222,135.212562
12308.922222,135.22224
12309.195556,134.718964
12309.445,134.699607
12309.763889,134.689929
12310.030833,134.583466
12310.293333,134.457647
12310.539444,134.447969
12310.859167,134.360863
12311.116389,134.235044
12311.368611,134.176974
12311.624167,134.051155
12311.936389,134.060833
12312.193056,133.954371
12312.435278,133.993085
12312.736944,133.944693
12312.990556,133.944693
12312.993056,134.060833
12313.233056,134.002763
12313.492778,134.060833
12313.823889,134.147939
12314.058333,134.08019
12314.336389,134.002763
12314.585833,133.973728
12314.915556,133.954371
12315.150833,133.925336
12315.429444,134.041477
12315.728611,133.993085
12316.002778,133.96405
12316.233611,133.96405
12316.479167,134.041477
12316.723611,134.02212
12316.990556,134.02212
12316.995,134.051155
12317.225833,134.012442
12317.478611,134.196331
12317.760278,134.225366
12318.009444,134.254401
12318.826111,134.457647
12319.103889,134.515718
12319.415,134.56411
12319.720833,134.438291
12319.972778,134.525396
12320.221944,134.409255
12320.476944,134.225366
12320.755,134.302793
12321.009444,134.244723
12321.225833,134.186652
12321.471944,134.176974
12321.780833,134.389899
12322.039167,134.244723
12322.494722,134.157617
12322.7875,134.438291
12323.053889,134.331828
12323.319167,134.235044
12323.541111,134.225366
12323.786667,134.293115
12324.035556,134.206009
12324.303889,134.060833
12324.556111,134.031798
12324.862222,134.312472
12325.138333,134.176974
12325.636111,134.206009
12326.285278,134.32215
12326.543056,134.254401
12326.844444,134.612502
12327.084722,134.477004
12327.358333,134.360863
12327.607778,134.447969
12328.211667,134.331828
12328.46,134.331828
12328.747778,134.544753
12329.037222,134.544753
12329.079167,134.544753
12329.291944,134.399577
12329.544167,134.418934
12330.159444,134.447969
12330.421667,134.56411
12330.729444,134.56411
12330.967778,134.777034
12331.244722,134.902853
12331.515278,134.728642
12332.029167,135.038351
12332.283056,134.941567
12332.53,134.593145
12332.860278,134.709285
12333.080278,134.767356
12333.12,134.767356
12333.370833,134.409255
12333.621667,134.283436
12333.916667,134.447969
12334.204167,134.351185
12335.052778,134.409255
12335.305556,134.26408
12335.528889,134.206009
12335.786111,134.225366
12336.081389,134.176974
12336.351667,133.973728
12336.606944,133.915658
12336.908333,134.012442
12337.155278,134.012442
12337.408611,133.828552
12337.729167,133.809195
12337.971667,133.983406
12338.518611,133.789839
12338.816944,133.896301
12339.291944,133.770482
12339.528889,133.760803
12339.785278,133.857587
12340.056389,133.838231
12340.303611,133.896301
12340.550278,133.935014
12340.863333,134.128582
12341.129722,134.070512
12341.383056,134.206009
12341.6325,134.157617
12341.954444,134.360863
12342.226111,134.099547
12342.480833,134.32215
12342.788056,134.196331
12343.042222,134.244723
12343.283056,134.235044
12343.546111,134.225366
12343.8475,134.254401
12344.367778,134.099547
12344.626111,133.993085
12344.836111,133.993085
12345.439722,134.283436
12345.577222,134.196331
12345.864167,134.26408
12346.101111,134.235044
12346.3725,134.302793
12346.626667,134.196331
12346.925,134.389899
12347.134722,134.302793
12347.614722,134.128582
12347.916944,134.38022
12348.131944,134.147939
12348.389722,134.128582
12348.623056,134.128582
12348.92,134.128582
12348.954167,134.302793
12349.196389,134.128582
12349.650278,134.138261
12350.331111,134.254401
12350.5475,134.186652
12350.8475,134.409255
12351.095833,134.506039
12351.421389,134.38022
12351.7475,134.235044
12351.958611,134.409255
12352.181389,134.457647
12352.435,134.351185
12352.753889,134.215688
12352.998889,134.38022
12353.225278,134.312472
12353.463333,134.206009
12353.730556,134.206009
12353.988056,134.428612
12354.253889,134.351185
12354.494167,134.235044
12354.805,134.457647
12355.033611,134.535074
12355.33,134.351185
12355.551389,134.235044
12355.882222,134.409255
12356.420556,134.157617
12357.029722,134.225366
12357.302222,134.041477
12357.534444,134.167296
12357.798889,134.26408
12358.058333,134.32215
12358.296944,134.138261
12358.593889,134.109225
12358.918056,134.206009
12359.422222,134.060833
12359.736389,133.954371
12359.981111,134.060833
12360.230833,133.857587
12360.486667,133.789839
12360.775,133.789839
12360.785833,133.876944
12361.049722,134.041477
12361.292222,133.925336
12361.570556,133.96405
12361.866111,134.099547
12362.094444,134.031798
12362.371389,133.818874
12362.596389,133.770482
12362.882778,133.905979
12363.141389,133.828552
12363.376667,133.673698
12363.599167,133.712412
12363.8875,133.944693
12364.338611,133.751125
12364.567778,133.770482
12364.843333,133.770482
12364.870833,134.08019
12365.096111,134.128582
12365.351111,133.876944
12365.7375,133.818874
12366.000278,134.118904
12366.544722,133.944693
12366.829167,134.147939
12367.084444,134.351185
12367.325278,134.060833
12367.573333,134.099547
12367.872222,134.360863
12368.120278,134.496361
12368.365278,134.331828
12368.641944,134.109225
12368.930556,134.399577
12369.163889,134.32215
12369.409167,134.099547
12369.65,134.060833
12369.942222,134.293115
12370.211111,134.070512
12370.477222,133.954371
12370.731944,134.060833
12370.973611,134.360863
12371.152778,134.283436
12371.430556,134.051155
12371.738611,133.915658
12371.971389,134.225366
12372.247222,133.954371
12372.488056,133.896301
12373.360556,134.02212
12374.156111,134.38022
12374.415556,134.138261
12374.738611,134.060833
12375.015,134.554431
12375.290833,134.26408
12375.5475,134.128582
12375.859167,134.283436
12376.264444,134.283436
12376.269167,134.273758
12376.523611,134.186652
12376.796667,134.235044
12377.052778,134.544753
12377.271944,134.457647
12377.493611,134.409255
12377.803889,134.418934
12378.005556,134.767356
12378.266111,134.467326
12378.509444,134.399577
12379.048333,134.593145
12379.3375,134.438291
12379.898056,134.38022
12380.315,134.38022
12380.404167,134.186652
12380.953333,134.215688
12381.218611,134.08019
12381.4275,134.051155
12381.734444,133.954371
12382.012778,134.26408
12382.287778,134.089869
12382.571389,133.944693
12382.861389,134.070512
12383.138611,134.109225
12383.7175,133.741447
12384.015278,133.96405
12384.270833,133.741447
12384.483611,133.66402
12384.791667,133.615628
12385.257222,133.625306
12385.494722,133.557557
12385.884167,133.683376
12386.216389,133.625306
12386.458889,133.538201
12386.993056,133.693055
12387.236389,133.567236
12387.490278,133.557557
12388.067222,133.615628
12388.311389,133.547879
12388.567778,133.489809
12388.843333,133.557557
12389.323889,133.586592
12389.546667,133.547879
12389.818611,133.712412
12390.091667,134.118904
12390.356389,134.099547
12390.750278,134.138261
12391.0225,134.457647
12391.577222,133.993085
12391.835,133.993085
12391.874444,134.38022
12392.133333,134.399577
12392.391389,134.02212
12392.924167,134.02212
12393.167778,134.089869
12393.7775,134.02212
12394.306667,134.235044
12394.553889,134.002763
12394.851944,134.051155
12395.045556,134.196331
12395.306667,134.157617
12395.546667,133.973728
12395.786667,133.983406
12395.885,133.983406
12396.039444,134.109225
12396.303889,134.109225
12396.568889,133.935014
12396.891111,133.993085
12397.214444,134.099547
12397.356111,134.167296
12397.761944,133.96405
12397.762222,133.96405
12398.195833,134.254401
12398.401667,134.244723
12398.638889,134.041477
12398.994444,134.244723
12399.260278,134.215688
12399.527778,134.031798
12399.830833,133.993085
12400.092778,134.128582
12400.315833,134.273758
12400.531389,134.070512
12401.121111,134.196331
12401.355278,134.235044
12401.641389,134.099547
12401.974722,134.196331
12402.227778,134.215688
12402.488056,134.128582
12402.801111,134.060833
12403.289722,134.215688
12403.525278,133.993085
12403.823611,134.031798
12404.127222,134.128582
12404.376389,133.954371
12404.646389,133.857587
12404.956389,134.157617
12405.227778,134.070512
12405.477778,133.925336
12405.793333,133.886622
12406.010556,134.176974
12406.249167,133.993085
12406.523056,133.905979
12406.815,133.925336
12407.256944,133.905979
12407.541389,133.876944
12407.583611,133.876944
12407.848889,133.867266
12408.099722,133.915658
12408.384167,133.857587
12408.636389,133.760803
12408.946944,133.857587
12409.173611,133.838231
12410.047778,133.799517
12410.278611,133.818874
12410.496944,133.818874
12410.794444,133.760803
12411.04,133.915658
12411.311944,133.828552
12411.569722,133.702733
12411.611389,133.702733
12411.888333,133.673698
12412.158056,133.770482
12412.413056,133.838231
12412.632222,133.770482
12412.957778,133.925336
12413.2325,134.031798
12413.498056,134.109225
12413.800556,134.235044
12414.061389,134.206009
12414.329722,134.370542
12414.589167,134.215688
12414.905278,134.351185
12415.190556,134.612502
12415.456389,134.370542
12415.743889,134.370542
12416.019444,134.467326
12416.255,134.273758
12416.493056,134.118904
12416.801667,133.993085
12417.026944,134.157617
12417.301667,134.147939
12417.573889,133.954371
12417.889444,133.944693
12418.518889,133.944693
12418.833889,134.128582
12419.117222,134.099547
12419.333611,134.225366
12419.552778,134.041477
12419.890833,134.089869
12420.145,134.031798
12420.411667,134.138261
12420.622222,133.973728
12420.938889,134.196331
12421.140556,134.08019
12421.355556,134.176974
12422.382222,134.225366
12422.613333,134.031798
12422.905,134.147939
12423.144444,134.351185
12423.184167,134.351185
12423.426111,134.360863
12423.75,134.070512
12423.960833,134.167296
12424.226111,134.244723
12424.475278,134.167296
12424.761389,133.983406
12424.995278,134.012442
12425.271389,134.176974
12425.5425,134.051155
12426.097778,134.099547
12426.385556,134.399577
12426.6525,134.215688
12426.941944,134.293115
12427.185,134.293115
12427.190556,134.32215
12427.4625,134.438291
12427.771667,134.118904
12428.062222,134.128582
12428.279444,134.225366
12428.565,134.138261
12429.118611,134.02212
12429.406389,134.244723
12429.720833,133.954371
12429.956111,134.012442
12430.205,134.031798
12430.771944,133.828552
12431.031389,133.857587
12431.300833,133.78016
12431.556111,133.857587
12431.869167,133.693055
12432.146667,133.654341
12432.374444,133.605949
12432.641111,133.760803
12433.234444,133.557557
12433.452222,133.634984
12433.766667,133.712412
12434.289167,133.625306
12434.569167,133.809195
12434.916944,133.760803
12435.19,133.886622
12435.756667,133.857587
12436.0225,133.702733
12436.282222,133.625306
12436.475833,133.644663
12437.09,133.712412
12437.341944,133.712412
12437.599722,133.935014
12437.903611,133.799517
12438.176111,133.944693
12438.440556,133.935014
12438.598333,133.935014
12438.788056,134.147939
12439.304167,133.983406
12439.535556,134.167296
12439.848056,134.041477
12440.057222,133.886622
12440.311667,133.770482
12440.629167,133.809195
12440.929722,133.886622
12441.186111,133.896301
12441.807222,134.012442
12442.073889,133.993085
12442.357222,133.799517
12442.6125,133.799517
12442.636667,133.78016
12442.959444,133.818874
12443.225833,133.731768
12443.762778,133.838231
12444.000278,133.954371
12444.295833,133.741447
12444.820278,133.96405
12445.459167,134.051155
12445.509167,134.02212
12446.891944,133.96405
12447.131111,134.089869
12447.355278,134.031798
12447.597778,133.915658
12447.91,133.838231
12448.14,134.089869
12448.381944,134.099547
12448.623611,133.96405
12448.935556,133.944693
12449.501111,133.973728
12449.821944,133.915658
12450.078889,133.983406
12450.298056,134.08019
12450.543056,133.935014
12450.854167,134.060833
12451.111389,134.147939
12451.372222,134.196331
12451.608611,134.031798
12451.871944,134.012442
12452.083333,134.109225
12452.309167,134.283436
12452.580278,134.128582
12452.857778,134.254401
12453.291667,134.128582
12453.544167,134.099547
12453.8525,134.02212
12454.130833,133.96405
12454.368333,133.867266
12454.925833,133.702733
12455.148333,133.66402
12455.933889,133.596271
12456.153889,133.557557
12456.426111,133.586592
12456.745,133.518844
12456.961944,133.528522
12457.485833,133.441417
12457.795,133.518844
12458.022778,133.393025
12458.301944,133.393025
12458.569167,133.489809
12459.163333,133.489809
12459.421944,133.489809
12459.736667,133.42206
12459.996111,133.402703
12460.256667,133.412382
12460.504167,133.586592
12460.800278,133.66402
12461.060278,133.886622
12461.573611,134.099547
12462.138611,134.128582
12462.711389,134.167296
12462.984444,134.070512
12463.5375,134.32215
12463.818333,134.051155
12464.093889,133.857587
12464.349444,133.731768
12464.610556,133.789839
12464.927778,133.72209
12465.18,133.809195
12465.752222,133.634984
12466.043333,133.634984
12466.308611,133.634984
12466.561111,133.509165
12466.907222,133.605949
12467.163056,133.586592
12467.408056,133.567236
12467.717222,133.567236
12467.976389,133.644663
12468.231111,133.509165
12468.863611,133.605949
12469.147222,133.567236
12469.365278,133.596271
12469.726667,133.78016
12470.800556,133.838231
12471.065833,133.72209
12471.336111,133.760803
12471.602222,133.702733
12471.91,133.857587
12472.1575,133.78016
12472.434444,133.78016
12472.765,133.867266
12473.296667,133.954371
12473.705,133.96405
12473.974444,133.925336
12474.621667,133.925336
12475.195,134.099547
12475.4275,133.905979
12475.751389,133.905979
12476.010556,134.089869
12476.243611,134.118904
12476.502222,133.944693
12476.836389,134.08019
12477.156667,134.08019
12477.445556,133.954371
12478.009444,133.993085
12478.495833,133.693055
12478.718333,133.693055
12478.828611,133.567236
12479.104722,133.683376
12479.350556,133.567236
12479.714722,133.412382
12480.001944,133.557557
12480.525278,133.373668
12480.834444,133.393025
12481.646667,133.276884
12481.975556,133.354311
12482.238611,133.412382
12482.473611,133.42206
12483.03,133.412382
12483.313333,133.509165
12483.598333,133.412382
12483.930833,133.393025
12484.192778,133.470452
12484.418333,133.567236
12484.737778,133.315598
12484.979722,133.383346
12485.209722,133.509165
12485.449722,133.586592
12485.747222,133.567236
12486.255,133.838231
12486.829444,134.002763
12487.073333,133.886622
12487.508333,133.886622
12488.085833,133.741447
12488.390278,133.809195
12488.642778,133.683376
12488.968333,133.644663
12489.214722,133.72209
12489.429444,133.673698
12490.629167,133.751125
12490.9425,272.723087
12491.221111,271.881067
12492.073889,270.671269
12492.216111,270.477701
12492.436944,270.187349
12493.277222,269.480827
12493.650556,146.662094
12494.166111,141.271232
12494.4475,140.090469
12494.510278,139.72269
12494.718889,138.967776
12495.228056,138.203183
12495.501944,137.728942
12495.810833,137.554731
12496.030278,137.332128
12496.288611,137.109525
12496.539444,137.02242
12496.848333,137.090169
12497.620833,136.741747
12497.954444,136.673998
12498.224722,136.683676
12498.490556,136.673998
12498.804722,136.538501
12499.286944,136.548179
12499.8975,136.403003
12500.741111,136.015868
12500.965556,135.919084
12501.213889,135.899727
12501.463889,136.015868
12501.760556,135.870692
12502.037222,135.928762
12502.31,135.948119
12503.091944,135.8223
12503.37,135.8223
12503.560278,135.773908
12503.901111,135.493235
12504.184444,135.415808
12504.734722,135.289989
12504.802222,135.28031
12505.045278,135.367416
12505.317778,135.338381
12505.600833,135.425486
12505.911389,135.328702
12506.183333,135.231918
12506.744167,135.251275
12507.229444,135.289989
12507.475,135.22224
12507.824722,135.193205
12508.1025,135.16417
12508.350556,135.231918
12508.597778,135.319024
12508.878611,135.377094
12509.143333,135.28031
12509.413056,135.483556
12509.712778,135.609375
12509.9625,135.609375
12509.9675,135.657767
12510.414444,135.648089
12510.7325,135.899727
12511.429167,135.58034
12511.769444,135.754551
12512.008889,135.696481
12512.243056,135.638411
12512.514444,135.473878
12512.811667,135.4642
12513.089167,135.454521
12513.359722,135.367416
12513.620278,135.202883
12513.913611,135.183526
12514.05,135.183526
12514.157222,135.193205
12514.4075,135.16417
12514.639444,135.173848
12514.946389,135.067386
12515.224167,135.154491
12515.461944,135.096421
12515.753611,135.096421
12515.975278,135.086743
12516.23,135.077064
12516.500833,135.057707
12517.085833,135.260953
12517.638889,135.144813
12518.241389,135.193205
12518.476389,135.125456
12518.762778,135.144813
12519.019722,135.241597
12519.245833,135.16417
12519.41,135.212562
12519.726111,135.22224
12519.976667,135.135134
12520.257778,134.989959
12520.498333,134.98028
12520.797778,134.960923
12521.296111,134.902853
12521.594722,134.902853
12521.894444,134.951245
12522.149167,135.057707
12522.44,135.057707
12522.735278,135.115778
12523.214444,135.115778
12523.615556,135.086743
12524.004722,134.941567
12524.463333,134.931888
12524.927222,134.806069
12525.300278,134.902853
12525.548333,134.893175
12526.1175,134.835104
12526.355278,134.902853
12526.9325,134.825426
12527.196944,134.883496
12527.479444,134.806069
12527.755833,134.699607
12528.026667,134.670572
12528.278611,134.631858
12528.468333,134.593145
12528.754167,134.467326
12529.001944,134.593145
12529.253056,134.631858
12529.466667,134.62218
12530.018889,134.718964
12530.272778,134.689929
12530.837222,134.699607
12531.066389,134.835104
12531.5675,134.815748
12531.881944,134.796391
12532.221944,134.728642
12532.478889,134.92221
12532.752222,134.960923
12533.028611,135.125456
12533.276944,135.551305
12533.504444,135.444843
12534.075556,135.425486
12534.348611,135.8223
12534.949444,135.502913
12535.183056,135.590019
12535.435278,135.638411
12535.753333,135.202883
12536.017778,135.377094
12536.295278,135.096421
12536.543889,135.106099
12536.808333,134.941567
12537.045556,134.970602
12537.284722,134.999637
12538.109722,134.825426
12538.365556,134.86414
12538.964444,134.854461
12538.998611,134.86414
12539.188333,134.883496
12539.219167,134.883496
12539.530278,135.057707
12539.845,134.786713
12540.089722,134.825426
12540.627222,134.854461
12540.956944,134.98028
12541.223056,135.028672
12541.511389,135.241597
12541.941111,135.038351
12542.183611,134.98028
12542.424167,135.048029
12542.731667,135.154491
12542.980556,135.048029
12543.269444,134.98028
12543.853056,134.941567
12544.134444,134.86414
12544.385556,134.941567
12544.643333,134.92221
12544.943611,134.854461
12545.1875,134.893175
12545.469167,134.893175
12545.473611,134.92221
12545.780833,134.854461
12546.024167,134.883496
12546.484444,134.92221
12546.791667,134.86414
12547.079444,134.989959
12547.370278,135.009315
12547.62,134.931888
12547.905833,134.86414
12548.184444,134.815748
12548.442222,134.670572
12549.143056,134.631858
12549.3275,134.689929
12549.477222,134.689929
12549.549444,135.086743
12549.871944,135.018994
12550.120833,134.989959
12550.381667,135.009315
12550.709444,135.028672
12550.953056,135.057707
12551.241389,135.057707
12551.49,135.038351
12551.803611,134.92221
12552.078889,134.912532
12552.568056,134.86414
12552.866389,134.796391
12553.103889,134.815748
12553.303611,134.786713
12553.562222,134.931888
12553.871944,134.796391
12554.132222,134.757677
12554.636389,134.738321
12555.143056,134.806069
12555.405278,134.893175
12555.641111,135.028672
12555.9775,134.98028
12556.453611,135.241597
12556.742778,135.4642
12556.994444,135.386773
12557.2725,135.512592
12557.505,135.996511
12557.847778,135.638411
12558.106944,135.725516
12558.35,135.657767
12558.7525,135.783586
12559.054722,135.686803
12559.32,135.4642
12559.560278,135.473878
12559.871944,135.309345
12560.327222,135.154491
12560.59,134.999637
12560.907778,134.951245
12561.155,134.941567
12561.436111,135.048029
12561.774444,135.057707
12562.8025,134.989959
12563.049167,134.883496
12563.153333,134.825426
12563.55,134.960923
12563.845833,135.212562
12564.100833,134.999637
12564.3475,135.396451
12564.585,135.115778
12564.882778,135.057707
12565.148611,135.241597
12566.794167,135.086743
12566.831111,135.067386
12567.178889,135.319024
12567.466667,135.22224
12567.747222,135.338381
12567.994722,135.570662
12568.231111,135.735194
12568.503611,135.783586
12568.788056,135.841657
12569.299444,135.357737
12569.566389,135.289989
12569.9825,135.212562
12570.241667,135.396451
12570.515556,135.299667
12570.831111,135.077064
12571.1825,135.144813
12571.459722,135.173848
12571.769167,135.106099
12572.028056,135.125456
12573.001944,135.028672
12573.246667,135.028672
12573.486389,134.999637
12573.813056,135.048029
12574.0575,135.028672
12574.306111,134.98028
12574.565833,134.98028
12574.9425,135.057707
12575.202778,135.077064
12575.472222,135.028672
12576.238056,134.786713
12576.475278,134.747999
12576.791389,134.738321
12577.073611,134.873818
12577.516667,134.854461
12577.793611,134.873818
12578.020278,134.92221
12578.555833,134.902853
12578.850833,134.873818
12579.096944,135.018994
12579.352778,135.028672
12579.6375,134.970602
12579.945278,135.009315
12580.1475,134.825426
12580.433333,135.009315
12580.739167,135.154491
12580.865278,135.154491
12580.970833,135.415808
12581.203333,135.648089
12581.4625,135.831978
12581.772222,135.754551
12582.29,135.957797
12582.535556,136.044903
12582.798889,136.161043
12583.080556,135.996511
12583.781111,135.299667
12584.026389,135.415808
12584.270556,135.309345
12584.506389,135.319024
12584.83,135.406129
12584.87,135.406129
12585.583611,135.154491
12585.894167,135.009315
12586.084444,135.028672
12586.320833,134.989959
12586.621944,135.144813
12586.915,135.173848
12587.159167,135.319024
12587.4675,135.357737
12587.724167,135.038351
12588.004722,135.067386
12588.248611,135.193205
12588.527222,135.231918
12588.844444,135.038351
12589.078333,135.144813
12589.327222,135.28031
12589.444444,135.415808
12589.632222,135.260953
12590.573056,135.28031
12590.922778,135.154491
12591.15,135.115778
12591.417778,134.970602
12591.714444,134.757677
12592.224444,135.028672
12592.505278,135.328702
12592.808333,135.16417
12593.309444,135.493235
12593.562778,135.541627
12594.145556,135.435164
12594.385833,135.454521
12594.626389,135.396451
12594.961389,135.531948
12595.240556,135.783586
12595.502222,135.8223
12595.745833,135.531948
12595.985278,135.4642
12596.216667,135.648089
12596.460278,135.667446
12596.763611,135.512592
12597.009167,135.52227
12597.243611,135.706159
12597.511111,135.357737
12597.825278,135.009315
12598.374167,135.319024
12598.727778,135.16417
12598.986944,135.328702
12599.515,135.048029
12600.090833,134.854461
12600.350556,134.815748
12600.624722,134.699607
12601.170556,134.62218
12601.404722,134.593145
12601.7225,134.535074
12601.969722,134.56411
12602.234167,134.68025
12602.493611,134.689929
12602.789444,134.525396
12603.051111,134.602823
12603.3,134.709285
12603.540556,134.689929
12603.79,134.447969
12604.0425,134.554431
12604.300278,134.660893
12604.571944,134.593145
12604.898889,134.593145
12605.415833,134.738321
12605.825833,134.718964
12606.129444,134.989959
12606.388889,135.212562
12606.6275,135.28031
12606.936389,135.309345
12607.205833,135.696481
12607.459167,135.531948
12607.741111,135.22224
12607.971667,135.154491
12608.240556,135.057707
12608.5025,135.251275
12608.795833,134.902853
12609.31,135.183526
12609.528889,135.299667
12609.846389,134.960923
12610.753889,134.970602
12611.021111,134.999637
12611.36,135.086743
12611.609722,135.115778
12611.9175,135.009315
12612.189722,135.086743
12612.421944,135.154491
12613.0325,135.028672
12613.3,135.241597
12613.636944,135.154491
12614.152778,135.135134
12614.416389,135.135134
12614.748056,135.106099
12615.2275,135.241597
12615.488333,135.22224
12615.816389,135.028672
12616.0475,134.989959
12616.315,135.154491
12616.593056,135.154491
12616.606944,135.16417
12617.141111,135.241597
12617.378333,135.144813
12617.654444,135.144813
12617.956944,135.096421
12618.205,135.386773
12618.476111,135.28031
12618.765,135.183526
12618.998889,135.319024
12619.221944,135.377094
12619.494167,135.415808
12619.846944,135.193205
12620.097222,135.309345
12620.373333,135.28031
12620.603333,135.28031
12620.610833,135.338381
12620.939722,135.154491
12621.204167,135.22224
12622.066389,135.028672
12622.345833,135.106099
12622.547222,135.183526
12622.864444,134.931888
12623.077222,134.941567
12623.903611,134.86414
12624.168889,134.825426
12624.401667,134.796391
12624.741667,134.747999
12624.950556,134.747999
12625.196111,134.796391
12625.423333,134.699607
12625.787222,134.573788
12626.072222,134.602823
12626.300556,134.728642
12626.553611,134.738321
12626.875556,134.631858
12627.115833,134.718964
12627.366389,134.747999
12628.019444,134.738321
12628.270833,134.786713
12628.516667,134.98028
12628.818333,134.815748
12629.331667,135.086743
12629.5925,135.096421
12629.918333,135.144813
12630.207222,134.989959
12630.448333,134.999637
12630.811389,134.931888
12631.070833,135.241597
12631.328611,134.786713
12631.523611,134.806069
12631.845833,134.602823
12632.175278,134.825426
12632.431944,134.486683
12632.728333,134.428612
12632.985556,134.447969
12633.233056,134.535074
12633.484444,134.477004
12633.893889,134.206009
12634.157778,134.457647
12634.477222,134.573788
12634.774722,134.438291
12635.035278,134.496361
12635.311667,134.554431
12635.569167,134.62218
12635.891111,134.457647
12636.379444,134.535074
12636.639167,134.535074
12636.9525,134.544753
12637.306944,134.602823
12637.735556,134.583466
12638.173889,134.62218
12638.428333,134.593145
12638.803056,134.457647
12639.062778,134.56411
12639.308889,134.651215
12639.629167,134.593145
12639.925,134.535074
12640.12,134.62218
12640.36,134.62218
12640.611944,134.631858
12641.182222,134.796391
12641.743333,134.68025
12641.978056,134.573788
12642.232778,134.893175
12642.476944,134.747999
12642.754167,134.718964
12643.035278,134.699607
12643.274444,134.738321
12643.502222,134.767356
12644.047778,134.796391
12644.575833,134.941567
12644.896389,134.767356
12645.14,134.941567
12645.385278,134.893175
12645.613333,134.999637
12645.886944,134.777034
12646.173333,134.835104
12646.434167,134.825426
12646.760278,134.786713
12647.03,134.641537
12647.819722,134.457647
12648.087222,134.573788
12648.35,134.515718
12648.604444,134.612502
12648.912222,134.689929
12649.188056,134.767356
12649.445833,135.086743
12649.749167,135.135134
12649.991667,135.028672
12650.8325,134.699607
12651.058333,134.738321
12651.5175,134.960923
12651.807778,134.912532
12651.855278,134.912532
12652.075833,134.931888
12652.305833,135.028672
12652.541944,135.338381
12652.854167,135.638411
12653.105833,135.619054
12653.349167,135.657767
12653.620833,135.744873
12653.935833,135.773908
12654.191667,135.609375
12654.4325,135.686803
12654.751389,135.425486
12654.986389,135.725516
12655.465833,135.4642
12655.761667,135.657767
12655.9375,135.657767
12656.312222,135.338381
12656.573056,134.893175
12656.890556,134.835104
12657.130556,134.98028
12657.361389,134.786713
12657.61,134.709285
12657.720556,134.602823
12657.965833,134.438291
12658.219167,134.418934
12658.426111,134.273758
12658.731111,134.235044
12658.981944,134.38022
12659.219722,134.544753
12659.535833,134.535074
12659.827778,134.447969
12660.431944,134.583466
12660.749722,134.602823
12661.020278,134.602823
12661.2975,134.641537
12661.635833,134.612502
12662.153889,134.593145
12662.443333,134.593145
12662.749167,134.612502
12662.999167,134.544753
12663.23,134.689929
12663.808333,134.583466
12664.319167,134.593145
12664.928611,134.525396
12665.174167,134.612502
12665.455,134.525396
12665.778056,134.535074
12666.039444,134.554431
12666.337222,134.583466
12666.566111,134.660893
12667.150556,134.612502
12667.380278,134.62218
12667.6325,134.68025
12667.938333,134.709285
12668.732778,134.757677
12669.015278,134.670572
12669.227222,134.767356
12669.493611,134.660893
12669.804444,134.641537
12670.062778,134.612502
12670.319167,134.631858
12670.601389,134.602823
12670.940556,134.612502
12671.154444,134.651215
12671.401944,134.660893
12671.998889,134.457647
12672.248611,134.583466
12672.509167,134.428612
12672.836944,134.360863
12673.091667,134.447969
12673.368889,134.418934
12674.205278,134.515718
12674.441111,134.399577
12674.731944,134.467326
12674.98,134.506039
12675.218056,134.554431
12675.940278,134.554431
12676.476111,134.573788
12676.741111,134.960923
12677.212222,135.260953
12677.434167,135.928762
12677.728611,136.519144
12677.983333,136.325576
12678.226111,136.219114
12679.031944,136.12233
12679.281389,136.025546
12679.496944,135.909405
12679.845278,135.4642
12680.065556,135.28031
12680.337222,135.115778
12680.550556,135.048029
12681.13,134.951245
12681.362222,134.86414
12681.611944,134.796391
12682.178611,134.806069
12682.4275,134.796391
12682.647222,134.796391
12682.972222,134.777034
12683.205833,134.960923
12683.433056,134.883496
12683.731667,134.86414
12683.986944,134.738321
12684.498889,134.738321
12684.81,134.747999
12685.063333,134.786713
12685.321111,134.815748
12685.728611,134.777034
12686.131389,134.893175
12686.374444,134.883496
12686.595,134.86414
12686.950556,134.883496
12687.187778,134.98028
12687.476111,134.98028
12687.758333,134.825426
12688.023611,134.815748
12688.251111,134.912532
12688.49,134.835104
12688.841667,134.825426
12689.086111,134.86414
12689.340278,134.893175
12689.624167,134.912532
12690.188611,134.999637
12690.463611,134.912532
12690.742778,134.970602
12690.990833,134.854461
12691.254722,135.028672
12691.500556,135.028672
12691.841667,134.757677
12692.103611,134.883496
12692.357778,134.806069
12692.617778,134.767356
12692.913611,134.709285
12693.156667,134.728642
12693.411667,134.728642
12693.726111,134.747999
12694.186111,134.777034
12694.406111,134.718964
12694.708333,134.728642
12694.901111,134.651215
12695.136944,134.68025
12695.717222,134.593145
12695.9925,134.467326
12696.247778,134.573788
12696.463611,134.486683
12696.641667,134.612502
12696.928056,134.62218
12697.241111,134.660893
12697.577778,134.593145
12697.918611,134.747999
12698.209722,134.718964
12698.46,134.477004
12698.848889,134.573788
12699.165278,134.660893
12699.444444,134.815748
12699.782222,134.747999
12700.097222,134.718964
12700.400556,134.689929
12701.032778,134.709285
12701.203889,134.873818
12701.499167,134.815748
12701.852222,135.135134
12702.121667,134.989959
12702.401111,134.98028
12702.744167,135.048029
12703.100556,134.970602
12703.414167,134.825426
12703.776667,134.806069
12704.03,134.554431
12704.5175,134.302793
12704.826667,134.283436
12705.066944,134.283436
12705.466111,134.225366
12705.751111,134.235044
12705.965,134.206009
12706.189444,134.351185
12706.432222,134.486683
12706.73,134.56411
12707.230833,134.612502
12707.4625,134.56411
12707.773889,134.602823
12708.028056,134.631858
12708.297222,134.583466
12708.578056,134.56411
12708.879167,134.573788
12709.760833,134.660893
12710.002778,134.747999
12710.276111,134.699607
12710.515556,134.786713
12710.816667,134.699607
12711.045278,134.86414
12711.206111,134.738321
12711.746944,134.757677
12711.990833,134.786713
12712.247222,134.854461
12712.516667,134.786713
12712.817778,134.747999
12713.069444,135.077064
12713.293611,135.009315
12713.543056,135.067386
12713.822222,135.125456
12714.094444,135.299667
12714.362222,135.22224
12714.621389,135.077064
12714.904444,135.173848
12715.65,134.98028
12715.947778,135.086743
12716.208889,135.038351
12716.473611,134.893175
12717.0425,135.028672
12717.583611,134.883496
12717.848333,134.835104
12718.1175,134.98028
12718.386111,134.873818
12718.711667,134.941567
12718.965,134.931888
12719.205,134.989959
12719.483333,134.767356
12719.767778,134.728642
12720.023333,134.709285
12720.288333,134.573788
12720.537778,134.593145
12720.875278,134.573788
12721.1325,134.535074
12721.405,134.467326
12721.731389,134.467326
12722.218611,134.506039
12722.466111,134.486683
12722.715556,134.486683
12722.744444,134.573788
12723.094444,134.738321
12723.340278,134.612502
12723.588611,134.573788
12723.911111,134.767356
12724.421389,134.883496
12724.756944,134.931888
12724.997778,135.048029
12725.286389,135.125456
12725.529167,135.193205
12726.088611,135.260953
12726.568333,134.612502
12726.777222,134.612502
12726.874167,134.747999
12727.125,134.854461
12727.725833,134.467326
12727.976667,134.447969
12728.178056,134.331828
12728.46,134.32215
12728.760556,134.331828
12729.016667,134.418934
12729.49,134.283436
12730.276111,134.244723
12730.525833,134.244723
12730.81,134.215688
12731.063611,134.312472
12731.282222,134.215688
12731.513333,134.254401
12732.03,134.331828
12732.29,134.254401
12732.552222,134.235044
12732.871944,134.196331
12733.366667,134.544753
12733.648889,134.438291
12733.9525,134.777034
12734.198333,134.670572
12734.453611,134.651215
12734.800556,134.670572
12735.060833,134.835104
12735.305556,134.660893
12735.577222,134.699607
12735.827222,134.68025
12736.000833,134.767356
12736.241111,134.68025
12736.485,134.670572
12736.843889,134.670572
12737.1225,134.796391
12737.388889,134.689929
12737.950833,134.873818
12738.203889,134.699607
12738.48,134.62218
12738.784722,134.651215
12739.066667,134.718964
12739.506389,134.56411
12739.856667,134.593145
12740.143611,134.573788
12740.733333,134.593145
12741.020556,134.660893
12741.284444,134.583466
12741.499167,134.593145
12741.773889,134.583466
12742.005,134.62218
12742.282778,134.506039
12742.541667,134.544753
12742.856944,134.525396
12743.090833,134.612502
12743.361667,134.467326
12743.586111,134.399577
12743.889444,134.467326
12744.395278,134.273758
12744.648333,134.157617
12744.977778,134.438291
12745.206111,134.331828
12745.466944,134.254401
12745.75,134.254401
12745.750278,134.254401
12746.238889,134.312472
12746.474444,134.331828
12746.785556,134.525396
12747.320556,134.689929
12747.588056,134.883496
12747.913333,135.048029
12748.413333,134.970602
12748.71,135.135134
12749.190556,135.299667
12749.459722,135.270632
12750.074444,135.706159
12750.336667,135.319024
12750.565,135.454521
12750.853611,135.018994
12751.105833,135.086743
12751.360278,134.835104
12751.590278,134.767356
12751.851667,134.670572
12752.096111,134.660893
12752.2825,134.583466
12752.548889,134.660893
12753.108889,134.62218
12753.568333,134.56411
12753.899444,134.631858
12754.120278,134.535074
12755.12,134.438291
12755.451667,134.312472
12755.771667,134.447969
12756.021111,134.457647
12756.281667,134.389899
12756.544444,134.38022
12757.195833,134.447969
12757.707222,134.525396
12757.948889,134.641537
12757.989444,134.641537
12758.200833,134.62218
12758.455278,134.506039
12758.781667,134.709285
12759.036389,134.738321
12759.276111,134.718964
12759.525833,134.689929
12760.175833,134.670572
12760.427222,134.689929
12760.959167,134.815748
12761.199167,134.786713
12761.443611,134.670572
12761.718889,134.747999
12762.011111,134.747999
12762.228333,134.651215
12762.478056,134.535074
12763.0275,134.699607
12763.277222,134.612502
12763.511944,134.506039
12763.830556,134.612502
12764.347222,134.496361
12764.5975,134.554431
12764.874167,134.62218
12765.125278,134.535074
12765.409167,134.438291
12765.718056,134.515718
12765.98,134.56411
12766.193611,134.506039
12766.457778,134.409255
12767.061389,134.457647
12767.308333,134.457647
12767.578889,134.418934
12767.863889,134.467326
12768.128889,134.360863
12768.631667,134.360863
12768.940833,134.389899
12769.205556,134.32215
12769.463611,134.225366
12769.713056,134.302793
12770.278056,134.206009
12770.786944,134.26408
12771.104167,134.235044
12771.344722,134.351185
12771.562222,134.399577
12771.871667,134.544753
12772.1575,134.525396
12772.424167,134.506039
12772.643611,134.670572
12772.968611,134.835104
12773.190833,134.989959
12773.484722,135.125456
12773.7875,135.096421
12774.058333,135.406129
12774.343333,135.028672
12774.574444,135.144813
12774.897778,135.22224
12775.729167,135.135134
12775.966389,135.048029
12776.188333,135.338381
12776.441667,135.202883
12776.647222,135.212562
12777.225833,134.893175
12777.472222,134.689929
12777.7875,134.699607
12778.014444,134.68025
12778.273889,134.612502
12778.497778,134.56411
12778.775833,134.602823
12779.029167,134.718964
12779.283056,134.62218
12779.517222,134.525396
12779.851944,134.62218
12780.096944,134.457647
12780.339444,134.399577
12780.879722,134.467326
12781.15,134.331828
12781.399444,134.283436
12781.634444,134.26408
12781.888611,134.38022
12782.123333,134.351185
12782.390833,134.293115
12782.620556,134.399577
12782.901667,134.56411
12783.168333,134.506039
12783.393333,134.515718
12783.643333,134.525396
12784.193611,134.593145
12784.433611,134.438291
12784.741667,134.544753
12785.010278,134.515718
12785.256944,134.360863
12785.533056,134.428612
12786.198056,134.418934
12786.522778,134.447969
12786.831389,134.602823
12787.104722,134.56411
12787.333056,134.583466
12787.6,134.515718
12787.905278,134.56411
12788.17,134.515718
12788.750278,134.525396
12788.993611,134.593145
12789.461111,134.370542
12789.788333,134.399577
12790.046944,134.535074
12790.261944,134.409255
12790.525,134.370542
12790.835278,134.428612
12791.058056,134.486683
12791.296111,134.389899
12791.563889,134.399577
12791.885,134.438291
12792.147778,134.447969
12792.383889,134.399577
12792.643889,134.438291
12793.212222,134.418934
12793.466667,134.370542
12793.709722,134.370542
12793.716111,134.525396
12794.551667,134.496361
12794.862222,134.544753
12795.392778,134.535074
12795.719722,134.602823
12795.975,134.62218
12796.474722,134.467326
12796.782222,134.718964
12797.054167,134.989959
12797.315278,135.009315
12797.582222,135.135134
12797.771389,135.135134
12797.879722,134.970602
12798.379444,134.68025
12798.567222,134.573788
12798.884444,134.670572
12799.089167,134.602823
12799.325556,134.457647
12799.593611,134.389899
12799.915,134.370542
12800.112222,134.312472
12800.325,134.409255
12800.589167,134.215688
12800.898889,134.370542
12801.109167,134.206009
12801.383611,134.089869
12801.641667,134.02212
12801.929444,134.051155
12802.192778,133.973728
12802.441667,133.915658
12802.9825,134.089869
12803.194444,134.051155
12803.751389,134.060833
12803.973056,134.08019
12804.245,134.002763
12804.493056,133.96405
12804.8075,133.96405
12805.073056,134.467326
12805.271944,134.389899
12805.504722,134.409255
12805.801944,134.447969
12806.077778,134.56411
12806.302222,134.447969
12806.5575,134.457647
12806.869167,134.477004
12807.123056,134.447969
12807.385833,134.399577
12807.702778,134.418934
12808.220556,134.418934
12808.738889,134.477004
12808.995278,134.535074
12809.249444,134.506039
12809.763333,134.554431
12809.995278,134.583466
12810.273611,134.467326
12810.531944,134.457647
12810.852222,134.525396
12811.105,134.544753
12811.591667,134.447969
12811.928333,134.573788
12812.175278,134.496361
12812.404167,134.457647
12812.716667,134.447969
12812.971667,134.535074
12813.247778,134.496361
12813.478889,134.351185
12813.762222,134.496361
12814.041667,134.477004
12814.331111,134.302793
12814.595278,134.244723
12814.891667,134.331828
12815.410833,134.196331
12815.731389,134.215688
12815.974722,134.176974
12816.221111,134.147939
12816.462778,134.051155
12816.770556,134.128582
12817.035,134.186652
12817.324444,134.176974
12817.739444,134.167296
12818.420833,134.089869
12818.613056,134.118904
12819.421389,134.157617
12819.748611,134.360863
12819.991944,134.457647
12820.185278,134.351185
12820.389167,134.351185
12820.645,134.418934
12820.951667,134.612502
12821.179167,134.62218
12821.435556,134.660893
12821.761944,134.970602
12822.191667,134.757677
12822.4225,134.457647
12823.004167,134.68025
12823.254167,134.293115
12823.612222,134.186652
12823.900556,134.409255
12824.148889,134.593145
12824.392222,134.118904
12824.7525,133.973728
12824.999444,134.060833
12825.28,133.96405
12825.517778,133.954371
12825.777222,133.954371
12825.920556,133.993085
12826.773611,134.109225
12827.040278,134.235044
12827.268056,134.147939
12827.536111,134.157617
12828.869167,134.235044
12829.1225,134.235044
12829.401389,134.225366
12829.59,134.244723
12829.826111,134.235044
12830.066944,134.38022
12830.341389,134.331828
12830.575556,134.283436
12830.856667,134.331828
12831.123889,134.389899
12831.601944,134.196331
12831.896667,134.196331
12832.150556,134.254401
12832.765556,134.206009
12833.1425,134.206009
12833.251944,134.225366
12833.487778,134.109225
12833.8075,134.147939
12834.073611,134.293115
12834.355833,134.244723
12834.595556,134.254401
12835.39,134.26408
12835.637778,134.254401
12835.953333,134.331828
12836.189167,134.418934
12836.444722,134.225366
12836.716667,134.293115
12837.271944,134.351185
12837.539722,134.273758
12837.851667,134.254401
12838.106667,134.331828
12838.355,134.351185
12838.634722,134.293115
12838.9225,134.312472
12839.19,134.389899
12839.439444,134.176974
12839.961944,134.147939
12840.246667,134.147939
12840.490833,134.060833
12841.07,134.206009
12841.435,134.070512
12841.648611,134.109225
12842.561111,134.176974
12843.128333,134.273758
12843.487222,134.196331
12844.048333,134.496361
12844.301111,134.428612
12844.589167,134.506039
12845.224167,135.028672
12845.488611,134.806069
12845.805833,135.057707
12846.043056,135.193205
12846.293889,134.660893
12846.541389,134.389899
12846.850556,134.215688
12847.363333,134.273758
12847.8725,134.351185
12848.139167,134.254401
12848.401944,134.041477
12848.992778,134.099547
12849.236111,134.351185
12849.536389,134.302793
12849.9075,134.32215
12850.153056,134.418934
12850.385833,134.351185
12850.613333,134.351185
12850.899444,134.389899
12851.131944,134.418934
12851.390833,134.351185
12851.643333,134.293115
12851.926111,134.312472
12852.410833,134.331828
12852.666389,134.399577
12853.202778,134.535074
12853.453611,134.273758
12854.001944,134.418934
12854.271111,134.409255
12854.513333,134.38022
12854.800278,134.351185
12855.571944,134.360863
12855.890278,134.273758
12856.145,134.351185
12856.367778,134.32215
12856.647222,134.293115
12856.976667,134.399577
12857.205833,134.506039
12857.763611,134.428612
12857.983889,134.399577
12858.26,134.399577
12858.509167,134.244723
12858.791111,134.312472
12859.057778,134.457647
12859.440278,134.331828
12859.633889,134.331828
12859.946667,134.360863
12860.206389,134.506039
12861.105278,134.486683
12861.328611,134.477004
12861.577778,134.525396
12862.088056,134.62218
12862.351111,134.593145
12862.582778,134.457647
12862.912222,134.515718
12863.092778,134.602823
12863.321667,134.496361
12863.638056,134.399577
12863.963611,134.273758
12864.183611,134.312472
12864.412778,134.225366
12864.559722,134.225366
12864.7225,134.26408
12864.9725,134.235044
12865.226944,134.409255
12865.486667,134.176974
12865.650278,134.196331
12866.246389,134.312472
12866.420556,134.196331
12866.705556,134.26408
12866.983889,134.312472
12867.464722,134.351185
12867.752778,134.515718
12867.974722,134.418934
12868.223056,134.573788
12868.590278,134.573788
12868.756667,134.544753
12868.958611,134.457647
12869.200278,134.651215
12869.453889,134.544753
12869.785833,134.806069
12870.019167,134.960923
12870.302222,134.835104
12870.564444,134.86414
12870.859444,134.883496
12871.096667,134.912532
12871.363333,134.62218
12871.591944,134.447969
12872.396389,134.438291
12872.640278,134.418934
12872.889722,134.525396
12873.303889,134.573788
12873.553611,134.583466
12873.848611,134.602823
12874.101389,134.651215
12874.329444,134.641537
12874.579167,134.593145
12874.861111,134.438291
12875.128333,134.438291
12875.708333,134.409255
12875.938611,134.244723
12876.261667,134.302793
12876.507778,134.128582
12876.783056,134.225366
12877.063333,134.351185
12877.411111,134.235044
12877.721944,134.283436
12878.339444,134.293115
12878.605,134.38022
12879.096389,134.438291
12879.570556,134.370542
12879.928056,134.254401
12880.195833,134.38022
12880.5325,134.331828
12880.860833,134.293115
12881.410278,134.331828
12881.715833,134.302793
12881.987778,134.283436
12882.362778,134.283436
12882.606111,134.302793
12882.937222,134.254401
12883.196111,134.399577
12883.878333,134.331828
12884.158333,134.477004
12884.385556,134.389899
12884.706111,134.360863
12885.266111,134.32215
12885.543611,134.128582
12885.829722,134.070512
12886.586667,134.138261
12886.900556,134.167296
12887.134167,134.118904
12887.387778,134.002763
12887.719444,134.002763
12887.979444,133.886622
12888.160556,133.915658
12888.402778,133.78016
12888.728611,133.896301
12889.273889,133.925336
12889.728889,133.867266
12890.397778,133.760803
12890.658056,133.770482
12890.979167,133.751125
12891.1675,133.867266
12891.737778,133.857587
12892.103611,133.799517
12892.358333,133.915658
12892.616111,133.944693
12892.920278,133.993085
12893.245278,134.089869
12893.484444,134.02212
12893.775556,134.167296
12893.991944,134.293115
12894.258611,134.273758
12894.541111,134.012442
12894.851667,134.002763
12895.126667,134.02212
12895.389444,133.760803
12895.905833,133.96405
12896.409444,133.905979
12896.720556,133.896301
12896.978889,133.905979
12897.447222,133.935014
12897.728611,134.002763
12897.958889,133.925336
12898.475278,133.983406
12898.751944,134.02212
12899.010833,134.002763
12899.290556,134.02212
12899.548889,134.002763
12899.87,133.973728
12900.114444,133.935014
12900.159722,133.935014
12900.371111,133.935014
12900.603333,133.96405
12900.9125,133.857587
12901.718056,133.983406
12901.968056,133.886622
12902.188889,133.896301
12902.434167,133.896301
12902.987222,133.925336
12903.248611,134.08019
12903.501111,134.060833
12903.766389,133.973728
12904.0475,134.012442
12904.222778,134.012442
12904.313889,133.954371
12904.518889,133.925336
12904.829167,133.925336
12905.067222,134.02212
12905.337778,134.051155
12905.608889,133.935014
12905.897222,133.954371
12906.179722,133.96405
12906.417222,133.925336
12906.645278,133.886622
12906.973889,133.857587
12907.237778,133.983406
12907.738611,133.886622
12908.016389,133.925336
12908.275556,133.954371
12908.514722,133.993085
12908.771944,134.031798
12909.018333,134.051155
12909.2675,134.070512
12909.821111,134.051155
12910.081389,134.070512
12910.581389,134.118904
12910.889444,134.031798
12911.159167,134.02212
12911.388889,133.993085
12911.958611,133.925336
12912.212222,133.983406
12912.496667,133.886622
12912.810556,133.876944
12913.088611,133.876944
12913.348056,133.876944
12913.647778,133.809195
12914.136111,133.818874
12914.402222,133.770482
12914.646389,133.731768
12914.936944,133.789839
12915.166389,133.867266
12915.422778,133.809195
12915.648611,133.751125
12915.943889,133.78016
12916.65,133.838231
12916.956944,133.983406
12917.465,134.206009
12917.78,134.26408
12917.994722,134.389899
12918.513333,134.167296
12919.457778,134.070512
12919.749167,134.051155
12920.035278,134.138261
12920.263611,134.060833
12920.529444,134.051155
12920.850278,134.02212
12921.139444,134.070512
12921.383611,134.118904
12921.628333,134.041477
12921.95,134.099547
12922.210556,134.312472
12922.761667,134.176974
12923.002222,134.157617
12923.260833,134.167296
12923.515556,134.206009
12923.793333,134.196331
12924.06,134.186652
12924.320556,134.157617
12924.547222,134.176974
12925.300278,134.070512
12925.511389,134.070512
12925.844722,134.08019
12926.068889,134.147939
12926.319444,134.176974
12926.568333,134.235044
12926.857222,134.26408
12927.098611,134.235044
12927.330833,134.225366
12927.5625,134.186652
12927.863333,134.118904
12928.065833,134.118904
12928.357778,134.089869
12928.614722,134.051155
12928.898889,134.02212
12929.124167,133.96405
12929.392778,134.012442
12929.716111,134.002763
12929.972222,133.925336
12930.178056,134.012442
12930.741944,133.954371
12930.974167,133.96405
12931.218056,134.051155
12931.427778,133.905979
12931.73,133.751125
12932.2325,133.867266
12932.462778,133.770482
12932.706944,133.818874
12932.979167,133.838231
12933.243056,133.954371
12933.783333,133.760803
12934.001944,133.799517
12934.281667,133.857587
12934.520278,133.838231
12934.814444,133.799517
12935.063611,133.925336
12935.315,133.809195
12935.5875,133.760803
12935.897778,133.78016
12936.031944,133.78016
12936.106111,133.741447
12936.352222,133.818874
12936.6,133.741447
12936.929444,133.809195
12937.166944,133.876944
12937.380278,133.867266
12937.741111,133.78016
12938.123333,133.770482
12938.44,133.72209
12938.745556,133.702733
12939.014722,133.741447
12939.227222,133.760803
12939.475278,133.770482
12939.766667,133.741447
12939.995556,133.789839
12940.050278,133.789839
12940.287222,133.760803
12940.526389,133.789839
12940.839444,133.741447
12941.073611,133.818874
12941.338889,133.867266
12941.587778,133.915658
12941.879722,134.109225
12942.122778,134.176974
12942.71,134.254401
12942.885556,134.32215
12943.074167,134.302793
12943.316667,134.215688
12943.641111,134.02212
12943.954722,134.002763
12944.22,134.099547
12944.460556,134.051155
12944.843333,134.051155
12945.063056,134.089869
12945.312778,134.012442
12945.541389,134.041477
12945.838056,134.012442
12946.102778,134.041477
12946.369444,134.109225
12946.607222,134.109225
12947.401667,134.244723
12947.9375,134.128582
12948.16,134.128582
12948.404722,134.225366
12948.804167,134.128582
12949.061667,134.235044
12949.555833,134.186652
12949.863333,134.176974
12950.203889,134.302793
12950.437778,134.302793
12951.065,134.225366
12951.338889,134.215688
12951.560833,134.157617
12951.845556,134.157617
12952.103333,134.167296
12952.369722,134.273758
12952.630556,134.176974
12953.258333,134.206009
12953.523611,134.157617
12954.071667,134.254401
12954.315,134.235044
12954.833333,134.215688
12955.078611,134.302793
12955.338333,134.351185
12956.265833,134.26408
12956.585833,134.273758
12956.923333,134.215688
12957.196944,134.26408
12957.471389,134.244723
12957.766389,134.138261
12958.004167,134.157617
12958.283889,134.138261
12958.523611,134.109225
12958.842222,134.118904
12959.083056,134.176974
12959.345556,134.147939
12959.586111,134.118904
12959.901944,134.089869
12960.141111,134.041477
12960.423611,134.041477
12960.724444,133.712412
12960.983333,133.605949
12961.236111,133.654341
12961.468333,133.605949
12961.636944,133.528522
12962.317222,133.576914
12962.569722,133.576914
12962.848611,133.596271
12963.087778,133.66402
12963.334444,133.66402
12963.739444,133.615628
12964.06,133.673698
12964.311389,133.567236
12964.577222,133.605949
12965.161111,133.509165
12965.366667,133.615628
12965.613333,133.586592
12965.924167,133.634984
12966.202778,133.770482
12966.752222,133.741447
12967.241111,133.876944
12967.470278,133.867266
12967.777778,133.760803
12968.019444,133.799517
12968.291667,133.78016
12968.5575,133.818874
12968.854722,133.954371
12969.085,133.867266
12969.3175,133.770482
12969.584722,133.693055
12969.85,133.605949
12970.080278,133.625306
12970.601111,133.567236
12970.893611,133.586592
12971.098333,133.567236
12971.343333,133.673698
12971.505278,133.673698
12971.594444,133.66402
12971.886111,133.654341
12972.380556,133.712412
12972.634167,133.693055
12972.887222,133.731768
12973.1425,133.66402
12973.366389,133.693055
12973.630556,133.615628
12973.909722,133.615628
12974.136111,133.586592
12974.375278,133.66402
12974.6175,133.654341
12975.168333,133.683376
12975.386944,133.712412
12975.536667,133.712412
12975.625556,133.66402
12976.166111,133.586592
12976.38,133.576914
12976.646111,133.557557
12976.967222,133.557557
12977.214167,133.576914
12977.446667,133.576914
12977.7375,133.528522
12977.982778,133.489809
12978.2425,133.557557
12978.462222,133.557557
12979.261667,133.615628
12979.538611,133.615628
12979.818056,133.576914
12980.272222,133.625306
12980.5125,133.66402
12980.808611,133.596271
12981.036389,133.673698
12981.262778,133.673698
12981.534444,133.693055
12981.860556,133.625306
12982.128889,133.586592
12982.383333,133.605949
12982.596111,133.615628
12982.9175,133.605949
12983.155278,133.615628
12983.433056,133.654341
12983.713056,133.489809
12983.973333,133.402703
12984.244722,133.305919
12984.483889,133.354311
12984.788611,133.276884
12985.041389,133.354311
12985.295556,133.315598
12986.338056,133.315598
12986.610833,133.296241
12987.149722,133.373668
12987.383056,133.451095
12987.594444,133.460773
12987.905833,133.48013
12988.186111,133.489809
12988.452778,133.431738
12988.791667,133.499487
12989.270556,133.518844
12989.515556,133.654341
12989.792778,133.72209
12990.308611,133.760803
12990.526944,133.760803
12990.882778,133.799517
12991.096111,133.66402
12991.390278,133.605949
12991.733889,133.518844
12992.251667,133.634984
12992.497222,133.799517
12992.764722,133.78016
12992.998611,133.857587
12993.4925,133.867266
12993.749444,133.760803
12994.274444,133.683376
12994.843056,133.731768
12995.081944,133.760803
12995.343056,133.770482
12995.584167,133.751125
12995.906667,133.760803
12996.174444,133.731768
12996.3375,133.770482
12996.411944,133.770482
12996.593056,133.818874
12996.918056,133.886622
12997.4025,134.002763
12997.933333,133.954371
12998.211111,134.051155
12998.779722,134.118904
12999.006111,134.186652
12999.250833,134.186652
12999.831389,134.138261
13000.310556,134.147939
13000.439167,134.147939
13000.547222,134.206009
13000.838611,134.089869
13001.090278,134.215688
13001.321667,134.225366
13001.816944,134.206009
13002.12,134.196331
13002.739167,134.176974
13003.039444,134.244723
13008.13,133.993085
13015.433889,135.16417
13017.8825,134.302793
13017.966944,134.235044
13018.179444,134.360863
13018.531389,134.418934
13018.85,134.312472
13019.098611,134.418934
13019.592222,134.515718
13020.2175,134.418934
13020.430278,134.496361
13020.645556,134.38022
13020.918333,134.32215
13021.138056,134.32215
13021.383611,134.312472
13021.647778,134.283436
13021.925278,134.331828
13022.165556,134.293115
13022.413056,134.389899
13022.719167,134.370542
13022.977778,134.38022
13023.2475,134.477004
13023.456111,134.447969
13023.742222,134.351185
13024.263333,134.370542
13024.510833,134.399577
13024.802222,134.331828
13025.030833,134.457647
13025.266667,134.389899
13025.528333,134.506039
13025.840278,134.293115
13026.038611,134.389899
13026.286389,134.235044
13026.516667,134.409255
13026.871389,134.302793
13027.117778,134.351185
13027.459167,134.418934
13028.035,134.399577
13028.54,134.447969
13028.861944,134.312472
13029.135833,134.389899
13029.405833,134.351185
13029.995278,134.235044
13030.261944,134.244723
13030.569444,134.389899
13030.801111,134.206009
13031.09,134.273758
13031.642222,134.128582
13031.911389,134.02212
13032.158333,134.089869
13032.201944,134.089869
13032.45,134.138261
13032.813056,134.070512
13033.067222,134.147939
13033.340556,134.041477
13033.65,134.089869
13034.146944,134.128582
13034.395278,134.215688
13035.085,134.573788
13035.328611,134.399577
13035.719167,134.554431
13035.995556,134.699607
13036.218056,134.699607
13036.472222,134.92221
13036.788889,134.477004
13037.070556,134.651215
13037.322222,134.525396
13037.586667,134.796391
13038.155278,134.62218
13038.377222,134.689929
13038.605833,134.796391
13038.854167,134.602823
13039.115,134.796391
13039.375,134.331828
13039.735,134.438291
13040.018611,134.167296
13040.272778,133.993085
13040.534444,134.089869
13040.829444,133.905979
13041.103333,134.225366
13041.352778,134.176974
13042.495278,134.206009
13042.785833,134.167296
13043.104167,134.631858
13043.348611,134.68025
13043.598333,134.612502
13043.92,134.62218
13044.244444,134.738321
13044.496389,134.796391
13044.746389,134.718964
13044.966944,134.554431
13045.214722,134.535074
13045.717222,134.496361
13046.022222,134.670572
13046.263611,134.631858
13046.517778,134.718964
13046.814444,134.477004
13047.543333,134.825426
13047.856667,134.602823
13048.09,134.699607
13048.270833,134.602823
13048.515556,134.835104
13049.068889,134.815748
13049.352222,134.786713
13049.605278,134.786713
13049.937778,134.651215
13050.206111,134.757677
13050.470556,134.767356
13050.764722,134.718964
13051.034444,134.902853
13051.297778,134.718964
13051.543333,134.902853
13051.842778,134.786713
13052.326667,134.777034
13052.563889,134.970602
13052.871944,134.757677
13053.111667,134.806069
13053.633889,134.62218
13053.947778,134.612502
13054.216667,134.699607
13054.511389,134.738321
13054.831389,134.554431
13055.344167,134.593145
13055.611667,134.554431
13056.131944,134.486683
13056.585278,134.56411
13056.901667,134.399577
13057.1075,134.573788
13057.345278,134.535074
13057.716111,134.612502
13058.170556,134.196331
13058.419722,134.109225
13058.644444,134.051155
13058.961389,133.935014
13059.206944,133.944693
13059.460833,133.993085
13059.769167,133.925336
13060.343333,133.905979
13060.584444,134.157617
13060.879167,134.002763
13061.138333,134.089869
13061.403333,134.128582
13061.639444,134.128582
13061.891389,134.118904
13062.388611,134.225366
13062.631389,134.089869
13062.913611,134.041477
13063.17,134.070512
13063.403056,134.099547
13063.65,134.089869
13064.545833,134.496361
13064.880833,134.399577
13065.135278,134.525396
13065.916111,134.447969
13066.186667,134.389899
13066.515833,134.418934
13066.767778,134.32215
13067.036944,134.506039
13067.300833,134.351185
13067.495556,134.506039
13067.639444,134.438291
13067.894167,134.438291
13068.257778,134.477004
13068.462778,134.554431
13068.739444,134.506039
13069.023056,134.389899
13069.723333,134.312472
13070.086111,134.447969
13070.361667,134.370542
13070.631944,134.535074
13070.933056,134.351185
13071.566111,134.525396
13071.962222,134.525396
13071.967222,134.399577
13072.257778,134.428612
13072.754167,134.418934
13073.040278,134.525396
13073.336667,134.399577
13073.718889,134.438291
13074.034444,134.56411
13074.311389,134.428612
13074.5625,134.602823
13074.85,134.447969
13075.438889,134.477004
13075.805556,134.370542
13076.107778,134.467326
13076.763056,134.409255
13077.028056,134.525396
13077.336111,134.399577
13078.0675,134.602823
13078.351389,134.293115
13078.611111,134.477004
13078.908333,134.283436
13079.185556,134.418934
13079.454722,134.360863
13079.796944,134.138261
13080.039444,134.157617
13080.496111,134.196331
13081.065,134.206009
13081.399167,134.051155
13081.731667,134.08019
13081.731944,134.08019
13082.248611,133.838231
13082.480278,133.867266
13082.802778,133.751125
13083.056389,133.809195
13083.362778,133.673698
13083.605556,133.828552
13084.185,133.751125
13084.724167,133.915658
13084.988611,133.954371
13085.266944,133.828552
13085.488056,134.051155
13086.043889,134.273758
13086.561111,134.186652
13087.126111,134.109225
13087.407778,134.041477
13087.740556,133.973728
13088.0125,134.099547
13088.541111,134.118904
13088.871667,134.051155
13089.102222,134.138261
13089.375556,134.012442
13089.645556,134.26408
13089.959444,134.167296
13090.211389,134.196331
13090.499167,134.254401
13090.803611,133.886622
13091.075556,133.818874
13091.335,133.72209
13095.582222,162.612076
13095.861944,148.220314
13096.173056,144.474778
13096.346667,143.255301
13096.715278,145.1813
13096.942222,142.471352
13097.418611,142.181
13097.613611,141.232518
13097.938333,142.674598
13098.211389,140.729242
13098.453611,144.22314
13098.771111,140.709885
13099.001667,139.800117
13099.553611,126.114878
13099.876667,123.695281
13100.125556,122.195131
13100.401667,118.517344
13100.724444,114.481456
13101.009167,115.265406
13101.290556,113.813647
13101.553611,112.632884
13101.880278,113.532974
13102.151944,112.313497
13102.395556,110.658493
13102.721111,111.123056
13102.933333,110.832704
13103.22,108.451821
13103.480833,109.516444
13103.766111,109.516444
13103.775278,109.526122
13103.996389,109.545479
13104.255556,108.113077
13104.507222,108.829278
13104.836667,105.983832
13105.089444,104.599823
13105.321667,106.593571
13105.735833,108.267932
13106.142222,107.454947
13106.413056,106.748425
13106.724444,106.361289
13107.0075,106.487108
13107.266944,107.73562
13107.525556,108.587318
13107.785833,108.587318
13107.835833,109.100273
13108.006667,108.606675
13108.251944,108.229218
13108.531667,108.664745
13109.101944,108.8196
13109.343056,108.490534
13109.591944,107.13556
13109.924444,107.67755
13110.178611,104.957923
13110.714722,107.61948
13110.973611,106.070938
13111.242222,105.074064
13111.457778,107.358163
13111.763889,106.061259
13112.037778,105.33538
13112.5725,103.573914
13112.858056,103.728768
13113.098889,102.015693
13113.362778,102.973854
13113.584167,102.625432
13114.360556,102.683502
13114.630556,102.122156
13114.964722,103.680376
13115.1925,103.83523
13115.440833,103.77716
13115.724722,104.764355
13116.267778,101.386598
13116.819444,101.61888
13117.055556,101.425312
13117.308056,102.267332
13117.515,101.686628
13117.835,98.637936
13118.076389,98.550831
13118.336667,99.402529
13118.998333,99.508991
13119.259722,98.899253
13119.520278,96.431264
13119.93,96.740972
13120.2925,98.628258
13120.543611,97.408781
13120.836667,97.602349
13121.084167,97.582992
13121.301667,96.750651
13121.561944,96.305445
13121.839444,95.550531
13122.108611,95.540852
13122.383611,94.505265
13122.583333,95.066611
13122.908056,95.221466
13123.121389,94.505265
13123.361944,94.747225
13123.610556,94.873044
13123.919722,94.021346
13124.163889,94.543979
13124.368333,96.702259
13124.602778,96.044129
13125.167778,94.11813
13125.387222,93.624532
13125.611667,93.295467
13125.859722,92.327628
13126.107222,92.937366
13126.396389,97.389424
13126.644167,98.028198
13126.911111,97.863665
13127.335833,96.895827
13127.534444,96.644189
13127.907222,97.641062
13128.358056,98.841182
13128.603889,99.383172
13129.2075,99.915483
13129.466111,98.599223
13129.780556,99.344459
13130.331944,98.860539
13130.566111,100.505865
13130.843333,101.202709
13131.071111,100.951071
13131.323611,99.954197
13131.602222,99.963875
13131.901111,100.41876
13132.097222,100.341332
13132.349444,99.267032
13132.590833,99.528348
13132.905,99.809021
13133.158333,100.021946
13133.3725,100.709111
13133.624444,101.609201
13133.894722,102.257653
13134.144167,102.073764
13134.402222,101.928588
13134.785278,102.373794
13135.03,100.951071
13135.293333,100.622006
13135.570556,100.312297
13135.885556,100.767182
13136.142778,100.699433
13136.395278,100.622006
13136.771944,101.251101
13137.0475,100.592971
13137.286389,100.960749
13137.529722,100.312297
13137.839167,101.212387
13138.095556,100.873644
13138.875556,98.541152
13139.117222,100.486508
13139.184722,100.486508
13139.605,100.331654
13140.146944,99.896127
13140.398333,99.596097
13140.705278,99.489634
13141.25,99.57674
13141.475,99.286388
13141.791389,100.331654
13142.185833,98.947645
13142.443889,94.71819
13142.750278,95.105325
13143.004722,93.808421
13143.214167,93.808421
13143.312222,92.608301
13143.5825,93.421286
13143.8925,92.356663
13144.101111,95.957023
13144.609167,95.957023
13144.920833,100.041302
13145.180833,99.33478
13145.426389,98.560509
13145.63,97.766881
13145.9025,96.953897
13146.175556,94.8924
13146.399167,93.053507
13146.717778,95.560209
13146.969444,94.543979
13147.469167,94.185878
13148.080278,94.089094
13148.313889,93.789064
13148.554444,93.411607
13148.868889,94.340732
13149.153333,93.943919
13149.389444,94.127808
13149.646111,95.598923
13149.985556,94.698833
13150.238611,94.602049
13150.747778,95.569888
13151.517778,95.231144
13151.819444,95.560209
13152.078333,95.144039
13152.2875,95.31825
13152.541667,95.250501
13152.843056,94.795617
13153.0975,94.108451
13153.321111,95.047255
13153.770833,95.385998
13154.128889,94.447195
13154.406667,93.353537
13154.817222,95.502139
13155.3425,94.069738
13155.5775,93.643889
13155.8575,95.792491
13156.133611,95.01822
13156.384444,94.844009
13156.610278,94.640762
13156.876667,94.902079
13157.124167,95.202109
13157.381111,93.672924
13157.581111,93.547105
13157.878889,94.698833
13158.145833,93.711637
13158.400278,93.595497
13158.731944,94.902079
13158.9775,93.789064
13159.231944,92.73412
13159.4175,92.19213
13159.645278,92.43409
13159.9425,92.995437
13160.183056,92.163095
13160.445833,91.746925
13160.755556,92.269558
13161.003056,91.77596
13161.236944,92.67605
13161.504444,91.737246
13161.796389,92.095347
13162.168056,93.053507
13162.492222,92.801869
13162.748611,93.943919
13163.013889,92.67605
13163.290833,93.024472
13163.736111,94.456873
13164.0475,93.343859
13164.319167,89.143438
13164.600833,89.153117
13165.208056,91.214613
13165.477778,92.850261
13165.778333,93.130934
13166.008611,91.998563
13166.2425,91.659819
13167.038333,92.385698
13167.293611,92.501839
13167.508056,94.873044
13167.827778,94.77626
13168.091944,94.282662
13168.62,93.663245
13169.196944,92.811547
13169.450278,92.666371
13170.131667,92.647015
13170.471111,92.07599
13171.169444,92.637336
13171.398889,94.921436
13172.340278,95.43439
13172.633056,96.102199
13172.981389,95.937666
13173.238056,94.708511
13173.4925,94.185878
13173.832778,97.689454
13174.094722,94.379446
13174.356944,93.556783
13174.628611,94.514943
13174.976389,94.514943
13175.033889,93.856813
13175.256944,93.808421
13175.530556,93.430964
13176.205833,92.898653
13176.466667,93.595497
13176.784167,93.450321
13177.7375,92.366341
13178.098333,92.337306
13178.357778,92.066311
13178.541389,91.214613
13178.986667,91.214613
13179.215278,91.369468
13179.455556,92.43409
13179.776944,92.898653
13180.059167,90.682302
13180.307222,90.498413
13180.536389,90.798443
13180.909444,90.904905
13181.426389,91.77596
13181.716389,91.688854
13182.259444,90.93394
13182.451944,92.67605
13182.776389,92.859939
13183.064722,91.756603
13183.302222,91.804995
13183.548333,91.785638
13183.832778,87.420686
13184.127222,86.239922
13184.381667,86.220566
13185.0375,85.339832
13185.247222,89.540252
13185.487778,88.320776
13185.986944,88.156243
13186.249167,86.888374
13186.463056,85.726968
13186.766389,90.943619
13187.068611,87.604575
13187.390833,87.39165
13187.745278,85.707611
13188.0675,86.878696
13188.326389,85.804395
13188.583611,85.872144
13188.920278,85.59147
13189.195833,85.010767
13189.466111,86.539952
13189.772778,86.849661
13190.114167,85.639862
13190.348333,85.649541
13191.218611,87.923962
13192.074722,85.736646
13192.330278,85.378546
13192.566944,86.472204
13193.241111,88.107851
13193.818056,85.407581
13194.134167,86.462525
13194.420833,85.243048
13194.775833,84.797843
13195.136389,85.214013
13195.388611,85.804395
13195.711389,85.29144
13196.026111,84.846235
13196.270556,83.258979
13196.5,83.394477
13196.757778,82.397603
13197.121389,82.204035
13197.364444,82.687954
13197.993333,83.626758
13198.550556,82.716989
13198.845833,86.230244
13199.1175,85.688254
13199.6375,84.99141
13199.998333,84.371994
13200.256944,82.087894
13200.502778,82.813773
13200.846944,82.968627
13201.400833,82.000789
13201.726111,84.69138
13202.428056,84.439742
13202.597778,84.459099
13202.871389,84.730094
13203.190556,84.255853
13203.485278,85.281762
13203.774167,85.668897
13204.100833,84.555883
13204.27,84.546205
13204.528333,84.468777
13204.851389,84.93334
13205.18,84.894627
13205.411389,85.47533
13205.741389,85.949571
13206.266667,84.255853
13206.544722,84.149391
13206.885278,83.568687
13207.216944,82.204035
13207.488333,81.468477
13208.330278,81.816899
13208.6125,83.210587
13208.969722,85.47533
13209.238889,87.662645
13210.082222,87.865891
13210.33,86.704485
13210.578333,86.704485
13210.587222,86.772234
13210.901944,86.162495
13211.414722,85.959249
13211.725556,86.19153
13212.731389,85.707611
13213.068889,85.862465
13213.351667,85.088194
13213.568056,85.155943
13214.427778,81.93304
13214.584167,81.93304
13214.7625,82.223392
13215.094444,82.078216
13215.416389,82.087894
13216.036667,81.729794
13216.284167,83.007341
13216.528611,82.194356
13216.846389,82.920236
13217.136111,82.47503
13217.427222,82.204035
13217.728611,82.087894
13217.99,82.726668
13218.258611,82.987984
13218.838611,82.407281
13219.119444,83.007341
13219.318611,80.500639
13219.567778,80.578066
13219.881389,80.955523
13220.164167,81.894326
13220.445,81.57494
13220.764167,82.029824
13221.001944,81.807221
13221.271389,82.145965
13221.548056,81.836256
13221.893333,82.029824
13222.1575,81.913683
13222.422778,81.584618
13222.708333,82.223392
13222.976389,82.078216
13223.256667,83.355763
13223.828333,82.929914
13224.053333,82.078216
13224.357222,82.494386
13224.591944,82.455673
13224.909444,82.165321
13225.185833,81.710437
13226.278889,81.342658
13226.514444,81.323302
13227.338333,81.468477
13227.616944,82.000789
13227.924167,89.114403
13228.628611,87.130334
13228.956389,87.614253
13229.219722,86.056033
13229.435,85.407581
13229.7375,86.559309
13230.200556,85.901179
13230.535278,83.510617
13230.837222,83.317049
13231.132222,81.913683
13231.474167,81.139412
13231.780278,84.613953
13231.996944,83.646115
13232.254444,83.471904
13232.496667,82.078216
13232.773889,82.445995
13233.0325,81.971754
13233.3225,81.826578
13233.590556,81.565261
13233.885833,81.63301
13234.109167,81.603975
13234.491667,82.23307
13234.823611,81.284588
13235.105,82.126608
13235.352778,81.439442
13235.614722,83.636436
13235.919167,82.949271
13236.849444,81.216839
13237.92,81.720116
13238.171667,79.029524
13238.929722,79.523122
13239.107222,79.135986
13239.320278,78.429464
13239.880833,82.23307
13240.363056,82.213713
13240.723611,82.900879
13240.974167,82.29114
13241.196389,81.323302
13241.445,81.33298
13241.735,81.584618
13242.0,81.168447
13242.251389,80.761955
13242.544444,80.800669
13242.850833,80.945845
13243.124167,80.820026
13243.421111,80.307071
13243.740556,80.723242
13244.264722,78.93274
13244.561667,79.126308
13244.864722,79.436016
13245.141389,79.765081
13245.333333,79.639262
13245.747778,79.648941
13246.004722,79.203735
13246.14,79.203735
13246.306944,79.513443
13246.582222,79.707011
13247.000278,78.681102
13247.290278,78.777886
13247.579722,79.300519
13247.859167,78.03265
13248.4,78.439142
13248.755556,79.513443
13249.008056,78.913383
13249.263611,78.971454
13249.715833,76.938992
13249.716111,76.938992
13250.084722,80.316749
13250.216667,80.316749
13250.329167,80.829704
13250.580833,82.262105
13250.838611,81.313623
13251.28,80.994236
13251.549167,80.694206
13251.854444,80.007041
13252.383333,80.43289
13252.643056,81.69108
13253.471944,80.984558
13253.748889,83.210587
13253.981111,81.371694
13254.246389,81.207161
13254.519722,81.642688
13254.8375,79.8909
13255.075278,84.313923
13255.589444,84.188104
13255.911111,83.346085
13256.183056,85.097873
13256.621667,85.281762
13256.931111,84.459099
13257.643611,84.904305
13257.920833,84.09132
13258.178056,83.965501
13258.4325,82.513743
13258.720278,169.435339
13258.969444,111.016594
13259.241667,109.158343
13259.481667,111.171448
13259.763611,106.593571
13260.04,106.080616
13260.291944,102.489934
13260.561111,102.03505
13260.839167,102.073764
13261.1075,99.131534
13261.331667,100.544579
13261.625833,98.812147
13262.198056,112.061859
13262.455,105.925762
13262.770833,103.970728
13263.008611,103.128708
13263.266111,100.989784
13264.07,109.226092
13264.320556,109.226092
13265.196944,168.602997
13265.447222,117.588218
13265.745278,112.23607
13265.994722,109.748725
13266.253611,175.571436
13266.524722,179.346007
13266.881944,182.065634
13267.112222,183.178648
13267.376944,184.185201
13267.610833,184.978828
13268.204722,186.4693
13268.484722,187.040325
13268.779444,187.543601
13268.913889,187.746847
13268.968056,187.824274
13269.261389,188.240445
13269.539722,188.598545
13269.816111,188.956646
13270.127222,189.285711
13270.394722,189.576062
13270.743056,189.885771
13270.996111,140.555031
13271.290556,134.128582
13271.569444,131.137961
13271.885833,128.92161
13272.168056,126.250375
13272.442778,124.556657
13272.746667,121.024046
13273.0075,118.023746
13273.26,117.113977
13273.711944,114.433064
13274.099167,115.410581
13274.356667,114.181426
13274.943611,112.613527
13275.201389,112.884522
13275.455,112.23607
13275.793333,111.287588
13276.038889,111.539226
13276.274167,110.61978
13276.540278,111.790865
13276.851111,111.665045
13277.113611,110.484282
13277.356111,110.193931
13277.597778,110.552031
13277.916667,109.632584
13278.485556,112.139286
13278.785833,112.565136
13279.051944,112.226392
13279.555278,110.368142
13279.804167,110.455247
13280.049722,110.087468
13280.312778,110.590745
13280.8475,110.397177
13281.081944,109.77776
13281.325833,110.184252
13281.581944,110.184252
13282.193889,108.180826
13282.420833,109.400303
13282.631389,109.41966
13282.950278,108.500213
13283.226944,169.406303
13283.430833,177.003837
13283.726944,180.875192
13283.974722,182.781835
13284.230278,184.098095
13284.478889,185.036899
13284.777222,185.172396
13285.029444,122.940367
13285.511389,113.37812
13285.645,113.37812
13286.313333,129.318424
13287.1475,116.688128
13287.970833,111.8199
13288.200833,114.181426
13288.461111,111.771508
13288.788889,112.923236
13289.250833,113.455547
13289.725833,111.200483
13290.21,109.806795
13290.472778,109.787438
13290.7825,109.497087
13291.056389,110.43589
13291.539444,109.274484
13291.828611,107.31945
13292.013056,107.367842
13292.296944,106.990384
13292.561944,105.858013
13292.873333,104.948245
13293.296667,105.006315
13293.867778,103.11903
13294.218333,104.096547
13294.498056,104.493361
13294.836944,104.31915
13295.43,103.902979
13295.759444,103.167422
13296.043611,102.819
13296.295278,104.522396
13296.577778,104.512717
13296.913889,102.857713
13297.182778,103.206135
13297.459167,104.812747
13297.733056,104.13526
13298.334167,103.293241
13298.580278,103.83523
13298.885556,103.089994
13299.350278,103.902979
13299.915556,103.109351
13300.158611,103.312597
13300.394722,103.225492
13301.002778,103.515843
13301.281389,103.351311
13301.538611,103.390024
13301.8325,103.670698
13302.079167,103.428738
13302.33,102.828678
13302.601944,103.360989
13302.935833,103.225492
13303.180278,103.099673
13303.4025,102.964175
13303.754722,103.961049
13304.032778,105.064385
13304.308333,105.461199
13304.556389,105.267632
13304.864722,105.345059
13305.108056,105.403129
13305.379167,105.548305
13305.634444,106.1774
13305.948889,105.480556
13306.223333,105.199883
13306.491111,105.461199
13306.808889,104.880496
13307.367778,104.551431
13307.585,104.37722
13308.448611,104.386898
13308.730556,104.899853
13308.980556,104.154617
13309.207778,103.990084
13309.455,104.048155
13309.764444,104.038476
13310.021667,103.360989
13310.283889,102.925462
13310.453611,103.031924
13310.788333,103.186778
13311.077222,103.089994
13311.34,103.186778
13311.622222,103.912657
13311.921667,103.302919
13312.136944,102.954497
13312.366667,102.87707
13312.594167,103.564235
13312.895833,103.331954
13313.120833,102.702859
13313.451667,103.1771
13313.790278,103.167422
13314.069167,102.944819
13314.336944,103.11903
13314.622222,103.699733
13315.231667,102.567362
13315.478056,102.983532
13316.158611,103.409381
13316.409167,102.712537
13316.729167,103.215813
13316.972222,103.215813
13316.980556,103.002889
13317.211944,102.683502
13317.490556,102.344759
13318.093889,103.854587
13318.340278,103.302919
13318.944167,100.767182
13319.229722,100.912357
13319.464444,101.299493
13319.766944,101.125282
13320.026944,99.596097
13320.228333,100.651041
13320.720278,99.450921
13320.948611,99.189604
13320.974444,99.189604
13321.223056,98.889574
13321.444444,98.560509
13321.776944,99.721916
13322.255833,99.412207
13322.815556,99.799343
13323.029444,99.199283
13323.549167,99.296067
13323.856667,100.225192
13324.125556,99.402529
13324.399444,99.189604
13324.636111,100.012267
13324.911111,100.292941
13325.153056,100.331654
13325.376944,99.102499
13325.637778,99.915483
13325.929167,99.857413
13326.382222,101.851161
13326.644722,99.479956
13326.948889,99.944519
13327.166667,98.725042
13327.438056,98.97668
13327.753611,99.673524
13328.013056,99.315423
13328.301944,99.925162
13328.599444,98.43469
13328.9275,99.325102
13329.200833,99.03475
13329.463611,99.03475
13329.788611,98.725042
13330.210833,97.670098
13330.465556,99.412207
13331.040556,97.699133
13331.536667,99.479956
13331.85,100.767182
13332.343333,103.457773
13332.626667,102.054407
13332.945278,103.254527
13333.229444,101.899553
13333.528611,102.896427
13333.868056,103.815873
13334.115,100.41876
13334.356944,100.041302
13334.643611,100.583292
13335.268611,101.125282
13335.476944,100.728468
13335.791111,102.083442
13336.051389,100.931714
13336.327222,100.273584
13336.584167,100.370368
13336.893333,101.67695
13337.138611,101.193031
13337.368333,100.844609
13337.884722,101.551131
13338.147222,100.83493
13338.38,100.525222
13338.58,100.699433
13338.923333,101.570488
13339.276389,100.563935
13339.584722,100.496187
13339.905278,101.173674
13340.158611,100.321976
13340.370833,100.205835
13340.63,99.847735
13340.981111,99.828378
13341.246111,98.812147
13341.503889,98.579866
13342.042778,99.354137
13342.315278,98.647615
13342.557778,98.783112
13342.840833,99.363815
13343.121944,98.483082
13343.375556,98.144339
13343.621944,97.902379
13343.926111,98.715363
13344.423333,98.473404
13344.7225,98.725042
13345.439167,97.515243
13345.775,97.370068
13346.195833,97.408781
13346.434444,97.23457
13346.761944,98.43469
13347.01,98.115303
13347.260833,96.973254
13347.526111,96.886148
13347.834167,98.337906
13348.061389,97.873344
13348.329722,99.305745
13348.943611,98.163695
13349.1925,98.212087
13350.147222,99.683202
13350.398889,97.544279
13350.641111,96.266731
13351.168611,95.453747
13351.396944,95.13436
13351.899722,96.663545
13352.129444,95.627958
13352.297778,95.627958
13352.400278,95.173074
13352.924722,98.783112
13353.153333,97.650741
13353.375278,97.079716
13353.720278,97.292641
13353.983611,97.786238
13354.233333,96.421586
13354.477222,96.963575
13354.803333,97.466851
13355.051667,96.663545
13355.315278,96.237696
13355.550556,96.57644
13355.7875,98.986358
13356.044167,98.328228
13356.305278,98.821826
13356.341111,98.821826
13356.566111,98.550831
13356.877778,99.586418
13357.155278,98.73472
13357.755,97.408781
13357.983056,96.024772
13358.178056,95.782812
13358.421389,95.07629
13358.746389,94.543979
13358.967222,94.756903
13359.244444,94.524622
13359.439444,94.331054
13359.743056,94.205235
13360.006944,94.011667
13360.256667,93.943919
13360.515833,94.71819
13360.822222,94.853687
13361.084722,95.13436
13361.344722,95.589244
13361.583889,96.082842
13361.900278,94.989184
13362.170833,95.502139
13362.740833,94.466551
13363.009722,93.99231
13363.26,94.205235
13363.626111,94.47623
13363.910278,94.224592
13364.168611,94.1762
13364.414444,93.624532
13364.761111,92.830904
13364.998333,93.953597
13365.284444,94.785938
13365.540556,95.19243
13365.842222,93.556783
13366.130833,93.159969
13366.412778,92.550231
13366.648611,92.43409
13366.973611,92.598623
13367.435833,91.853387
13367.767778,93.363215
13368.054444,92.627658
13368.413056,92.521196
13368.750278,93.227718
13369.012222,96.247375
13369.274167,96.208661
13369.758056,96.779686
13370.156944,97.147465
13370.428611,96.673224
13370.996389,97.389424
13371.270278,97.563635
13371.523056,98.115303
13371.842222,97.902379
13372.083056,98.531474
13372.3225,97.912057
13373.443889,96.469978
13373.763611,96.789364
13374.025,96.789364
13374.556389,97.253927
13374.866111,96.963575
13375.149167,97.437816
13375.401944,97.321676
13375.733333,97.23457
13375.986389,96.87647
13376.284444,96.344159
13376.853889,96.847435
13377.154444,96.63451
13377.413611,96.644189
13377.711667,96.915183
13378.006389,96.392551
13378.277778,96.721616
13378.588889,97.757203
13378.804167,97.824952
13378.909167,96.411907
13379.201667,96.257053
13379.501389,96.479656
13379.82,95.405355
13380.0925,95.260179
13380.620833,96.886148
13380.914444,97.195857
13381.162222,97.515243
13381.443889,97.641062
13381.79,97.408781
13382.056389,97.070038
13382.35,97.47653
13382.594722,98.144339
13383.198889,96.508691
13383.421111,96.847435
13383.74,96.857113
13384.011389,96.731294
13384.563611,97.089394
13385.385278,96.469978
13385.969167,96.189304
13386.201111,96.160269
13386.446389,96.295767
13386.975556,97.224892
13387.188056,97.186178
13387.451944,96.905505
13387.813056,97.582992
13388.038056,97.331354
13388.206389,97.331354
13388.276111,97.689454
13388.532778,98.425012
13388.873056,99.296067
13389.171944,98.696007
13389.436111,98.154017
13390.000833,96.557083
13390.295278,95.927988
13390.566944,95.898953
13390.899444,93.701959
13391.158889,93.314823
13391.436667,94.621406
13391.763333,95.085968
13392.034167,94.882722
13392.271111,94.882722
13392.309167,95.095647
13392.559444,94.969828
13392.888611,94.921436
13393.151389,94.805295
13393.414444,94.698833
13393.733333,96.189304
13394.2175,96.402229
13394.490833,96.499013
13394.792222,97.186178
13395.086667,97.263605
13395.338889,95.444069
13395.573611,95.860239
13395.885278,95.327928
13396.129444,95.579566
13396.389444,95.037576
13396.626944,95.202109
13396.889444,95.889274
13397.142222,96.121556
13397.404722,95.173074
13397.715278,95.153717
13397.968889,95.085968
13398.211944,94.979506
13398.475833,94.824652
13399.2575,96.460299
13399.764167,96.982932
13400.029444,96.963575
13400.274444,96.247375
13400.509167,95.763455
13400.815,94.23427
13401.0675,94.756903
13401.300833,93.99231
13401.845556,94.360089
13402.086111,94.495587
13402.315833,93.750351
13402.568333,93.489034
13403.101667,93.537426
13403.612222,92.753477
13403.920833,93.208361
13404.1925,93.130934
13404.459444,93.372894
13404.732222,92.530874
13404.956389,92.888974
13405.216667,92.908331
13405.506667,94.031024
13406.053333,92.37602
13406.305,92.753477
13406.589722,92.550231
13406.902778,91.359789
13407.118889,91.350111
13407.359167,91.398503
13407.617778,91.630784
13407.931944,91.204935
13408.178333,92.056633
13408.448333,90.837156
13408.8125,91.737246
13409.3925,90.614553
13409.7025,91.108151
13409.955,91.417859
13410.175556,91.746925
13410.398056,91.29204
13410.896667,91.950171
13411.126944,92.79219
13411.715556,93.798743
13411.976667,93.537426
13412.214722,93.208361
13412.465556,93.140612
13413.083611,92.937366
13413.347222,92.608301
13413.598889,93.69228
13413.925278,90.846835
13414.454722,91.930814
13414.787778,92.056633
13415.056111,92.453447
13415.314722,95.405355
13415.556111,94.660119
13415.874167,93.595497
13416.073889,92.859939
13416.3425,92.801869
13416.523889,92.61798
13416.765556,91.427538
13417.002222,91.359789
13417.724444,90.479056
13418.143611,90.043529
13418.391389,89.598323
13418.853056,92.97608
13419.119444,92.908331
13419.380278,92.337306
13419.781111,92.898653
13420.0225,92.608301
13420.280278,92.327628
13420.448056,92.288914
13420.801944,92.840582
13421.064722,92.579266
13421.319167,92.530874
13421.575833,92.782512
13421.8075,93.21804
13422.058889,89.869318
13422.305278,88.930514
13422.536111,89.37572
13422.846944,89.085368
13423.097222,88.446595
13423.348333,87.856213
13423.583333,87.943318
13423.927222,87.701359
13423.9725,87.701359
13424.194444,87.565861
13424.476389,92.821226
13424.83,92.73412
13425.096944,92.501839
13425.349167,92.017919
13425.572222,91.872744
13425.882778,91.824352
13426.384722,93.663245
13427.456111,92.317949
13427.781944,95.153717
13427.977778,95.153717
13428.478611,94.011667
13428.806111,93.856813
13429.057778,94.156843
13429.608333,94.147165
13429.953889,93.566461
13430.774167,92.666371
13431.024167,92.221166
13431.276111,92.07599
13431.513889,92.017919
13431.801667,91.688854
13432.067222,92.598623
13432.351944,92.114703
13432.59,92.598623
13433.185556,92.298593
13433.440278,92.772834
13433.739167,93.711637
13434.266111,93.082542
13434.540556,94.369768
13434.870556,93.479356
13435.431667,93.03415
13435.740833,93.614853
13436.024722,93.343859
13436.256667,93.179326
13436.525833,93.51807
13437.126944,94.166521
13437.401944,93.943919
13437.705278,94.573014
13438.000556,94.302019
13438.273333,94.553657
13438.508889,95.163395
13438.824167,94.331054
13439.102778,94.485908
13439.355556,93.866491
13439.621389,94.253627
13439.923333,93.837456
13440.193889,93.024472
13440.488333,93.140612
13440.793056,91.863065
13441.043611,92.172774
13441.312222,93.063185
13441.730833,92.995437
13442.208056,92.521196
13442.462222,92.066311
13442.772222,91.901779
13443.041389,91.330754
13443.290278,91.040402
13443.827222,90.798443
13444.088611,90.914583
13444.324444,88.427238
13444.577222,88.978906
13444.894722,88.727268
13445.142778,88.746625
13445.590556,89.114403
13445.902778,88.088494
13446.135833,88.320776
13446.627222,88.204635
13446.9475,87.682002
13447.476389,87.807821
13447.788333,87.488434
13448.066944,88.930514
13448.323056,88.988584
13448.946944,88.504665
13449.188333,88.562735
13449.788611,87.923962
13450.061944,87.972354
13450.303889,87.285188
13450.875,88.059459
13451.381389,88.611127
13451.647778,89.530574
13451.973889,89.095047
13452.213889,88.843408
13452.814167,89.443469
13453.098889,89.337006
13453.597778,89.937066
13454.427222,91.582392
13454.601389,92.927688
13454.92,91.921136
13455.2725,91.524322
13455.5525,91.746925
13455.871667,91.350111
13456.75,92.066311
13457.023333,91.630784
13457.551389,92.201809
13457.848056,92.714763
13458.116389,92.608301
13458.635833,92.588944
13458.916111,92.211487
13459.208333,92.037276
13459.483611,91.843709
13459.733333,91.843709
13459.822222,92.317949
13460.0875,92.114703
13460.378056,91.553357
13460.611667,92.13406
13460.935556,91.785638
13461.183889,93.237396
13461.381389,92.91801
13461.617222,93.643889
13461.960278,93.411607
13462.2225,93.227718
13462.470556,93.189004
13462.793889,93.895527
13463.091667,93.585818
13463.3525,93.014793
13463.7375,93.014793
13463.92,92.637336
13464.181667,92.685728
13464.437222,92.772834
13464.730556,92.772834
13465.015833,92.73412
13465.251389,92.37602
13465.7275,92.61798
13466.116111,92.482482
13466.393611,92.008241
13466.711389,92.182452
13466.985833,92.385698
13467.269444,91.901779
13467.523333,92.056633
13467.843333,92.627658
13468.045833,92.705085
13468.283889,92.153417
13468.547222,92.046955
13469.098611,92.250201
13469.387222,91.717889
13469.719722,92.095347
13469.947222,91.921136
13470.196667,91.77596
13470.433611,92.172774
13470.761111,92.37602
13471.27,91.534
13471.511389,91.301719
13471.824722,91.311397
13472.063333,91.359789
13472.298333,91.514643
13472.5525,91.137186
13473.150278,90.411307
13473.404444,90.120956
13473.708889,90.614553
13473.898889,90.062885
13474.113056,89.966101
13474.401111,90.69198
13474.748333,91.272684
13474.931944,91.001689
13475.223333,90.614553
13475.498611,91.717889
13475.796944,92.172774
13476.038333,91.959849
13476.228056,91.77596
13476.474722,92.07599
13476.775556,92.443769
13476.974167,92.172774
13477.405833,91.737246
13477.71,91.998563
13477.958611,91.553357
13478.231944,91.863065
13478.486944,91.804995
13478.788611,92.337306
13479.023889,92.211487
13479.282778,91.669498
13479.788333,92.153417
13480.046389,92.172774
13480.298889,92.743799
13480.575,93.440642
13481.139722,92.995437
13481.635833,93.914883
13481.897222,93.227718
13482.158056,92.879296
13482.423889,93.479356
13483.539167,93.537426
13483.839444,93.57614
13484.095,93.169648
13484.343333,91.717889
13484.603056,93.556783
13485.737222,93.314823
13486.188056,92.753477
13486.856111,92.97608
13487.1225,92.743799
13487.395,92.346985
13488.257778,91.621106
13488.755278,92.056633
13489.269444,91.369468
13489.641944,92.240522
13490.068889,91.698533
13490.318611,91.553357
13490.598056,90.130634
13490.898056,90.024172
13491.113889,90.043529
13491.4025,89.820926
13491.711667,89.946745
13491.959167,89.704785
13492.25,89.578966
13492.600833,89.927388
13492.915278,89.501539
13493.468056,90.614553
13493.801667,90.420986
13494.088611,90.556483
13494.330833,89.830604
13494.908056,90.546805
13495.156389,90.546805
13495.192778,90.430664
13495.534167,90.488734
13495.883333,89.946745
13496.138333,90.043529
13496.404444,89.743499
13496.749444,90.353237
13496.972778,90.188704
13497.485556,90.324202
13498.071389,90.653267
13498.603611,91.340432
13498.921667,90.837156
13499.109444,90.469378
13499.203056,90.469378
13499.318056,90.556483
13499.880833,90.63391
13500.396944,89.724142
13500.715556,89.782212
13501.06,89.559609
13501.307778,89.443469
13501.546111,89.956423
13502.565278,90.27581
13502.874444,90.420986
13503.330833,90.33388
13503.608056,90.498413
13503.934167,90.711337
13504.205,90.208061
13504.764444,90.595197
13504.967222,90.314523
13505.215,90.140312
13505.465278,89.820926
13505.778611,90.014493
13506.325556,89.646715
13506.575833,89.114403
13506.895556,89.520896
13507.101667,89.49186
13507.336389,88.543378
13507.9025,89.472504
13508.135556,89.182152
13508.405556,88.930514
13508.723611,88.911157
13508.993056,89.162795
13509.299167,88.23367
13509.548333,88.407881
13509.8425,89.278936
13510.105556,89.298293
13510.354444,88.843408
13510.906111,89.472504
13511.107222,88.698233
13511.295556,88.349811
13511.559444,88.707911
13511.8775,88.388524
13512.1425,88.127208
13512.718611,87.420686
13513.311944,87.014193
13513.565,86.762555
13513.840833,88.77566
13514.121111,88.301419
13514.356944,87.99171
13514.550556,88.369168
13514.866944,88.524022
13515.135833,89.520896
13515.382222,88.920836
13515.65,89.269258
13515.945278,89.036976
13516.208333,88.785338
13516.457778,89.095047
13516.745833,89.453147
13517.0125,89.211187
13517.236389,89.307971
13517.486667,89.608001
13517.766667,90.014493
13518.014722,88.678876
13518.290278,88.456273
13518.506944,88.901479
13518.829167,91.408181
13519.074722,90.643589
13519.285278,90.353237
13519.545,90.004815
13519.859722,89.849961
13520.380833,91.737246
13520.640278,92.027598
13520.943611,92.066311
13521.484167,92.443769
13521.769167,93.014793
13522.010556,92.472804
13522.232778,92.830904
13522.481111,92.947045
13522.800833,93.324502
13523.313611,92.579266
13523.536111,92.705085
13523.7975,93.130934
13524.050278,92.453447
13524.329444,92.366341
13524.612778,92.414733
13524.886667,92.598623
13525.121944,92.521196
13525.369167,92.73412
13525.613889,93.237396
13525.906389,93.39225
13526.168611,93.101899
13526.413056,92.743799
13526.734722,92.530874
13526.996944,92.821226
13527.384167,92.995437
13527.756667,93.159969
13528.221111,92.37602
13528.495833,92.105025
13528.77,92.724442
13529.036389,92.501839
13529.299167,91.979206
13529.532778,92.327628
13529.83,92.521196
13530.307778,91.8921
13530.63,91.8921
13530.915556,92.521196
13531.194722,91.863065
13531.48,91.59207
13531.768056,92.046955
13531.99,92.163095
13532.243611,91.59207
13532.496667,91.437216
13532.818889,91.901779
13533.089722,91.727568
13533.389444,91.398503
13533.641944,91.824352
13533.943333,91.921136
13534.235556,91.388824
13534.463889,91.417859
13534.718611,91.417859
13534.822778,91.011367
13535.078889,90.169348
13535.323611,89.743499
13535.562778,90.33388
13535.860833,89.67575
13536.121944,89.07569
13536.721944,88.746625
13536.995278,89.288614
13537.250278,87.817499
13537.584167,87.343258
13537.985556,87.923962
13538.239167,87.09162
13538.481667,86.927088
13538.768611,87.33358
13538.995556,87.652967
13539.256667,87.352937
13539.501111,88.156243
13539.784444,88.427238
13540.064722,88.098173
13540.310556,87.817499
13540.525833,88.098173
13541.0825,87.798143
13541.346667,88.088494
13541.575278,88.707911
13541.871667,88.795017
13542.089444,89.027298
13542.3325,89.269258
13542.605833,89.49186
13542.934722,89.37572
13543.189167,87.052907
13543.460278,86.869018
13543.776389,87.769108
13544.005278,87.33358
13544.525,88.369168
13545.091389,86.79159
13546.137222,86.917409
13546.823056,87.982032
13547.181389,86.065711
13547.429722,86.49156
13547.734167,86.152817
13548.270278,85.214013
13548.529722,85.920536
13548.825556,87.469078
13549.078333,86.781912
13549.320833,86.898053
13549.588611,87.701359
13550.1575,87.57554
13550.735833,87.440042
13550.968333,87.730394
13551.233889,86.820626
13551.479167,86.994837
13551.776667,87.682002
13552.071944,86.636736
13552.334444,86.365741
13552.859167,86.917409
13553.358333,86.239922
13553.625556,86.898053
13553.908889,86.907731
13554.151389,86.43349
13554.428333,86.501239
13554.711389,86.210887
13554.961389,86.781912
13555.209444,86.152817
13555.486389,86.114103
13555.770278,86.356063
13556.000278,86.985158
13556.2475,85.843108
13556.495278,86.346385
13557.003333,86.288314
13557.273333,85.359189
13557.515,85.47533
13558.766389,87.188404
13559.000278,87.33358
13559.254444,86.559309
13559.511667,86.210887
13559.839444,86.598023
13560.060278,86.201209
13560.320278,85.310797
13560.580278,85.504365
13560.900556,85.262405
13561.163056,85.378546
13561.426667,84.807521
13561.7275,85.301119
13561.993611,86.162495
13562.248611,85.407581
13562.463611,85.572114
13562.881111,85.610827
13563.152222,85.562435
13563.4275,85.184978
13563.739444,85.378546
13563.942778,84.313923
13564.177222,84.401029
13564.466944,84.236496
13564.786389,84.488134
13565.122778,84.57524
13565.495278,83.994537
13565.841389,85.678576
13566.118611,85.678576
13566.128611,85.726968
13566.705833,84.99141
13566.944444,86.210887
13567.204444,86.317349
13567.845,86.501239
13568.099444,86.801269
13568.900833,86.568988
13569.1375,86.762555
13569.406944,85.959249
13569.978889,86.520596
13570.120556,86.520596
13570.332778,85.862465
13570.769444,85.339832
13571.409167,85.194657
13571.737778,85.504365
13571.996667,86.104425
13572.261389,85.194657
13572.491389,85.494687
13572.8125,85.814073
13573.051667,85.717289
13573.339167,85.049481
13573.6175,85.1753
13574.14,85.678576
13574.7275,85.214013
13575.010833,85.426938
13575.222222,84.981732
13575.496944,84.952697
13575.769722,85.243048
13576.027222,85.881822
13576.293611,85.136586
13576.896111,85.610827
13577.73,85.649541
13578.4975,85.214013
13578.753333,85.001089
13579.186111,85.29144
13579.518333,85.126908
13579.8675,85.465651
13580.126667,84.701059
13580.49,84.371994
13580.801667,84.497813
13581.095278,84.459099
13581.331944,84.062285
13581.606667,84.255853
13581.928889,84.672024
13582.192222,84.449421
13582.458333,84.420386
13582.840278,84.681702
13583.107778,84.788164
13583.351389,84.69138
13583.558889,84.865591
13583.846111,84.362315
13584.1175,84.536526
13584.408056,84.081642
13584.733611,84.323602
13584.980833,84.313923
13585.253333,83.781612
13585.528889,83.849361
13585.836944,84.188104
13586.084444,84.130034
13586.342778,83.936466
13586.611389,84.255853
13586.907778,84.159069
13587.13,84.03325
13587.390556,83.67515
13587.724722,84.139712
13588.269722,85.126908
13588.502222,85.639862
13588.804167,84.09132
13589.101667,84.284888
13589.648333,86.685128
13589.977778,86.936766
13590.233889,86.210887
13590.471389,86.849661
13590.769444,85.77536
13591.033333,85.997963
13591.261389,85.978606
13591.518889,86.414133
13591.838611,86.627058
13592.115278,87.081942
13592.389167,86.917409
13592.633889,87.885248
13592.900278,87.411007
13593.159722,86.946445
13593.426667,87.662645
13593.736944,85.804395
13593.997778,85.804395
13594.273333,85.872144
13594.527778,85.107551
13594.795833,84.855913
13595.720833,85.262405
13595.963333,85.359189
13596.199167,85.504365
13596.453333,84.420386
13596.813889,84.739772
13597.049167,85.281762
13597.345833,85.078516
13597.9325,85.678576
13598.197778,85.910857
13598.610833,85.47533
13598.938333,85.030124
13599.128056,85.446295
13600.4825,85.668897
13600.791389,85.126908
13601.060556,85.543078
13601.318056,85.59147
13601.708056,85.514043
13601.854167,85.514043
13601.971389,85.601149
13602.202778,85.852787
13602.4825,85.688254
13603.064722,86.007641
13603.348333,85.320476
13603.57,85.320476
13603.887222,85.320476
13604.151667,85.8915
13604.398611,85.59147
13604.729722,85.746325
13605.008333,85.543078
13605.299167,86.443168
13605.567778,85.562435
13605.861667,85.562435
13605.866667,83.859039
13606.135,83.868717
13606.376944,83.37512
13606.647778,83.123482
13606.9625,82.83313
13607.198333,83.229944
13607.472778,83.229944
13607.813333,82.697633
13608.417222,82.765381
13608.726111,82.784738
13609.007222,82.852487
13609.241389,82.929914
13609.783889,82.649241
13610.271389,83.752577
13610.549722,82.862165
13610.848056,82.349211
13611.187778,82.813773
13611.453889,82.629884
13611.762778,82.900879
13612.019167,82.765381
13612.272222,83.123482
13612.514444,83.036376
13612.822222,83.49126
13613.081667,83.500939
13613.293889,85.562435
13613.545,84.894627
13613.823056,86.288314
13614.087222,86.665771
13614.346111,86.636736
13614.593611,87.09162
13614.919722,86.307671
13615.424167,86.598023
13615.737222,86.714163
13615.982778,87.072264
13616.2675,88.146565
13616.511389,88.282062
13616.8225,87.227118
13617.071111,87.556183
13617.896389,86.994837
13618.423333,87.323902
13618.792778,87.33358
13619.248056,86.801269
13619.51,86.327028
13619.806667,85.949571
13620.084444,85.8915
13620.314722,86.085068
13620.598333,85.649541
13621.16,85.1753
13621.406111,85.349511
13621.721944,85.204335
13622.211111,85.272084
13622.463056,85.194657
13622.774167,84.662345
13623.293889,86.026998
13623.5425,84.739772
13623.870278,84.371994
13624.424444,84.236496
13625.512778,83.684828
13625.766944,84.352637
13626.025278,83.984858
13626.288889,85.146265
13626.545,85.659219
13626.845278,85.223692
13627.072778,84.972054
13627.3275,85.378546
13627.605,85.194657
13627.901111,85.136586
13628.161111,85.301119
13628.435556,85.068837
13629.009722,85.726968
13629.278611,86.201209
13629.546944,86.259279
13629.881389,85.47533
13630.449722,85.862465
13630.776667,85.465651
13631.066944,85.765681
13631.328611,85.620506
13631.636944,85.339832
13631.969444,84.207461
13632.911667,83.994537
13633.143611,84.410707
13633.441389,84.217139
13634.051667,83.297693
13634.306944,84.071964
13634.575,83.665471
13635.193611,82.852487
13635.455833,83.365441
13635.795,83.142838
13636.065,83.559009
13636.375278,84.197783
13636.640833,82.407281
13636.925833,83.423512
13637.167222,83.423512
13637.175278,83.520296
13637.438333,83.568687
13637.753889,83.713863
13638.016389,83.810647
13638.266111,84.730094
13638.515833,84.381672
13638.773889,84.778486
13639.046944,84.57524
13639.311389,85.088194
13639.555278,85.049481
13640.638333,86.810947
13640.951389,85.939892
13641.166111,86.356063
13641.215556,86.356063
13641.440833,85.552757
13641.754444,85.601149
13642.241389,84.313923
13642.483611,83.917109
13642.835833,83.723542
13643.320278,83.907431
13643.570556,84.178426
13643.853611,82.910557
13644.103056,83.43319
13644.285833,83.394477
13644.784167,84.507491
13645.014722,84.652667
13645.261111,84.778486
13645.531944,84.371994
13645.853611,84.004215
13646.184722,84.807521
13646.453889,84.352637
13646.756389,84.149391
13647.020833,84.207461
13647.304444,83.384798
13647.564167,83.404155
13647.9125,82.494386
13648.178333,82.552457
13648.4725,84.197783
13648.795833,83.549331
13649.096667,84.526848
13649.363889,85.697933
13649.6475,88.117529
13649.949444,88.388524
13650.183056,88.611127
13651.104167,88.204635
13651.391944,88.078816
13651.731667,87.972354
13652.020278,88.098173
13652.288611,87.817499
13652.537778,87.69168
13652.911667,87.952997
13653.181389,87.478756
13653.470556,87.217439
13654.383889,85.5334
13654.743056,84.642988
13655.034167,85.078516
13655.306111,85.620506
13655.914444,84.865591
13656.169722,85.378546
13656.439444,83.97518
13656.796389,82.804095
13657.087778,85.688254
13657.361667,85.814073
13657.605833,85.330154
13657.955278,84.952697
13658.259167,85.697933
13658.528333,85.243048
13658.847778,85.620506
13659.105278,85.920536
13659.403333,85.968928
13659.742222,85.543078
13660.580278,86.481882
13660.876111,86.404455
13661.133889,86.762555
13661.409444,87.246475
13661.744167,88.282062
13662.025833,88.727268
13662.297778,90.382272
13662.58,89.307971
13662.921111,87.769108
13663.198056,90.111277
13663.377778,88.83373
13663.601667,87.943318
13663.933889,88.098173
13664.191667,88.930514
13664.467222,88.504665
13664.756944,88.727268
13664.996111,88.456273
13665.265,88.920836
13665.6,88.311097
13665.928056,88.59177
13666.803889,88.107851
13667.477222,87.93364
13667.799167,88.001389
13667.998056,88.040102
13668.267222,88.156243
13668.5,87.894927
13668.789444,88.688554
13669.035,87.130334
13669.268611,87.198083
13669.452222,87.381972
13669.781944,87.440042
13670.070556,87.343258
13670.406389,85.601149
13670.713889,88.727268
13671.040278,89.530574
13671.595556,89.153117
13671.920556,88.8918
13672.1775,89.472504
13672.415278,88.988584
13672.738889,88.882122
13672.771389,88.882122
13673.289167,89.007941
13673.55,88.901479
13673.838611,88.572414
13674.102778,89.182152
13674.354167,88.1756
13674.619167,88.649841
13674.918333,88.494987
13675.126944,88.282062
13675.394444,88.146565
13675.721389,87.362615
13676.204167,88.204635
13676.470278,87.672324
13676.776389,87.672324
13676.7825,87.527148
13677.145,87.323902
13677.418333,87.130334
13678.045556,86.985158
13678.586389,87.33358
13678.954444,87.381972
13679.238889,87.536826
13679.513611,86.481882
13679.823611,85.726968
13680.065833,85.5334
13680.350833,84.817199
13680.626944,85.320476
13680.9525,84.720416
13681.228889,84.63331
13681.506667,84.420386
13681.884444,84.236496
13682.1025,84.826878
13682.356667,83.994537
13682.647222,84.517169
13682.974444,84.294567
13683.272778,84.178426
13683.550556,84.604275
13683.868333,84.497813
13684.127778,85.281762
13684.365833,84.401029
13684.631944,84.865591
13685.206389,85.223692
13685.473056,85.504365
13685.817778,85.543078
13686.119167,86.549631
13686.401389,85.8915
13686.728056,85.978606
13686.995278,85.794717
13687.280556,86.646415
13687.511389,86.568988
13687.796667,86.781912
13688.045833,86.927088
13688.314722,85.978606
13688.592222,86.530274
13689.415,84.555883
13690.031389,84.584918
13690.342778,84.410707
13690.792222,84.120356
13690.7925,84.120356
13691.29,86.07539
13691.595278,85.794717
13692.203889,85.097873
13692.482222,85.562435
13692.793611,85.339832
13693.094167,85.572114
13693.759167,85.068837
13694.008889,84.672024
13694.2725,85.330154
13695.221944,85.049481
13695.477222,85.010767
13695.814722,84.478456
13696.089444,84.584918
13696.366389,84.69138
13696.742778,84.517169
13697.011111,84.362315
13697.583611,84.342958
13697.898056,84.100999
13698.088056,84.536526
13698.334167,84.217139
13698.614722,84.642988
13698.934167,83.800969
13699.201944,84.110677
13699.457222,84.139712
13699.778889,83.752577
13700.073056,83.626758
13700.346944,84.178426
13700.631111,84.294567
13700.955278,83.713863
13701.233889,84.430064
13701.482222,84.807521
13702.104722,84.110677
13702.356389,84.33328
13702.621389,84.884948
13702.900278,84.371994
13703.153333,84.594597
13703.405278,84.449421
13703.7375,84.672024
13704.006667,83.926788
13704.246667,84.120356
13704.504444,84.081642
13704.834167,83.346085
13705.0975,83.529974
13705.321389,83.229944
13705.598333,83.43319
13705.929167,82.049181
13706.501667,82.610527
13706.801389,82.416959
13707.082222,82.513743
13707.340833,82.765381
13707.601944,82.910557
13707.928611,82.59117
13708.186944,83.13316
13708.438056,83.13316
13708.4575,82.513743
13708.778333,83.239622
13708.973889,82.958949
13709.504722,83.365441
13709.845,82.842808
13710.353611,84.09132
13710.629444,86.007641
13710.940833,84.33328
13711.206944,84.188104
13711.483056,90.324202
13711.800278,91.727568
13712.309444,90.227418
13712.484722,90.227418
13712.555833,98.405655
13713.176389,100.622006
13713.434444,100.592971
13714.016111,100.622006
13714.285556,100.989784
13714.760833,100.844609
13715.150833,100.554257
13715.423333,100.128408
13715.756389,100.622006
13716.0525,100.23487
13716.313056,100.602649
13716.572778,97.941092
13716.920833,97.912057
13717.203056,98.037876
13717.456667,99.354137
13717.951389,99.054107
13718.211111,100.292941
13718.452778,100.157443
13719.089722,100.225192
13719.328333,100.244549
13719.573611,100.467152
13719.868889,99.886448
13720.126111,100.225192
13720.38,97.960449
13720.617222,97.689454
13720.909167,96.992611
13721.181111,97.621706
13721.424722,94.253627
13721.741111,93.779386
13722.269167,93.053507
13722.803333,93.150291
13723.084167,92.97608
13723.353056,92.782512
13723.635,93.353537
13724.156667,92.830904
13724.730278,92.027598
13724.976389,90.93394
13725.2425,91.311397
13725.481389,91.427538
13725.801111,92.637336
13726.088889,91.582392
13726.368889,92.772834
13726.64,92.898653
13726.971944,92.685728
13727.265278,92.521196
13727.881944,91.950171
13728.113056,91.504965
13728.363611,91.369468
13728.626667,91.746925
13728.940833,91.204935
13729.24,91.408181
13729.5125,91.843709
13729.858333,91.156543
13730.125278,91.340432
13730.407222,91.553357
13730.721667,91.940492
13731.024444,91.814673
13731.288889,91.959849
13731.569444,92.743799
13731.915556,91.795317
13732.188889,92.056633
13732.792778,93.159969
13733.026389,92.201809
13733.318333,93.99231
13733.566667,93.353537
13733.903056,92.414733
13734.179167,92.07599
13734.459722,93.295467
13734.736944,93.527748
13734.985833,93.411607
13735.2,93.324502
13735.449167,92.859939
13735.765278,94.1762
13736.061944,93.343859
13736.317778,93.111577
13736.516944,92.79219
13736.85,92.424412
13737.103333,92.898653
13737.353333,92.97608
13737.728611,92.927688
13738.0325,92.482482
13738.311111,92.163095
13739.185556,91.437216
13739.489167,91.514643
13739.834722,91.804995
13740.106944,92.521196
13740.303333,92.637336
13740.9025,92.811547
13741.161667,93.063185
13741.449722,92.927688
13741.7675,92.647015
13742.089167,92.898653
13742.366389,92.782512
13742.649167,92.550231
13742.983611,92.888974
13743.284444,92.966401
13743.592778,92.937366
13743.901667,93.353537
13744.226944,92.830904
13744.651667,92.569588
13745.042222,92.569588
13745.268611,92.753477
13745.567778,92.811547
13745.954444,92.753477
13746.251389,92.956723
13746.557222,93.024472
13746.931944,93.547105
13747.195278,93.140612
13747.459444,93.479356
13747.802778,92.443769
13748.070833,92.550231
13748.370278,92.801869
13748.706111,92.579266
13749.023889,92.288914
13749.070556,92.288914
13749.385,92.298593
13750.333611,92.453447
13750.595833,92.046955
13751.889722,94.350411
13752.210833,93.99231
13752.499444,94.021346
13753.720556,93.556783
13753.969444,93.827778
13754.273889,93.972954
13754.481944,93.730994
13755.131389,93.837456
13755.389722,93.624532
13755.601944,93.450321
13755.905278,94.1762
13756.217222,94.040702
13756.481389,94.137486
13757.160278,97.292641
13757.419167,97.263605
13757.733611,98.192731
13758.004444,98.725042
13758.267222,98.289514
13758.523333,98.028198
13758.8375,98.357263
13759.14,99.799343
13759.391944,98.299193
13759.6425,97.321676
13759.958056,97.002289
13760.549722,97.902379
13760.853056,97.128108
13761.138333,97.853987
13761.607778,97.679776
13761.947778,98.008841
13762.223889,98.01852
13762.501111,98.07659
13763.057778,98.086268
13763.35,98.212087
13763.6225,97.699133
13764.159167,98.154017
13764.441389,97.553957
13764.762778,97.379746
13765.035556,97.679776
13765.594444,97.428138
13765.907222,97.592671
13766.470556,97.621706
13766.771944,98.01852
13767.063889,98.61858
13767.354167,97.950771
13767.96,98.07659
13768.219167,97.505565
13768.488333,97.71849
13768.785833,98.13466
13769.291667,97.824952
13769.573056,97.737846
13769.899722,97.999163
13770.179444,97.757203
13770.424722,97.824952
13770.754444,97.437816
13771.040556,97.563635
13771.323889,97.679776
13771.545,97.602349
13771.861667,97.505565
13772.141111,98.07659
13772.406111,98.01852
13772.734444,97.379746
13773.052778,97.960449
13773.354167,97.931414
13773.6375,96.315123
13773.996944,95.947345
13774.288333,95.995737
13774.597778,95.43439
13774.92,92.211487
13775.175278,92.859939
13775.454167,92.801869
13775.793056,92.443769
13776.084722,92.046955
13776.363611,92.046955
13776.713056,90.604875
13777.098889,90.943619
13777.6,88.611127
13777.929722,88.388524
13778.254167,88.436916
13778.526111,88.5337
13778.898889,88.795017
13779.201667,89.356363
13779.49,93.837456
13779.8175,93.537426
13780.081667,93.885848
13780.38,93.595497
13780.620278,94.098773
13780.944444,93.885848
13781.206667,93.885848
13781.213889,95.782812
13781.481944,95.289214
13781.806389,95.202109
13782.047222,95.182752
13782.317222,95.869918
13782.547222,95.231144
13782.8875,94.882722
13783.173333,95.879596
13783.404444,95.424712
13783.630833,94.863365
13784.000556,95.550531
13784.254444,96.228018
13784.485556,95.482782
13784.818333,95.898953
13785.098889,95.579566
13785.3075,95.579566
13785.414722,95.202109
13785.723611,94.77626
13785.993889,94.969828
13786.223889,95.085968
13786.493611,94.582692
13786.811944,94.185878
13787.107222,94.108451
13787.3925,94.282662
13787.637222,94.147165
13787.938056,93.750351
13788.196667,95.056933
13788.478333,94.369768
13788.791389,94.47623
13789.063333,94.59237
13789.303333,95.047255
13789.5,94.621406
13789.8175,94.205235
13790.084722,94.263305
13790.373056,94.089094
13790.63,94.205235
13790.93,93.624532
13791.1875,94.631084
13791.437222,93.730994
13792.049722,93.87617
13792.318333,95.869918
13792.594444,94.379446
13792.933889,91.59207
13793.454444,91.669498
13793.749167,91.650141
13794.024722,91.582392
13794.554722,91.737246
13794.846667,91.669498
13795.117778,92.414733
13795.381389,92.463125
13795.630556,92.482482
13795.916389,91.495287
13796.463889,91.563035
13796.7725,91.679176
13797.055,91.824352
13797.371111,91.940492
13798.049722,91.717889
13798.3625,91.485608
13798.7125,91.021046
13799.000833,91.204935
13799.290278,92.240522
13799.584167,91.650141
13799.946944,91.146865
13800.250278,91.553357
13800.543056,91.166221
13800.951111,90.972654
13801.451111,91.011367
13801.801389,90.09192
13802.0925,90.159669
13802.4275,90.053207
13802.752222,89.036976
13803.005833,89.017619
13803.285,90.895227
13803.583333,90.33388
13803.917778,90.27581
13804.2075,90.662945
13804.457222,90.362915
13804.769167,90.343559
13805.0125,90.043529
13805.295,90.943619
13805.904722,90.450021
13806.166389,91.446895
13806.433056,91.437216
13806.737778,91.485608
13806.946111,91.127508
13807.176389,91.959849
13807.442778,90.701659
13807.730278,90.972654
13807.998611,90.69198
13808.295556,92.695407
13808.552222,91.398503
13808.838611,91.611427
13809.080833,91.108151
13809.326111,91.001689
13809.587778,90.566161
13809.908056,90.304845
13810.181111,90.498413
13810.435,90.508091
13810.732778,90.420986
13810.968333,90.082242
13811.23,90.895227
13811.472222,90.740372
13811.781667,90.566161
13811.964722,90.343559
13812.213333,90.93394
13812.395278,90.227418
13812.711667,90.343559
13813.020278,89.937066
13813.373611,90.517769
13813.646667,90.450021
13813.987222,90.295167
13814.268611,90.120956
13814.533056,89.501539
13814.8575,89.346685
13815.481111,90.527448
13815.828333,90.043529
13816.372778,90.459699
13816.736389,90.817799
13816.997778,90.817799
13817.253333,91.011367
13817.881111,90.237096
13818.181111,90.837156
13818.796667,90.769408
13819.065556,89.085368
13819.296111,90.99201
13819.580278,89.995137
13819.911667,90.904905
13820.115278,90.924262
13820.399722,91.504965
13820.759722,90.885548
13821.001389,90.885548
13821.143611,91.001689
13821.450556,90.372594
13821.813611,90.169348
13822.094167,90.062885
13822.392222,90.149991
13823.296944,91.156543
13823.933056,90.488734
13824.278889,90.837156
13824.535833,90.140312
13824.960833,89.056333
13825.432778,86.869018
13825.757778,86.627058
13826.030278,86.568988
13826.389444,86.220566
13826.651667,86.762555
13827.253333,86.172174
13827.525278,86.985158
13827.88,86.743198
13828.474167,87.294867
13829.072222,87.27551
13829.351944,86.946445
13829.620833,86.907731
13829.964444,87.014193
13830.276944,87.982032
13830.575833,86.404455
13831.1325,86.781912
13831.430278,86.520596
13831.832222,86.539952
13832.115556,86.907731
13832.417222,86.665771
13832.621111,86.288314
13832.980556,86.230244
13833.254167,86.520596
13833.554444,86.559309
13833.888889,86.046355
13834.463056,86.907731
13834.779167,86.936766
13835.343611,86.607701
13835.977778,86.065711
13836.245,86.385098
13836.521389,86.878696
13837.138333,86.036676
13837.376944,86.297993
13837.621389,86.268958
13837.954444,85.8915
13838.234444,87.411007
13838.5275,87.39165
13838.85,87.314223
13839.429167,87.140012
13840.074722,86.888374
13840.611111,87.101299
13841.239167,86.385098
13841.734722,87.169048
13841.991944,86.49156
13842.273333,86.443168
13842.548056,86.559309
13842.901667,86.617379
13843.179167,86.73352
13843.467222,86.714163
13843.769722,87.478756
13844.089722,86.878696
13844.389167,86.869018
13844.731667,87.304545
13845.025833,86.443168
13845.365833,86.607701
13845.726944,87.623932
13846.010556,86.43349
13846.305833,87.023872
13846.599444,87.411007
13846.95,86.37542
13847.249167,86.123782
13847.508889,85.968928
13847.803056,86.936766
13848.088056,85.736646
13848.358611,85.668897
13848.575556,85.814073
13849.010556,85.504365
13849.409444,85.659219
13849.648056,85.688254
13849.952222,85.117229
13850.231944,85.514043
13850.490556,85.523722
13851.075278,85.746325
13851.571111,86.152817
13852.452222,87.043228
13852.764722,87.623932
13853.001389,87.623932
13853.073889,86.917409
13853.350278,86.849661
13853.929444,87.643288
13854.523611,87.749751
13854.804722,88.214313
13855.086111,84.362315
13855.378611,84.27521
13855.629444,84.439742
13856.001944,84.797843
13856.294444,87.962675
13856.568889,87.236796
13856.849722,87.817499
13857.0425,87.817499
13857.108056,86.762555
13857.404444,86.888374
13857.747778,87.459399
13857.9225,87.149691
13858.153611,86.927088
13858.459444,87.169048
13858.839444,87.03355
13859.126944,86.356063
13859.425556,86.568988
13859.643056,86.839982
13859.965556,86.07539
13860.247778,86.336706
13860.532222,86.49156
13861.1075,87.99171
13861.364167,88.243348
13861.643333,88.494987
13861.947222,88.504665
13862.841111,89.995137
13863.11,89.162795
13863.968611,88.804695
13864.257222,88.843408
13864.512778,88.920836
13864.871111,89.201509
13865.135278,88.562735
13865.417778,88.785338
13865.766111,89.482182
13865.980833,88.59177
13866.234444,88.669198
13866.511944,88.8918
13866.838056,89.249901
13867.103611,88.446595
13867.372222,88.83373
13867.638611,88.83373
13868.016111,87.904605
13868.271944,88.29174
13868.570833,87.430364
13868.916389,87.662645
13869.212222,87.556183
13869.851667,88.553057
13870.401111,88.078816
13870.722222,88.204635
13870.984444,87.023872
13871.251667,86.810947
13871.538889,86.704485
13871.847778,86.665771
13872.42,84.255853
13873.380278,90.817799
13873.647778,90.750051
13874.002778,90.159669
13874.583611,90.343559
13874.903611,90.304845
13875.216111,89.908031
13875.44,89.811247
13875.786667,90.430664
13876.235556,89.927388
13876.3925,89.97578
13876.739722,90.682302
13877.028333,89.917709
13877.304722,90.072564
13877.561111,89.79189
13877.895278,90.653267
13878.169722,91.29204
13878.4675,91.795317
13878.761111,92.482482
13878.980833,90.837156
13879.299722,90.159669
13879.579444,89.869318
13879.895833,90.227418
13880.157222,90.63391
13880.398611,91.824352
13880.708056,93.27611
13880.971111,92.511517
13881.232778,92.163095
13881.443889,88.098173
13881.744167,88.978906
13881.991667,87.99171
13882.278333,88.156243
13882.868611,88.427238
13883.124722,87.507791
13883.398056,87.972354
13883.614722,88.098173
13883.941944,88.378846
13884.196944,88.030424
13884.974722,88.388524
13885.255,88.407881
13885.5325,88.862765
13885.895556,88.862765
13886.168333,88.465951
13887.101389,88.543378
13887.378333,88.5337
13887.7075,88.727268
13887.992222,88.901479
13888.224444,88.572414
13888.489167,89.143438
13888.851944,89.559609
13889.114167,88.785338
13889.395,88.940192
13889.616667,89.066011
13889.988056,89.588644
13890.244444,89.424112
13890.501111,90.169348
13891.145833,89.637036
13891.406389,89.424112
13891.639722,88.988584
13892.0125,92.07599
13892.298056,91.379146
13892.932222,91.359789
13893.2025,90.740372
13893.408333,90.846835
13893.763056,91.330754
13894.339722,92.947045
13894.596944,92.79219
13894.948333,92.830904
13895.221667,92.027598
13895.544444,91.708211
13895.930556,92.337306
13896.234722,91.59207
13896.529444,91.679176
13896.957222,91.77596
13897.615833,91.379146
13897.984722,91.514643
13898.264722,90.99201
13898.861111,91.979206
13899.135,91.369468
13899.418056,89.801569
13900.003333,89.908031
13900.913333,90.546805
13901.439444,88.959549
13901.765278,91.146865
13902.041667,91.011367
13902.272222,91.311397
13902.53,91.630784
13902.865278,90.721016
13903.331667,90.024172
13903.580833,89.608001
13903.886389,90.27581
13904.337778,90.149991
13904.609722,90.198383
13904.914722,90.198383
13904.918333,90.99201
13905.176667,90.517769
13905.747222,89.269258
13906.530833,89.666071
13906.868611,90.962975
13907.136389,90.120956
13907.3875,90.169348
13907.63,90.024172
13908.5,90.440342
13908.815,90.217739
13908.998611,90.217739
13909.107222,89.104725
13909.386667,88.77566
13909.720278,88.843408
13910.0225,89.337006
13910.295556,89.240222
13910.567778,88.814373
13910.885,90.769408
13911.463611,89.385398
13911.775278,90.99201
13912.339722,89.104725
13912.574167,88.669198
13913.205556,88.930514
13913.484444,88.969228
13913.825833,89.801569
13914.144722,88.504665
13914.371111,88.5337
13914.640278,88.23367
13914.988056,88.920836
13915.260278,87.585218
13915.533611,87.943318
13915.858056,89.462825
13916.116667,87.817499
13916.377778,88.243348
13916.637222,87.904605
13916.971667,88.204635
13917.225,87.014193
13917.536111,89.578966
13917.855,90.237096
13918.436944,88.669198
13919.106389,88.282062
13919.374444,88.553057
13919.715278,87.672324
13920.034167,87.411007
13920.327222,86.772234
13920.587778,86.588344
13920.845,87.381972
13921.315278,86.404455
13921.623333,86.530274
13922.269722,85.688254
13922.540556,85.8915
13922.871389,86.994837
13923.122222,85.765681
13923.379167,85.581792
13924.027778,85.910857
13924.296111,85.494687
13924.591111,85.504365
13925.443056,177.323224
13925.776111,180.507414
13926.097778,182.491483
13926.369722,183.691603
13926.625278,184.630407
13926.913056,185.462748
13927.418889,186.546727
13927.748056,187.117752
13927.931111,187.42746
13928.366944,187.988807
13928.6225,188.046877
13928.954722,188.085591
13929.289444,188.317872
13929.571667,188.559832
13929.8675,188.81147
13930.161944,189.053429
13930.443889,189.256676
13930.7525,189.479279
13930.983056,189.634133
13931.241111,137.912832
13931.506111,131.331528
13931.797778,125.92131
13932.035556,124.111451
13932.321667,123.201683
13932.561944,122.117704
13932.858889,119.349685
13933.141111,119.37872
13933.379167,119.010941
13933.628889,117.955997
13933.930278,116.571988
13934.203611,117.93664
13934.498889,115.77836
13934.961389,114.394351
13935.258333,114.191105
13935.515278,112.613527
13935.805,112.429638
13936.130833,112.342533
13936.986667,113.339406
13937.262222,113.310371
13937.564722,112.594171
13938.249722,109.700333
13938.518611,109.506765
13939.14,107.454947
13939.422222,107.271058
13939.762778,107.31945
13940.925556,106.806495
13941.087778,106.806495
13941.781389,109.226092
13942.021944,109.109951
13942.288056,108.51957
13942.572222,109.255127
13943.165,108.258253
13943.460833,108.490534
13943.775278,108.867992
13944.095,109.148665
13944.382778,108.471178
13944.643889,108.480856
13944.962778,107.890474
13945.274444,107.890474
13945.528889,105.316024
13945.839167,105.499913
13946.154444,105.21924
13946.468611,110.542353
13946.764722,110.193931
13947.073611,109.506765
13947.623333,109.313197
13947.957778,108.790565
13948.271111,108.355037
13948.525833,108.442143
13948.822222,108.364715
13949.155556,107.348485
13949.445278,106.690354
13949.505278,106.883922
13949.817222,106.932314
13950.359167,107.309771
13950.611944,107.13556
13950.935,107.73562
13951.479167,105.316024
13951.798333,104.212687
13952.071111,105.33538
13952.374444,105.248275
13952.992222,104.97728
13953.325833,104.348185
13953.571667,104.009441
13953.892778,104.125582
13954.177222,102.87707
13954.462222,102.964175
13954.805,102.712537
13955.078056,102.431864
13955.355556,102.064085
13955.993333,102.93514
13956.256111,101.938266
13956.566111,103.244849
13956.890833,102.819
13957.178889,102.025372
13957.350556,100.399403
13958.134444,99.867092
13958.414444,100.263905
13958.736667,100.263905
13958.989444,100.486508
13959.586667,99.383172
13959.87,99.731594
13960.145556,99.305745
13960.417778,97.815273
13960.8475,97.544279
13961.121667,98.212087
13962.518889,101.754377
13962.805556,101.899553
13963.993611,101.096247
13964.243333,99.112177
13964.535,98.686328
13965.153611,98.192731
13965.519444,99.179926
13965.848056,98.637936
13966.194167,98.347585
13966.4875,98.705685
13966.838889,98.07659
13967.177778,97.631384
13967.830833,98.13466
13968.131944,98.366941
13968.428611,98.463725
13968.770278,98.550831
13968.958611,98.105625
13969.554722,98.008841
13970.171944,97.699133
13970.563889,97.041002
13971.208333,95.715063
13971.729167,95.347285
13972.041389,95.637636
13972.356389,95.405355
13972.738889,96.111877
13973.437778,95.802169
13973.882778,95.463425
13974.265,94.543979
13974.525,95.240822
13974.835,98.01852
13975.096111,111.239196
13975.408333,108.461499
13975.744722,109.138986
13976.0575,108.374394
13976.335,107.929188
13976.594444,107.764655
13976.973889,107.996937
13977.246111,107.996937
13977.253333,107.232344
13977.526389,106.932314
13977.846111,107.929188
13978.15,107.261379
13978.450556,106.825852
13981.305556,107.038776
13981.31,106.864565
13981.945,106.438716
13982.24,106.196757
13982.505556,105.858013
13982.887222,106.138686
13983.161944,105.480556
13983.4325,105.809621
13984.041111,105.432164
13984.278056,105.616054
13984.555556,105.422486
13984.905833,105.548305
13985.178056,105.567662
13985.458611,105.441843
13986.324444,105.799943
13986.718611,105.770908
13987.005,105.141813
13987.337222,104.861139
13987.580833,104.803069
13987.919167,105.412807
13988.188056,104.744999
13988.443333,104.822426
13988.762778,106.632284
13989.08,106.003189
13989.365278,106.700033
13989.704444,105.664445
13989.989722,105.480556
13990.255833,104.754677
13990.517778,104.986958
13990.825,104.851461
13991.090278,104.570788
13991.348889,104.938566
13991.5625,105.509591
13991.8625,105.296667
13992.112778,104.532074
13992.380833,105.780586
13992.738611,105.838656
13993.095,102.509291
13993.961944,102.760929
13994.553889,102.819
13994.881667,102.819
13995.144444,102.21894
13995.447778,102.693181
13995.779444,102.625432
13996.068333,102.073764
13996.598889,102.064085
13997.135278,101.589844
13997.7725,102.422186
13998.320833,102.354437
13998.5925,101.802769
13998.928889,103.264205
13999.809444,100.515543
14000.077222,99.789664
14000.559444,100.292941
14000.905556,99.267032
14001.172222,98.686328
14001.426111,98.531474
14001.728333,98.715363
14002.486944,100.138086
14003.24,99.692881
14003.481667,99.838056
14004.083056,99.847735
14004.340278,100.099373
14004.581111,100.070338
14005.553056,98.395977
14006.065278,98.221766
14006.2875,98.550831
14006.547778,98.841182
14008.318333,99.838056
14008.586111,99.431564
14008.936111,99.760629
14009.776389,100.012267
14010.046944,99.267032
14010.286389,99.208961
14010.556111,99.51867
14010.886667,99.121856
14011.1475,98.73472
14011.401389,98.947645
14011.738056,99.402529
14012.26,99.083142
14012.490278,98.589544
14012.7675,98.589544
14012.810833,98.560509
14013.038611,98.608901
14013.329444,98.821826
14013.596111,99.199283
14013.9025,99.179926
14014.158056,99.741272
14014.409444,99.712237
14014.596667,99.402529
14014.930278,99.567062
14015.207778,100.205835
14016.093889,99.305745
14016.614167,99.421886
14016.833611,99.421886
14016.979444,99.044429
14017.4975,98.783112
14017.840278,99.03475
14018.123889,98.841182
14018.385,98.802469
14018.568611,98.73472
14018.954722,98.37662
14019.166389,98.192731
14019.454444,98.357263
14019.7875,98.686328
14020.062222,98.444369
14020.339167,98.783112
14020.588889,98.908931
14020.918889,98.705685
14021.194444,98.560509
14021.418889,97.989484
14021.754167,98.028198
14022.028056,98.192731
14022.280833,99.199283
14022.558889,99.586418
14022.942778,101.125282
14023.201667,100.554257
14023.396667,100.767182
14023.703889,100.147765
14024.439722,100.447795
14024.7425,100.428438
14025.003611,102.422186
14025.260278,102.499613
14025.520833,103.157743
14025.848056,103.77716
14026.149444,103.341633
14026.410833,104.009441
14026.755556,104.241723
14027.039167,103.5352
14027.305278,104.07719
14028.158333,103.138386
14028.409722,103.554557
14028.718889,103.080316
14029.014722,102.151191
14029.26,101.996337
14029.520278,102.596397
14029.841667,102.770608
14030.125,101.163995
14030.349167,100.873644
14030.975278,101.231744
14031.230833,101.270458
14031.506667,101.222066
14031.91,101.870518
14032.160833,101.502739
14032.416389,101.444669
14032.652778,101.831804
14033.024167,100.873644
14033.309167,101.01882
14033.574722,101.493061
14033.931111,101.560809
14034.166944,101.01882
14034.4375,101.328528
14034.764167,102.238296
14035.31,100.689754
14035.564722,100.999463
14035.875833,101.425312
14036.774444,100.912357
14037.0475,100.457473
14037.328611,100.312297
14038.174444,99.412207
14038.455833,99.57674
14039.085833,98.686328
14039.484444,98.899253
14040.089722,96.257053
14040.355,95.61828
14040.624167,96.266731
14040.951667,95.647315
14040.951944,95.647315
14041.486389,97.447495
14041.807778,97.737846
14042.038056,97.224892
14042.3125,97.282962
14042.541389,97.041002
14042.870278,97.447495
14043.13,97.011967
14043.415,96.702259
14043.774167,97.321676
14044.850833,96.315123
14045.381111,94.863365
14045.7125,96.21834
14045.907778,96.799043
14046.150833,95.085968
14046.402222,94.253627
14046.723889,95.705385
14046.976667,94.8924
14047.219167,93.711637
14047.489167,93.750351
14047.7975,93.982632
14048.513056,94.263305
14049.113889,94.1762
14049.365556,94.931114
14049.638611,94.582692
14050.160556,94.582692
14050.201111,94.582692
14050.410556,93.605175
14050.734167,94.805295
14050.945,95.240822
14051.19,94.689154
14051.461667,94.844009
14051.775556,95.163395
14052.039722,94.621406
14052.293056,94.11813
14052.536111,94.679476
14052.845556,95.49246
14053.078889,94.998863
14053.330833,95.13436
14053.583889,95.43439
14054.228333,95.43439
14054.322222,94.844009
14054.609167,95.424712
14054.880278,96.111877
14055.406667,95.43439
14055.736389,96.324802
14056.048333,94.350411
14056.305,94.747225
14056.911944,94.602049
14057.133056,93.624532
14057.405556,93.237396
14057.643056,93.730994
14058.010556,93.808421
14058.28,95.715063
14058.539722,95.898953
14058.895278,96.03445
14059.131667,96.121556
14059.379167,95.482782
14059.582778,95.453747
14059.961944,94.698833
14060.231944,94.708511
14060.509167,95.337606
14060.816389,94.795617
14061.085833,94.060059
14061.57,94.795617
14061.896389,94.882722
14062.754167,94.853687
14063.023333,93.885848
14063.271667,93.605175
14063.527778,94.398803
14064.121667,93.556783
14064.391389,93.914883
14064.634444,94.321376
14065.330278,94.41816
14065.622222,94.302019
14065.924444,94.47623
14066.166944,93.247075
14066.426389,93.730994
14066.746389,94.902079
14066.994167,94.427838
14067.260833,94.079416
14067.5275,94.021346
14068.133889,94.679476
14068.389444,94.573014
14068.711111,94.863365
14069.015556,94.931114
14069.299444,95.047255
14069.589167,96.789364
14070.16,96.992611
14070.460556,100.292941
14070.830833,98.928288
14071.100278,96.663545
14071.371667,95.047255
14071.636667,94.689154
14071.946111,94.679476
14072.473611,94.640762
14073.360833,94.485908
14074.203611,94.602049
14074.754444,95.598923
14075.016667,94.979506
14075.271111,94.77626
14075.478333,95.298893
14075.772778,95.695707
14076.007222,94.950471
14076.284167,94.563335
14076.588889,95.027898
14076.905556,95.395677
14077.127778,94.756903
14077.386667,94.83433
14078.251389,94.911757
14078.521944,97.137786
14078.867222,95.869918
14079.118889,95.424712
14079.716667,96.711937
14080.214167,95.153717
14080.499444,94.379446
14080.8425,94.282662
14081.104167,94.708511
14081.361667,94.824652
14081.571389,93.353537
14081.910833,94.456873
14082.185,92.91801
14082.423056,93.595497
14082.758056,94.021346
14083.041111,92.840582
14083.299444,92.656693
14083.555556,93.789064
14083.932222,92.811547
14084.151389,91.921136
14084.422778,93.121256
14084.788889,93.963275
14085.270278,92.230844
14085.536944,92.685728
14085.870556,92.172774
14086.129167,92.172774
14086.465278,92.308271
14086.822778,92.879296
14087.0275,92.588944
14087.304444,92.298593
14087.579167,92.279236
14087.870833,93.159969
14088.177222,92.753477
14088.434722,92.927688
14088.739444,93.99231
14089.0425,92.937366
14089.458056,90.827478
14089.595,94.814973
14090.177222,94.814973
14090.200556,92.695407
14090.458056,92.037276
14090.795278,92.73412
14091.335278,91.437216
14091.634167,93.305145
14091.953889,92.559909
14092.203333,91.698533
14092.417778,95.056933
14092.787222,95.792491
14093.054167,94.969828
14093.349444,94.650441
14093.930833,95.289214
14094.216111,95.511817
14094.473611,96.779686
14094.8325,96.102199
14095.071389,95.182752
14095.319167,94.689154
14095.911389,95.540852
14096.196389,95.482782
14096.443056,95.947345
14097.0325,96.411907
14097.326111,96.450621
14097.603889,96.508691
14097.876667,96.508691
14098.138056,97.737846
14098.791389,99.625132
14099.370556,98.705685
14100.188333,96.644189
14100.416944,97.524922
14100.7375,95.666671
14100.976944,94.1762
14101.284722,94.505265
14101.870556,94.282662
14102.130278,94.931114
14102.423333,93.827778
14102.747778,94.156843
14102.950556,94.108451
14104.098889,93.972954
14104.387222,94.060059
14104.9425,94.873044
14105.546944,92.927688
14105.880833,94.060059
14106.0975,93.101899
14106.378611,92.49216
14106.629167,92.666371
14106.948333,93.653567
14107.28,92.124382
14107.564444,91.456573
14107.901667,92.153417
14108.165,91.446895
14108.768056,90.866191
14109.040833,90.614553
14109.356667,91.408181
14109.61,89.395077
14110.406389,94.931114
14110.728889,94.582692
14111.003333,94.514943
14111.270833,93.479356
14111.798333,92.598623
14112.088333,90.57584
14112.328889,91.785638
14112.598056,91.088794
14112.934167,91.83403
14113.740278,91.408181
14114.229444,91.069438
14114.504167,90.420986
14114.822222,91.311397
14115.403889,92.230844
14115.608611,92.114703
14116.222778,93.043829
14116.505278,92.859939
14116.820833,93.837456
14117.383611,93.09222
14117.888056,94.011667
14118.159167,93.847135
14118.478889,94.47623
14118.811389,94.514943
14119.078889,93.711637
14119.338056,93.150291
14119.588611,92.772834
14119.911111,92.172774
14120.208333,92.49216
14120.473056,92.269558
14120.783056,92.743799
14120.986944,92.598623
14121.2175,91.669498
14121.521111,91.417859
14121.711389,91.417859
14121.833056,91.698533
14122.088333,91.804995
14122.415833,91.650141
14123.001389,93.479356
14123.498889,93.198683
14123.828056,94.29234
14124.457778,93.614853
14124.739722,91.727568
14125.558056,91.746925
14125.759444,91.746925
14125.903889,92.279236
14126.184167,93.924562
14126.396389,94.505265
14126.646111,92.105025
14126.963056,91.979206
14127.236944,91.427538
14127.537778,90.653267
14127.810833,92.211487
14128.064167,91.311397
14128.393611,91.795317
14128.707222,92.695407
14128.983056,92.966401
14129.263056,92.19213
14129.5675,93.401929
14129.888889,94.708511
14130.167778,94.050381
14130.478611,94.543979
14130.793889,95.637636
14131.080833,94.021346
14131.4075,94.302019
14131.711944,94.001989
14132.47,89.37572
14132.746667,90.053207
14132.991389,90.904905
14133.26,90.440342
14133.534444,90.03385
14134.146667,90.769408
14134.460833,90.924262
14134.803333,91.040402
14135.413611,90.27581
14135.743611,90.788764
14135.993056,91.195257
14136.255,90.295167
14136.558611,90.111277
14136.84,90.227418
14137.318333,89.937066
14137.616111,89.278936
14137.929167,90.03385
14138.197778,90.295167
14138.466389,90.411307
14138.791667,90.63391
14139.343611,90.459699
14139.593333,89.908031
14140.169722,90.566161
14140.481944,91.698533
14140.783056,90.343559
14141.033333,90.149991
14141.314444,90.372594
14141.570278,90.411307
14141.913889,91.156543
14142.161667,90.237096
14142.399722,90.517769
14142.65,90.285488
14142.956389,91.77596
14143.153056,91.224292
14143.5475,91.83403
14144.100556,92.898653
14144.384444,95.415033
14144.633889,94.001989
14144.908611,92.714763
14145.170556,91.679176
14145.446111,91.911457
14145.743889,91.330754
14145.999167,91.611427
14146.273889,91.282362
14146.513333,91.137186
14147.114167,91.088794
14147.403611,91.369468
14147.640556,91.040402
14147.9475,91.843709
14148.238611,91.495287
14148.520556,91.630784
14148.8325,92.230844
14149.114444,91.621106
14149.422222,91.979206
14149.768056,91.514643
14150.016667,91.998563
14150.387778,92.211487
14150.735,92.066311
14151.005833,92.714763
14151.238611,91.911457
14151.5475,91.679176
14151.880833,92.288914
14152.142222,91.088794
14152.728333,91.398503
14152.991389,92.366341
14153.258889,92.066311
14153.564722,92.317949
14153.899722,92.666371
14154.191944,92.105025
14154.525833,92.73412
14154.8475,93.353537
14155.093611,92.61798
14155.396667,93.479356
14155.717222,92.772834
14155.995833,93.837456
14156.266667,92.743799
14156.563611,90.953297
14157.153889,90.895227
14157.348611,90.895227
14157.475278,91.47593
14157.801389,91.224292
14158.122222,91.021046
14158.433611,92.67605
14158.765278,91.224292
14159.072222,91.83403
14159.377222,92.230844
14159.709167,90.566161
14159.966111,90.295167
14160.228611,89.617679
14160.768611,89.520896
14160.950833,90.33388
14161.376111,90.33388
14161.590556,89.820926
14161.929167,90.014493
14162.225556,89.97578
14162.511944,89.43379
14163.084167,89.172474
14163.304722,89.782212
14163.511667,89.366041
14163.832778,91.427538
14164.082222,90.87587
14164.361667,91.795317
14164.637778,91.117829
14164.938889,92.695407
14165.183889,92.279236
14165.424167,92.985758
14165.743889,93.401929
14166.235,92.714763
14166.495833,93.382572
14166.800278,94.224592
14167.07,93.51807
14167.336111,91.640462
14167.618889,90.556483
14167.961111,91.688854
14168.253611,91.630784
14168.521111,90.556483
14168.843611,91.301719
14169.113333,90.179026
14169.725278,91.156543
14169.981667,92.046955
14170.499722,92.056633
14170.832778,92.366341
14171.063333,92.085668
14171.316389,92.753477
14171.612778,92.966401
14171.9,93.585818
14172.176111,92.521196
14172.449722,92.888974
14172.920833,91.398503
14173.190278,90.517769
14173.49,91.272684
14173.891667,91.853387
14174.164167,90.314523
14174.481389,91.717889
14174.764722,91.040402
14175.007222,91.059759
14175.207222,89.830604
14175.491111,91.446895
14175.867778,91.437216
14176.098056,91.311397
14176.380556,92.066311
14176.708333,91.756603
14176.918611,92.182452
14177.169444,91.069438
14177.454444,91.727568
14177.730556,91.127508
14177.960556,92.085668
14178.227222,90.721016
14178.534167,91.698533
14178.792778,91.746925
14178.994722,93.09222
14179.251667,92.008241
14179.5775,92.105025
14180.053333,91.8921
14180.288333,91.543679
14180.926667,89.859639
14182.016389,90.682302
14182.265556,89.840282
14182.514444,89.67575
14182.823889,89.753177
14183.477778,87.769108
14183.808611,87.836856
14184.087778,87.362615
14184.341944,87.498113
14184.585278,87.769108
14185.012222,88.146565
14185.443611,88.088494
14185.772778,87.246475
14186.0375,87.93364
14186.300833,88.911157
14186.609722,89.298293
14186.904444,91.504965
14187.160278,89.162795
14187.748056,89.249901
14188.037222,88.765981
14188.298611,87.749751
14188.715278,86.801269
14189.005,86.820626
14189.563333,88.349811
14189.901667,89.007941
14190.170833,88.127208
14190.469722,89.511217
14190.769444,89.017619
14191.034167,90.120956
14191.583889,88.136886
14191.909722,88.669198
14192.151389,88.098173
14192.427222,87.565861
14192.761944,86.898053
14193.015833,86.898053
14193.126667,85.543078
14193.410833,84.923662
14193.709722,86.065711
14193.963056,86.181852
14194.223611,85.184978
14194.583889,85.117229
14194.8975,84.817199
14195.137222,85.078516
14195.381667,85.620506
14195.726111,84.710737
14195.983056,84.69138
14196.533333,85.126908
14197.025278,85.126908
14197.101667,84.788164
14197.361944,84.401029
14197.7125,84.284888
14197.983056,84.526848
14198.2475,84.362315
14198.500556,85.097873
14198.799722,84.420386
14199.035833,84.323602
14199.300833,84.139712
14199.554722,84.401029
14199.878611,84.304245
14200.152222,83.888074
14200.429167,85.339832
14200.765278,84.904305
14201.044444,84.730094
14201.296389,84.488134
14201.592222,92.956723
14201.830278,92.772834
14202.368056,97.47653
14202.938889,97.311997
14203.2175,97.379746
14203.4875,96.750651
14203.819722,96.392551
14204.075,94.756903
14204.599444,94.263305
14205.213056,94.069738
14205.461111,94.108451
14205.802778,93.585818
14206.326667,94.011667
14206.608889,93.401929
14206.883056,96.315123
14207.439444,95.744099
14207.7325,95.97638
14207.982222,95.927988
14208.227222,95.879596
14208.533333,95.705385
14208.948611,95.173074
14209.352778,95.889274
14209.600833,94.669798
14210.180556,94.950471
14210.437778,95.182752
14210.752222,95.231144
14210.979444,95.182752
14211.225556,95.202109
14211.503333,94.979506
14211.819444,97.195857
14212.070556,96.8184
14212.572222,95.502139
14212.884167,96.363515
14213.152778,95.598923
14213.416389,95.424712
14213.716389,96.363515
14213.971944,98.357263
14214.212778,95.43439
14214.458333,95.850561
14214.751389,95.463425
14215.092222,94.427838
14215.404444,95.356963
14215.758611,95.211787
14216.088333,94.563335
14216.488333,94.079416
14216.874444,94.098773
14217.144167,93.943919
14217.753889,93.111577
14218.010833,93.169648
14218.278611,93.972954
14218.599167,93.072864
14218.88,93.295467
14219.161389,93.527748
14219.493889,93.566461
14219.823056,93.547105
14220.0825,93.401929
14220.4325,93.372894
14220.755,93.285788
14221.041667,92.472804
14221.370833,92.666371
14221.711389,92.569588
14221.975,92.424412
14222.244444,92.637336
14222.474167,92.714763
14222.793333,92.666371
14223.092222,91.417859
14223.408611,91.611427
14223.758611,91.117829
14224.0525,90.208061
14224.366667,91.340432
14224.621667,91.301719
14225.438611,91.882422
14225.764444,91.321076
14226.026667,91.185578
14226.430556,91.253327
14226.785556,91.388824
14227.017222,91.340432
14227.89,91.582392
14228.083333,91.543679
14228.394167,90.03385
14228.94,90.953297
14229.071111,90.953297
14229.201389,90.566161
14229.441389,90.866191
14229.766667,90.953297
14230.038333,89.114403
14230.297222,88.940192
14230.880556,89.172474
14231.326667,89.269258
14231.594167,88.707911
14231.924167,89.027298
14232.178889,88.959549
14232.7775,88.204635
14232.980278,88.23367
14233.106944,88.23367
14233.595,88.359489
14233.927222,85.862465
14234.215833,85.910857
14234.505,86.37542
14234.818333,88.349811
14235.028333,87.914283
14235.348611,87.740072
14235.611389,86.898053
14235.948333,86.694807
14236.527222,86.723842
14236.803889,86.617379
14237.018056,86.578666
14237.485833,85.843108
14237.842778,84.449421
14238.079444,88.814373
14238.332222,87.411007
14238.593333,87.788464
14238.886111,88.049781
14239.143056,87.440042
14239.401111,87.062585
14239.6375,87.004515
14239.929167,86.810947
14240.178056,86.588344
14240.451389,87.023872
14241.03,87.217439
14241.282778,87.411007
14241.833056,87.236796
14242.078056,86.985158
14242.268611,86.172174
14242.405833,83.210587
14242.581944,83.104125
14242.791389,82.929914
14242.936944,83.07509
14243.103056,83.07509
14243.282222,82.871844
14243.449722,83.500939
14243.62,83.336406
14243.865556,83.065411
14243.997222,83.19123
14244.150278,83.171874
14244.335556,83.162195
14244.527778,83.171874
14245.021111,87.052907
14245.519167,86.452847
14245.825556,86.704485
14246.095,87.972354
14246.357778,86.801269
14246.633056,87.023872
14246.962222,87.604575
14247.257222,87.39165
14247.517222,86.404455
14248.179444,85.485008
14248.442778,85.184978
14248.781667,86.143138
14249.334444,85.407581
14249.594444,85.030124
14249.945278,85.814073
14250.2075,86.114103
14250.466944,85.446295
14250.764444,85.601149
14251.344444,85.243048
14251.6325,84.826878
14251.963889,84.459099
14252.2775,84.013893
14252.491944,83.73322
14252.792222,83.500939
14253.078333,84.33328
14253.393611,83.636436
14253.6375,83.200909
14253.961944,84.284888
14254.273333,83.868717
14254.478611,82.184678
14254.761389,81.749151
14255.354444,81.458799
14255.630278,81.003915
14255.964722,81.458799
14256.265278,80.13286
14256.538056,80.423212
14256.810833,80.529674
14256.859444,80.519996
14257.593889,79.648941
14258.169167,84.081642
14258.437222,84.09132
14258.756944,84.294567
14259.315556,84.110677
14259.891667,85.794717
14260.193889,85.184978
14260.431944,86.162495
14260.756667,86.327028
14261.024722,87.169048
14261.297778,84.652667
14261.543611,84.99141
14261.878611,87.09162
14262.121389,87.517469
14262.383333,87.294867
14262.969167,86.617379
14263.2525,84.255853
14263.530278,83.278336
14263.836667,83.278336
14264.118889,83.578366
14264.622778,81.816899
14264.971667,81.652367
14265.216389,82.252427
14265.274444,82.252427
14265.744722,83.926788
14266.0125,84.497813
14266.2675,84.004215
14266.495,83.549331
14267.073333,83.849361
14267.3375,83.810647
14267.566944,83.423512
14268.138611,85.407581
14268.354444,85.204335
14268.618889,80.994236
14268.93,82.078216
14269.291389,82.165321
14269.366111,81.749151
14269.623611,80.607101
14269.949444,86.898053
14270.261944,86.065711
14270.790556,85.823752
14271.061389,85.83343
14271.347222,86.046355
14271.595278,85.785038
14271.907222,86.036676
14272.143889,86.607701
14272.421111,86.694807
14272.768611,86.162495
14273.273056,86.568988
14273.5475,86.607701
14273.877222,86.607701
14274.1175,86.956123
14274.390278,87.478756
14274.719722,86.37542
14275.509722,87.294867
14275.855,86.704485
14276.734444,86.007641
14277.012222,86.336706
14277.283611,87.585218
14277.511111,87.33358
14277.86,86.723842
14278.139722,86.878696
14278.4125,87.294867
14278.784722,86.539952
14279.038889,86.385098
14279.338611,86.617379
14279.635556,87.014193
14279.967222,86.49156
14280.223056,85.872144
14281.193056,85.426938
14281.4325,85.330154
14282.043333,84.923662
14282.299722,84.604275
14282.585,84.788164
14282.904722,84.730094
14283.162222,84.323602
14283.426389,84.517169
14283.7775,84.517169
14284.281944,84.304245
14284.553056,84.846235
14284.889722,84.894627
14285.365556,84.023572
14285.743333,83.423512
14286.010278,83.965501
14286.270556,83.607401
14286.523611,84.265531
14286.823056,84.09132
14287.0825,84.923662
14287.334167,84.972054
14287.567222,85.23337
14287.896111,84.826878
14288.171389,86.472204
14288.431944,86.49156
14288.817778,86.830304
14289.079444,88.156243
14289.311944,86.907731
14289.581111,86.956123
14290.1775,86.423812
14290.431667,86.627058
14290.812222,85.997963
14291.301667,86.43349
14291.586944,86.607701
14292.418889,86.965801
14292.753611,86.346385
14293.02,86.49156
14293.361111,87.072264
14293.6475,87.178726
14293.972778,86.917409
14294.243056,86.239922
14294.51,86.443168
14294.773333,86.143138
14295.034722,86.307671
14295.298611,86.317349
14295.882778,86.268958
14296.102222,86.104425
14296.379444,86.13346
14296.749444,85.601149
14297.269167,86.617379
14297.525556,86.67545
14297.831667,86.104425
14298.729444,85.968928
14298.9875,86.385098
14299.231389,86.781912
14299.500556,87.03355
14300.124722,86.559309
14300.9575,86.559309
14300.969167,86.162495
14301.8725,85.939892
14302.147778,85.368867
14302.440556,85.639862
14302.813889,85.523722
14303.227222,85.059159
14303.558056,86.085068
14304.230278,84.701059
14304.505278,85.078516
14304.986111,85.078516
14305.567222,84.652667
14305.881944,84.081642
14306.098056,84.03325
14306.328333,84.207461
14306.644167,84.042928
14306.993889,83.210587
14307.537778,83.839682
14307.782778,84.952697
14308.05,85.146265
14308.571389,86.162495
14308.909167,86.123782
14309.171944,86.239922
14309.441111,85.639862
14309.7975,86.588344
14310.355556,86.549631
14310.724167,86.839982
14310.993889,88.620806
14311.239722,87.720716
14311.491667,88.504665
14311.888333,89.67575
14312.137778,87.836856
14312.356944,87.411007
14312.624167,87.217439
14313.204444,87.101299
14313.461111,86.607701
14313.793056,86.414133
14314.038333,86.104425
14314.373611,85.417259
14314.709167,85.514043
14314.994444,83.79129
14315.261667,83.946145
14315.5125,83.830004
14315.850278,83.917109
14316.074722,83.694507
14316.578333,84.517169
14317.161111,84.420386
14317.423056,86.094747
14317.8,84.497813
14318.041389,84.720416
14318.511111,85.068837
14318.8025,84.642988
14319.080556,84.555883
14319.305278,84.33328
14319.5775,84.478456
14319.941667,84.410707
14320.522778,85.204335
14320.8725,84.255853
14321.118611,84.420386
14321.621944,85.146265
14321.932778,84.478456
14322.446944,85.397903
14322.817222,84.846235
14323.055556,85.001089
14323.318889,84.759129
14323.573333,85.397903
14323.927778,84.381672
14324.161111,84.100999
14324.426944,84.255853
14324.793611,84.313923
14325.086389,83.781612
14325.372778,83.162195
14325.718056,84.468777
14326.0125,84.884948
14326.2375,84.604275
14326.528611,84.57524
14326.893333,84.004215
14327.185278,84.100999
14328.108611,86.636736
14328.366667,86.201209
14328.736389,85.165621
14329.035,82.175
14329.572778,81.478156
14329.923056,84.865591
14330.173056,84.042928
14330.468056,83.510617
14330.822222,83.123482
14331.066389,83.239622
14331.336944,83.452547
14331.895556,83.384798
14332.143611,84.342958
14332.3875,83.781612
14332.726111,86.385098
14333.0025,90.614553
14333.263056,91.098473
14333.492222,91.47593
14333.854722,91.921136
14334.08,91.824352
14334.336667,90.866191
14334.616667,91.47593
14334.944167,92.114703
14335.201667,92.647015
14335.452222,92.066311
14335.801667,92.143739
14336.112222,91.640462
14336.363056,91.988884
14336.6225,91.988884
14336.629444,92.540552
14336.971944,93.963275
14337.315833,93.866491
14337.561667,93.943919
14337.894167,93.314823
14338.156111,93.508391
14338.4175,93.914883
14338.727778,93.459999
14338.975556,93.789064
14340.100833,93.237396
14340.644722,93.237396
14340.729167,93.411607
14340.9825,93.256753
14341.211944,92.888974
14341.429722,94.060059
14342.046111,94.195557
14342.346667,94.5343
14342.609167,94.611727
14342.944722,94.950471
14343.205,93.556783
14343.474444,93.614853
14343.849444,93.430964
14344.116944,93.69228
14344.365,92.869618
14344.630556,92.927688
14344.974722,93.101899
14345.466667,92.017919
14345.793056,92.366341
14346.053611,91.659819
14346.291389,92.143739
14346.913056,91.659819
14347.114444,91.814673
14347.362778,90.159669
14347.716389,90.479056
14348.022778,90.179026
14348.5475,89.772534
14348.889444,90.024172
14349.514167,89.540252
14349.904167,89.878996
14350.408333,90.779086
14350.796667,90.779086
14351.359167,90.527448
14351.631667,90.072564
14351.946667,89.317649
14352.185,89.530574
14352.440833,89.608001
14353.415833,89.898353
14353.833889,90.827478
14354.370556,90.024172
14354.623056,89.801569
14354.985833,89.511217
14355.255,89.704785
14355.503056,89.79189
14356.119167,89.917709
14356.376944,89.917709
14356.586111,90.411307
14357.460278,90.39195
14357.7775,90.353237
14357.999722,90.914583
14358.221111,90.420986
14358.476111,90.053207
14358.7875,90.701659
14359.055278,90.004815
14359.3,90.614553
14360.043333,89.927388
14360.322778,91.030724
14361.154722,89.878996
14361.4275,90.217739
14361.880556,89.540252
14362.485556,90.082242
14362.812778,90.024172
14363.041389,89.637036
14363.285278,91.127508
14363.552222,91.311397
14364.109444,90.846835
14364.370833,90.546805
14364.705833,90.93394
14365.217222,90.769408
14365.485833,91.079116
14365.813889,92.540552
14366.025556,86.917409
14366.292778,86.907731
14366.541944,87.411007
14366.875278,87.69168
14367.0975,88.465951
14368.256111,89.956423
14368.5325,90.672624
14368.875,89.085368
14369.3725,88.223992
14369.636111,88.77566
14369.959444,89.036976
14370.214444,88.843408
14370.468333,88.736946
14370.776944,89.046655
14371.0375,88.804695
14371.301667,88.785338
14371.903889,85.823752
14372.198056,86.239922
14372.448056,86.239922
14372.460278,86.239922
14372.861944,86.501239
14373.132778,86.056033
14373.383056,85.872144
14373.633889,86.230244
14373.988056,86.114103
14374.521944,85.997963
14374.988611,85.523722
14375.223611,85.194657
14375.490278,85.446295
14375.842222,85.610827
14376.104444,85.397903
14376.361944,85.243048
14376.4625,85.243048
14376.738611,86.781912
14377.027222,86.665771
14377.546944,86.917409
14377.900556,88.707911
14378.134444,88.514343
14378.372778,88.136886
14379.012778,85.204335
14379.528333,84.497813
14379.8275,85.146265
14380.104167,84.904305
14380.343333,85.165621
14380.596389,85.465651
14380.943611,86.201209
14381.199722,85.668897
14381.470556,86.336706
14381.778056,87.217439
14382.331944,84.739772
14382.585278,84.178426
14382.914444,84.972054
14383.149722,84.33328
14383.404444,84.120356
14383.900556,84.217139
14384.164444,84.836556
14384.423056,84.981732
14385.049167,84.362315
14385.318889,84.052607
14385.553611,83.404155
14385.931389,81.981432
14386.208889,81.720116
14386.438611,81.923362
14386.773333,81.681402
14387.052222,81.371694
14387.268056,81.584618
14387.537222,81.93304
14387.835833,82.484708
14388.113056,82.126608
14388.365,82.068537
14388.631944,81.778186
14388.980278,81.787864
14389.215,81.603975
14389.680556,81.87497
14390.028056,81.826578
14390.286944,82.455673
14390.720556,83.113803
14391.006944,82.484708
14391.231667,82.329854
14391.463056,81.826578
14391.775278,82.145965
14392.085833,84.023572
14392.8075,85.243048
14393.103333,84.604275
14393.372222,84.613953
14393.628611,84.981732
14393.962778,85.910857
14394.575556,86.307671
14395.246111,86.462525
14395.455,86.656093
14395.778889,87.120656
14396.325833,86.220566
14396.580556,86.49156
14396.909444,87.004515
14397.165278,86.665771
14397.420278,86.172174
14397.752222,87.110977
14398.0525,84.93334
14398.319444,85.262405
14398.566667,85.543078
14399.141667,84.855913
14399.363056,84.923662
14399.571944,84.93334
14399.868333,84.981732
14400.134722,84.497813
14400.409444,84.681702
14400.745833,84.401029
14400.943889,83.510617
14401.846389,83.820326
14402.117778,83.626758
14402.61,84.701059
14402.954722,84.855913
14403.221667,85.001089
14404.038333,86.172174
14404.293333,87.99171
14404.578056,87.39165
14404.903056,87.643288
14405.145556,86.539952
14405.351111,86.346385
14405.721944,85.301119
14405.97,85.23337
14406.221667,84.449421
14406.495,86.356063
14407.039722,85.668897
14407.323611,86.801269
14407.556944,86.723842
14407.864167,87.362615
14408.128611,87.362615
14408.133333,87.411007
14408.368056,88.669198
14408.623889,87.498113
14409.179722,86.501239
14409.45,84.672024
14409.756944,88.862765
14410.039167,88.185278
14410.278611,88.146565
14410.510278,88.301419
14410.835833,88.543378
14411.049167,88.456273
14411.333056,88.669198
14411.592222,88.543378
14411.891111,88.843408
14412.130556,88.843408
14412.156111,86.985158
14412.819444,86.67545
14413.633889,86.530274
14414.273889,86.220566
14414.44,85.920536
14414.7575,86.085068
14415.263889,86.588344
14415.523889,86.578666
14415.821667,86.936766
14416.129444,85.939892
14416.386111,86.297993
14416.617778,86.37542
14416.948333,86.094747
14417.244444,86.036676
14417.480833,86.056033
14417.808056,86.230244
14418.391389,88.1756
14418.711944,88.311097
14419.006111,87.440042
14419.513333,87.488434
14419.817778,87.885248
14420.118889,88.572414
14420.392222,88.301419
14420.633333,88.456273
14420.981667,88.553057
14421.246111,87.87557
14421.785,88.165921
14422.129167,87.343258
14422.383056,87.304545
14423.805278,86.481882
14424.1225,86.423812
14424.380278,86.559309
14424.6375,86.772234
14424.981111,88.601449
14425.247778,87.749751
14425.513333,87.294867
14425.841111,88.320776
14426.141667,87.807821
14426.408889,87.846535
14426.707778,88.369168
14427.003611,88.194957
14427.488333,87.914283
14428.086944,89.898353
14428.331111,89.017619
14428.6025,89.385398
14428.9125,90.304845
14429.173333,89.095047
14429.426667,89.240222
14429.708611,89.307971
14430.025,89.511217
14430.270556,88.620806
14430.484167,88.717589
14430.775833,89.549931
14431.06,89.19183
14431.314444,88.524022
14431.543889,88.223992
14432.395556,88.524022
14432.619722,88.020746
14433.157778,89.036976
14433.397222,88.765981
14433.633333,88.301419
14434.204167,88.388524
14434.443333,88.349811
14434.748611,88.717589
14435.319722,89.414433
14435.582222,88.456273
14436.161944,88.1756
14436.4275,87.904605
14436.747778,88.107851
14437.261389,87.904605
14437.545278,87.788464
14437.852778,87.749751
14438.095,88.272384
14438.4625,88.611127
14438.462778,88.611127
14438.932778,88.011067
14439.201944,88.47563
14439.516667,88.446595
14439.801389,87.904605
14440.323889,88.320776
14440.621111,88.088494
14440.923611,87.943318
14441.151667,88.59177
14441.449444,88.340132
14441.786667,87.982032
14442.061667,88.194957
14442.471944,88.165921
14442.781389,87.701359
14443.382222,88.504665
14443.648333,88.378846
14443.943056,88.301419
14444.068333,88.301419
14444.179167,88.427238
14444.399722,88.853087
14444.926111,88.369168
14445.149722,88.649841
14445.442222,88.649841
14445.753889,88.514343
14446.208611,88.378846
14446.549167,88.23367
14446.880278,87.594897
14447.180833,87.594897
14447.463611,87.807821
14447.7775,87.730394
14447.964722,87.585218
14448.097222,87.585218
14448.223889,87.440042
14448.896944,87.498113
14449.146111,87.63361
14449.444167,87.27551
14450.054722,87.023872
14450.415833,87.27551
14450.7175,86.859339
14450.990278,91.921136
14451.313889,91.930814
14451.596667,91.708211
14451.923889,91.746925
14452.186389,91.563035
14452.466944,92.07599
14452.833889,91.746925
14453.09,91.756603
14453.368056,91.572714
14453.623056,91.650141
14453.94,91.717889
14454.172222,91.679176
14454.429722,91.853387
14454.722778,91.524322
14454.9875,91.621106
14455.2925,91.630784
14455.566667,91.708211
14455.872222,91.47593
14456.145556,92.143739
14456.400278,92.153417
14456.741111,91.77596
14456.983056,92.424412
14457.288333,91.553357
14457.512778,91.514643
14457.824722,91.350111
14458.646944,91.379146
14458.965833,90.837156
14459.194722,90.885548
14459.502222,91.050081
14459.806111,90.469378
14460.042222,90.508091
14460.291111,91.127508
14460.603889,90.285488
14460.935278,89.956423
14461.205278,90.469378
14461.478889,90.09192
14461.776111,89.753177
14462.462222,91.717889
14463.203611,92.008241
14463.478611,91.843709
14463.816111,91.640462
14464.313889,91.224292
14464.573889,91.185578
14464.875,90.63391
14465.421944,90.508091
14465.755278,90.03385
14465.958611,90.208061
14466.176667,90.372594
14466.704722,91.330754
14466.9725,91.079116
14467.200556,91.311397
14467.480278,91.950171
14467.783056,91.321076
14467.995833,91.253327
14468.281944,91.456573
14468.536111,92.49216
14469.114722,91.504965
14469.357222,91.737246
14469.634722,91.717889
14469.881667,91.195257
14470.139167,91.204935
14470.392778,91.824352
14470.717778,91.243649
14470.993333,91.088794
14471.245556,91.021046
14471.515278,91.582392
14471.811111,90.972654
14472.315556,90.87587
14472.620278,90.962975
14472.946667,90.788764
14473.176111,90.837156
14473.439722,91.350111
14473.772778,91.050081
14474.289444,90.101599
14474.601667,90.004815
14474.93,89.830604
14475.194167,90.014493
14475.441944,90.004815
14475.752222,89.966101
14475.997778,89.820926
14476.255278,90.353237
14476.505556,90.537126
14477.331111,90.111277
14477.7075,90.33388
14477.967222,90.246775
14478.19,90.459699
14478.449722,90.798443
14478.7625,90.63391
14479.019444,90.450021
14479.256111,90.740372
14479.787778,90.740372
14479.850833,91.698533
14480.083611,91.379146
14480.355556,91.727568
14480.581111,91.621106
14480.878889,91.988884
14481.114444,91.77596
14481.386944,91.746925
14481.64,90.808121
14481.941389,90.721016
14482.906944,90.643589
14483.218611,90.420986
14483.486389,90.372594
14483.764722,90.09192
14483.801944,90.09192
14484.021389,92.850261
14484.290833,92.598623
14484.556389,92.288914
14484.857222,91.611427
14485.125,91.504965
14485.408889,91.901779
14485.741389,92.279236
14486.268611,91.330754
14486.471389,89.569288
14486.471667,89.569288
14487.061389,88.214313
14487.7575,89.19183
14488.053056,88.562735
14488.348333,87.081942
14488.699444,89.07569
14488.966389,88.698233
14489.142222,88.485308
14489.386667,89.095047
14489.731389,89.453147
14490.230833,89.578966
14490.473056,90.895227
14490.817222,89.404755
14491.078056,89.878996
14491.576111,89.608001
14491.8675,89.153117
14492.135833,89.511217
14492.408889,90.062885
14492.740833,90.159669
14493.006111,90.062885
14493.2725,86.985158
14493.873611,87.536826
14494.119167,86.859339
14494.371667,86.917409
14494.644444,86.820626
14494.960556,87.149691
14495.495,86.404455
14495.832222,85.988284
14496.034444,87.69168
14496.210833,87.546505
14496.5225,87.885248
14496.916944,87.720716
14497.172778,87.63361
14497.384167,88.398203
14497.754444,83.936466
14498.578333,83.413833
14498.909167,83.13316
14499.117222,83.597723
14499.380833,84.555883
14499.738889,83.897753
14500.218889,83.907431
14500.496667,84.294567
14501.053333,83.37512
14501.307222,83.007341
14501.9275,87.420686
14502.209444,86.936766
14502.502222,87.39165
14502.856111,86.820626
14503.128056,86.859339
14503.358056,87.072264
14503.620278,86.839982
14503.966944,86.13346
14504.168611,85.765681
14504.422222,86.201209
14504.609444,86.598023
14504.926111,86.094747
14505.183333,86.017319
14505.715,85.746325
14506.191944,85.543078
14506.440278,86.017319
14506.969722,85.688254
14507.218889,85.146265
14507.474722,85.736646
14508.018889,84.93334
14508.267778,84.662345
14508.476944,84.788164
14509.139167,84.381672
14509.355833,84.681702
14509.610278,84.797843
14509.905556,85.262405
14510.153333,85.514043
14510.4475,86.37542
14510.966111,85.959249
14511.235556,85.968928
14511.498611,86.13346
14511.781667,85.049481
14512.034167,85.397903
14512.312222,84.923662
14512.571944,85.639862
14512.866667,83.694507
14513.370833,84.759129
14513.611944,85.010767
14514.175278,85.146265
14514.398056,85.746325
14514.746111,85.146265
14515.396944,85.146265
14515.511389,86.327028
14515.821944,85.949571
14516.100278,85.581792
14516.380556,86.37542
14516.726667,86.230244
14517.0,86.346385
14517.270556,86.123782
14517.516389,85.272084
14518.133056,84.536526
14518.3975,84.517169
14519.163056,83.946145
14519.336667,84.255853
14519.524444,84.255853
14519.641111,84.401029
14519.978611,83.365441
14520.185,83.49126
14520.426667,83.500939
14520.751944,82.968627
14520.985833,83.452547
14521.5225,83.055733
14521.8675,82.445995
14522.096111,82.397603
14522.311667,82.213713
14522.5825,82.687954
14522.910278,82.668597
14523.221111,82.47503
14523.476111,82.813773
14523.816111,82.368567
14524.321389,82.165321
14524.582778,82.542778
14524.908611,82.610527
14525.181944,82.426638
14525.396389,82.445995
14525.998056,82.426638
14526.240833,82.339532
14526.490833,82.83313
14526.813889,82.852487
14527.068333,83.017019
14527.322222,82.920236
14527.601389,83.394477
14527.870556,83.229944
14528.293611,82.881522
14528.546111,83.471904
14528.771111,83.607401
14529.0225,83.559009
14529.281667,82.794417
14529.55,83.365441
14529.850278,83.588044
14530.226389,84.904305
14530.518333,84.652667
14530.874444,85.610827
14531.164167,84.943018
14531.6,85.814073
14532.225556,85.581792
14532.458056,85.901179
14532.808611,84.962375
14533.085556,85.455973
14533.334722,85.184978
14533.605278,85.349511
14533.923889,85.281762
14534.271667,85.059159
14534.328889,84.943018
14535.098056,84.884948
14535.321667,84.188104
14535.5375,84.672024
14535.851111,84.778486
14536.105,84.09132
14536.331389,84.255853
14536.629444,84.701059
14536.933889,84.100999
14537.179167,83.326728
14537.399444,83.752577
14538.005833,83.510617
14538.266111,83.37512
14538.910556,83.607401
14539.173611,83.694507
14539.429722,83.97518
14539.778333,83.471904
14540.025556,83.104125
14540.519444,83.820326
14540.861667,84.701059
14541.228889,84.497813
14541.46,85.155943
14541.808611,85.736646
14542.065278,85.049481
14542.323889,84.304245
14542.885278,84.120356
14543.118333,83.73322
14543.438889,84.004215
14543.750833,84.362315
14544.002778,83.307371
14544.245,83.026698
14544.426944,83.046055
14544.708889,83.626758
14545.193056,82.281462
14545.714722,83.336406
14546.232222,82.262105
14546.504722,82.842808
14546.852778,82.426638
14547.21,82.378246
14547.501667,82.755703
14547.838889,82.358889
14548.080833,80.539352
14548.622222,80.539352
14548.9275,80.084468
14549.205278,79.494086
14549.762778,81.565261
14550.011111,80.045755
14550.259722,79.958649
14550.505,80.413533
14550.868333,81.207161
14551.1075,81.207161
14551.113056,80.858739
14551.331111,80.510317
14551.621111,80.97488
14551.877222,80.539352
14552.140556,79.987684
14552.735833,81.09102
14553.009444,80.471604
14553.518056,80.887774
14553.823333,80.539352
14554.075833,80.316749
14554.341111,80.161895
14554.598333,80.471604
14554.944722,80.423212
14555.131944,80.423212
14555.232778,80.355463
14556.076389,80.597423
14556.340278,80.336106
14556.549167,80.665171
14556.899167,80.73292
14557.161111,79.823152
14557.4225,82.513743
14557.753889,82.542778
14558.034167,82.47503
14558.278056,82.175
14558.460278,82.020146
14559.107222,81.061985
14559.310556,81.27491
14559.476389,81.536226
14559.793889,81.942718
14560.396944,81.700759
14560.632778,82.223392
14560.969444,82.136286
14561.225833,81.594296
14561.4525,82.000789
14562.027222,84.894627
14562.29,83.897753
14562.843611,84.855913
14563.106667,84.236496
14563.356667,84.265531
14563.609167,84.865591
14563.940833,84.739772
14564.225833,84.371994
14564.486111,84.894627
14564.821667,85.117229
14565.076111,85.214013
14565.262778,84.681702
14565.529444,85.23337
14565.843056,85.407581
14566.106111,85.194657
14566.316111,84.197783
14566.498889,84.401029
14566.833889,84.459099
14567.101389,84.004215
14567.345556,84.110677
14567.614167,84.236496
14567.935556,83.936466
14568.181111,83.268657
14568.404444,83.307371
14568.943056,83.878396
14569.195833,83.355763
14569.4375,83.210587
14569.765278,83.607401
14570.019722,83.452547
14570.271111,82.881522
14570.561389,82.542778
14570.893611,82.213713
14571.170833,81.57494
14571.437222,81.584618
14571.756111,82.504065
14572.105556,82.058859
14572.346667,81.904005
14572.920278,82.581492
14573.191389,82.097573
14573.441389,82.126608
14573.768889,82.862165
14574.028333,82.387924
14574.3,81.536226
14574.576667,81.729794
14574.911944,81.671724
14575.161944,81.362015
14575.415556,81.439442
14575.757222,81.149091
14576.027222,81.197483
14576.303889,80.665171
14576.522778,80.694206
14576.870833,80.887774
14577.121389,80.936166
14577.382222,81.129734
14577.634722,81.129734
14577.903056,80.965201
14578.161389,80.781312
14578.408056,80.887774
14578.735556,81.255553
14579.028611,81.526548
14579.281944,83.936466
14579.885278,83.800969
14580.168333,83.578366
14580.416389,83.917109
14580.726111,84.507491
14580.992222,84.159069
14581.266111,84.207461
14581.511389,84.120356
14581.81,84.69138
14582.058056,84.642988
14582.81,84.623632
14583.1,84.478456
14583.338056,84.178426
14583.585,85.146265
14583.923889,84.623632
14584.213056,83.762255
14584.804167,84.672024
14585.017778,84.381672
14585.273611,83.97518
14585.889167,85.968928
14586.112222,85.5334
14586.360833,85.165621
14586.636667,86.336706
14586.884722,86.336706
14587.248611,86.026998
14587.497222,86.230244
14587.79,87.236796
14588.075278,86.607701
14588.607778,87.246475
14589.215,86.588344
14589.4825,86.065711
14589.823889,86.530274
14590.096667,85.862465
14590.580556,86.588344
14590.863611,86.172174
14590.906944,86.172174
14591.418889,85.097873
14591.74,85.881822
14592.512222,84.362315
14592.825833,81.952397
14593.068056,82.126608
14593.311389,82.77506
14593.600833,83.220266
14593.934167,83.317049
14594.200556,83.307371
14594.794167,83.994537
14595.0725,76.977706
14595.298889,76.677676
14595.555556,77.442268
14595.895833,78.110077
14596.133056,78.371394
14596.369444,77.539052
14596.624444,79.368267
14596.925,78.555283
14597.226944,78.303645
14597.452222,77.43259
14597.778333,77.480982
14598.251944,79.416659
14598.533889,83.317049
14598.843889,85.107551
14599.089167,84.371994
14599.349444,83.897753
14599.557778,82.794417
14599.870556,81.768507
14600.3975,82.581492
14600.708889,82.929914
14600.973056,82.658919
14601.210833,82.716989
14601.459444,82.658919
14601.758333,82.678276
14602.012778,82.571814
14602.264444,83.646115
14602.530833,85.930214
14602.861944,85.823752
14603.175,85.77536
14603.71,86.19153
14603.966389,85.785038
14604.214722,85.814073
14604.485,85.572114
14605.082778,87.672324
14605.304722,87.623932
14605.5425,83.723542
14605.846944,84.081642
14606.095,82.987984
14606.358611,83.017019
14606.795833,82.571814
14607.064444,82.562135
14607.323056,83.094447
14607.59,82.600849
14607.905833,82.562135
14608.124444,83.055733
14608.404167,83.046055
14608.713889,83.79129
14608.939167,82.668597
14609.230556,85.262405
14609.463333,84.507491
14609.797778,84.27521
14610.068333,84.478456
14610.369167,85.610827
14610.598333,84.69138
14610.935278,85.301119
14611.213333,86.065711
14611.4775,84.817199
14611.783333,83.936466
14612.3475,83.810647
14612.624444,82.83313
14612.931111,80.723242
14613.270833,82.029824
14613.560833,81.371694
14613.849722,81.807221
14614.118333,81.836256
14614.365556,82.523422
14614.6275,81.439442
14614.941389,81.081342
14615.209167,81.27491
14615.4825,80.781312
14616.066667,78.429464
14616.322778,78.758529
14616.589722,78.516569
14616.896389,78.545605
14617.172778,78.855313
14617.708889,78.216539
14617.963889,74.79039
14618.499722,76.135686
14618.805,75.613053
14619.634167,78.681102
14620.440278,76.309897
14620.742222,77.761655
14621.023611,77.248701
14621.285,78.371394
14621.554444,80.007041
14621.881944,81.807221
14622.126944,81.439442
14622.366944,81.439442
14622.369722,81.758829
14622.618889,81.27491
14623.176389,80.810347
14623.464444,81.197483
14623.781111,80.665171
14624.011389,80.442568
14624.261389,81.826578
14624.523889,79.561835
14624.8325,79.8909
14625.101111,79.561835
14625.341667,80.016719
14625.610556,79.581192
14625.849167,79.755403
14626.0825,80.161895
14626.3325,80.287714
14626.373611,80.287714
14626.578611,79.581192
14626.873611,80.219966
14627.109444,79.987684
14627.3925,82.852487
14627.585,80.345785
14627.905,80.519996
14628.118889,80.229644
14628.388889,80.423212
14628.6475,79.377946
14628.929722,79.416659
14629.219167,80.026398
14629.493611,79.116629
14629.778611,78.652067
14630.033611,78.661745
14630.280833,79.668297
14630.350278,79.503765
14631.174722,79.126308
14631.451667,78.93274
14631.826111,78.700459
14632.0725,78.835956
14632.322778,79.039202
14632.612778,78.410107
14632.925,78.439142
14633.209444,79.000489
14633.426389,78.87467
14633.722222,78.864991
14633.956111,79.126308
14634.217778,79.794116
14634.464444,79.165021
14634.762778,78.93274
14635.023333,79.223092
14635.492222,79.106951
14635.801667,79.116629
14636.068333,79.377946
14636.347778,80.036076
14636.621944,81.158769
14636.898889,81.158769
14637.183611,81.662045
14637.471667,81.536226
14637.781389,81.236196
14638.021667,81.216839
14638.277222,81.797543
14638.514167,81.042628
14638.826389,80.97488
14639.089444,81.323302
14639.383611,82.562135
14639.938889,81.052307
14640.193333,77.422912
14640.505278,77.026098
14640.83,76.609927
14641.063333,76.561535
14641.391111,77.451947
14641.643611,76.126008
14641.953056,76.484108
14642.2125,76.929314
14642.499444,76.406681
14642.803333,76.145364
14643.053056,76.580892
14643.309722,77.084168
14643.585556,76.842208
14643.884722,77.035776
14644.118889,76.609927
14644.522778,76.638962
14644.917222,76.842208
14645.176667,76.851887
14645.716667,76.880922
14645.966389,77.384198
14646.233056,78.022972
14646.543889,77.43259
14646.851111,77.393876
14647.048056,77.026098
14647.574444,77.277736
14647.874444,77.326128
14648.084722,77.103525
14648.345556,78.448821
14648.599167,77.345485
14649.011389,77.461625
14649.283611,77.897153
14649.542778,76.822852
14649.877778,76.861565
14650.409444,77.451947
14650.7175,76.609927
14650.978056,76.803495
14651.237222,77.500339
14651.733889,76.871244
14652.000278,76.484108
14652.284722,77.055133
14652.568333,76.600249
14652.851389,76.977706
14653.068611,77.268057
14653.343889,77.393876
14653.591667,76.677676
14653.894167,76.977706
14654.165,77.180952
14655.240833,77.877796
14655.496111,77.403555
14655.778611,77.151917
14656.023056,77.064811
14656.273056,78.022972
14656.548611,77.548731
14656.845833,77.597123
14657.123333,77.297093
14657.391389,78.835956
14657.790833,78.255253
14658.124167,78.729494
14658.315278,78.729494
14658.435833,80.094146
14658.756111,78.961775
14658.996944,79.503765
14659.568333,79.281162
14660.429444,80.13286
14660.751389,79.271484
14660.999722,79.416659
14661.285833,79.697333
14661.583889,78.63271
14661.896389,78.63271
14662.162778,78.768207
14662.364167,78.768207
14662.481111,78.477856
14662.760278,77.955223
14662.996944,78.013293
14663.563889,77.771334
14663.891111,77.597123
14664.433056,74.316149
14664.726944,73.493486
14664.987222,73.619305
14665.249167,74.751677
14665.522222,74.200009
14665.828056,74.461325
14666.066111,74.529074
14666.321667,74.693606
14666.634167,75.167847
14666.92,74.509717
14667.179722,74.722642
14667.469167,75.467877
14668.050278,76.067937
14668.618333,73.696733
14669.115,72.825678
14669.416111,73.687054
14669.705278,76.126008
14669.963611,75.738872
14670.194444,74.335506
14670.516944,78.448821
14671.0725,77.839082
14671.323333,76.677676
14671.620278,77.122882
14671.942778,76.251827
14672.217778,76.1744
14672.515833,75.738872
14672.808889,75.700159
14673.021667,75.593696
14673.273333,75.922762
14673.551111,75.564661
14673.8575,75.506591
14674.730833,74.548431
14675.358889,75.69048
14675.644167,74.335506
14675.915278,74.49036
14676.186667,74.461325
14676.482222,74.616179
14676.794444,74.354863
14677.011111,74.67425
14677.237222,74.587144
14677.5125,74.170974
14677.842222,73.745124
14678.305278,73.83223
14678.457778,73.599949
14679.350278,73.793516
14679.645,73.667697
14679.961111,73.987084
14680.203889,73.861265
14680.492222,74.616179
14681.063889,74.722642
14681.345278,74.548431
14681.621111,73.919335
14681.926111,74.248401
14682.190278,74.103225
14682.452778,74.67425
14682.999167,74.170974
14683.615,82.378246
14683.948889,82.387924
14684.192778,82.107251
14684.473056,82.716989
14684.793056,82.639562
14685.066111,82.707311
14685.324444,82.881522
14685.591111,82.349211
14685.930278,81.371694
14686.201944,80.036076
14686.520278,80.67485
14686.833056,80.43289
14687.085,80.316749
14687.318611,80.558709
14687.600278,80.210287
14688.178889,80.007041
14688.792778,80.142538
14689.0425,79.155343
14689.293889,79.861865
14689.583611,79.494086
14689.888889,80.926488
14690.129167,80.268357
14690.435833,80.597423
14690.772222,80.868417
14691.0175,81.226518
14691.280833,79.5328
14691.608056,79.039202
14691.92,79.571514
14692.181667,79.135986
14692.484444,80.016719
14692.795556,79.8909
14693.054444,80.607101
14693.3325,80.597423
14693.650278,79.165021
14693.9225,79.165021
14693.951944,79.784438
14694.181111,80.771634
14694.445278,80.800669
14695.019444,80.839382
14695.558056,81.03295
14695.871111,80.113503
14696.116111,80.171574
14696.345833,78.864991
14696.647778,78.33268
14697.205278,78.642388
14697.498889,78.245575
14697.97,78.245575
14698.362778,78.303645
14698.730833,77.558409
14699.082222,77.248701
14699.289167,77.693906
14699.553889,77.713263
14700.130278,77.171274
14700.405,78.487534
14700.745,77.703585
14701.025,77.539052
14701.313056,78.003615
14701.546944,77.703585
14701.8475,77.539052
14702.091111,77.355163
14702.428611,78.352037
14702.861944,77.209987
14703.478333,77.887474
14703.767222,77.209987
14704.014722,77.500339
14704.256667,77.045455
14704.890556,79.484408
14705.124167,79.348911
14705.4125,80.510317
14705.721389,80.67485
14706.015833,80.210287
14706.587222,81.720116
14706.933056,80.73292
14707.204722,80.19093
14707.502222,81.023272
14707.825,81.207161
14708.083889,80.529674
14708.355833,81.255553
14708.713889,81.03295
14708.957778,80.336106
14709.208056,80.113503
14709.457778,81.071664
14709.812778,77.364841
14710.069167,77.200309
14710.348889,77.645515
14710.725,76.096973
14711.330556,76.309897
14711.715833,76.493786
14712.065278,75.661445
14712.471389,75.99051
14712.825556,75.748551
14713.053611,75.419485
14713.310278,75.303345
14713.639167,75.922762
14713.925,75.39045
14714.190556,75.109777
14714.455833,77.306771
14714.8325,76.861565
14715.101111,75.603375
14715.3375,75.816299
14715.712222,76.116329
14715.971944,77.451947
14716.221944,77.364841
14716.530556,78.100399
14716.861944,78.864991
14717.138333,78.158469
14717.413056,77.703585
14717.768611,78.003615
14718.279444,77.67455
14718.529167,78.284288
14718.838333,77.306771
14719.256667,76.5325
14719.507778,77.287414
14719.822222,76.851887
14720.053889,78.468177
14720.3125,76.764781
14720.620556,77.345485
14720.911667,76.135686
14721.180556,76.213113
14721.442778,76.8906
14721.776389,76.580892
14722.010278,77.422912
14722.275556,76.716389
14722.5675,77.151917
14722.870278,76.968027
14723.148611,76.59057
14723.388611,76.309897
14723.648056,77.026098
14723.926111,77.403555
14724.410278,77.035776
14724.735,76.464751
14724.989167,76.716389
14725.25,75.283988
14725.863333,76.029224
14726.141944,75.922762
14726.436667,76.755103
14727.234167,75.87437
14727.5125,76.106651
14728.119444,75.816299
14728.3875,77.384198
14728.768889,77.035776
14728.980278,76.8906
14729.154722,77.326128
14729.436667,78.642388
14730.074722,77.316449
14730.115833,77.316449
14730.313889,77.926188
14730.616667,78.293966
14730.909722,78.226218
14731.13,80.055433
14731.753333,80.113503
14731.970556,80.597423
14732.229167,80.394176
14732.460278,80.442568
14732.810278,79.861865
14733.328056,79.881222
14733.616111,80.37482
14733.945833,79.494086
14734.120833,79.494086
14734.198889,79.436016
14734.476389,80.007041
14734.810278,79.145665
14735.558056,79.445695
14735.864722,78.894026
14736.125833,78.448821
14736.645278,79.194056
14736.975,78.555283
14737.238889,78.33268
14737.471667,79.155343
14737.802778,78.652067
14738.045833,78.487534
14738.302222,78.758529
14738.564167,80.016719
14738.866944,79.087594
14739.093056,79.126308
14739.345,79.668297
14739.625556,80.045755
14739.955,78.961775
14740.471667,79.145665
14740.832222,78.768207
14741.108611,78.748851
14741.719444,79.581192
14741.97,81.120056
14742.208056,80.67485
14742.4475,81.410407
14742.818611,81.478156
14743.084167,80.73292
14743.326667,80.336106
14743.630833,80.045755
14743.946944,81.962075
14744.190278,81.555583
14744.443889,82.426638
14744.821944,79.329554
14745.055278,79.29084
14745.329167,79.135986
14745.630833,79.465051
14745.922778,79.581192
14746.156389,78.729494
14746.414722,79.387624
14746.715278,79.445695
14747.840278,79.745725
14748.082222,78.516569
14748.619167,78.894026
14748.944722,78.719815
14749.208611,79.068237
14749.478333,79.319875
14749.813889,79.610227
14750.041944,81.139412
14750.468056,81.449121
14750.919444,80.616779
14751.180556,81.33298
14751.423889,81.478156
14751.760833,81.129734
14752.033333,81.807221
14752.283889,82.397603
14752.543333,81.613653
14753.107222,81.313623
14753.301667,81.439442
14753.897778,85.214013
14754.176944,86.026998
14754.703333,85.939892
14754.963889,86.046355
14755.198333,85.978606
14755.461111,85.581792
14755.786111,85.610827
14756.064167,85.397903
14756.317222,85.814073
14756.577222,85.804395
14756.899722,85.223692
14757.120833,84.788164
14757.398611,86.007641
14757.710833,84.87527
14758.233333,84.623632
14758.467222,85.455973
14758.823611,84.836556
14759.073056,84.507491
14759.343056,84.865591
14759.927778,84.265531
14760.206944,84.03325
14760.461944,84.652667
14760.814722,83.917109
14761.061944,83.839682
14761.317778,84.352637
14761.952778,84.730094
14762.213056,85.010767
14762.488056,86.656093
14762.827222,85.155943
14763.131944,84.730094
14763.400833,84.565561
14763.727222,85.068837
14763.990278,85.078516
14764.265556,85.310797
14764.546111,86.259279
14764.861944,85.29144
14765.136944,84.87527
14765.360556,85.001089
14765.631111,85.988284
14765.858333,86.239922
14765.905556,86.239922
14766.151389,84.139712
14766.753889,84.93334
14767.045,84.207461
14767.283889,84.120356
14767.8575,84.023572
14768.091111,84.081642
14768.341667,84.304245
14768.605833,84.120356
14769.2325,83.49126
14769.489167,83.73322
14769.833056,83.307371
14769.986944,83.307371
14770.087222,83.278336
14770.353889,83.49126
14770.563889,83.607401
14770.874444,85.320476
14771.3775,85.823752
14771.56,85.678576
14771.808889,85.47533
14772.088056,85.23337
14772.332222,85.397903
14772.628333,85.804395
14772.943611,84.613953
14773.471111,84.923662
14773.8,85.088194
14774.483056,83.355763
14774.483333,83.355763
14774.870278,83.152517
14775.163056,83.055733
14775.430833,81.071664
14775.76,78.826278
14776.010556,79.542478
14776.930556,84.39135
14777.199722,84.672024
14777.4625,84.855913
14777.769722,84.352637
14777.930278,84.613953
14778.131667,84.884948
14778.4725,85.388224
14778.841111,85.010767
14779.125278,85.572114
14779.410278,85.581792
14779.718333,85.165621
14780.023611,85.997963
14780.261111,85.785038
14780.518333,85.281762
14780.858333,85.030124
14781.120833,84.99141
14781.403889,85.194657
14781.752222,84.672024
14782.041389,85.097873
14782.272778,85.068837
14782.518889,85.020446
14782.900833,84.642988
14783.157778,84.565561
14783.4275,84.846235
14783.756111,84.313923
14784.036667,84.420386
14784.288889,84.488134
14784.593611,83.965501
14784.8975,83.955823
14785.128611,84.062285
14785.398611,83.946145
14785.766944,85.668897
14786.019444,86.501239
14786.296944,86.346385
14786.556389,86.472204
14786.899167,86.123782
14787.130556,86.394777
14787.407222,86.07539
14787.965278,86.026998
14788.218889,85.872144
14788.454167,85.968928
14788.803333,86.056033
14789.084722,86.810947
14789.724722,86.230244
14790.003333,85.959249
14790.28,85.504365
14790.513056,85.455973
14791.148056,85.126908
14791.325556,85.397903
14791.605,85.678576
14791.934444,86.143138
14792.126389,85.843108
14792.395278,87.159369
14792.766944,86.056033
14793.022778,86.220566
14793.8825,85.668897
14794.143611,85.59147
14794.389722,85.785038
14794.760556,85.601149
14795.001389,85.872144
14795.218333,85.83343
14795.590278,86.268958
14795.933611,85.881822
14796.170833,85.678576
14797.389167,85.8915
14797.731111,85.649541
14798.2725,86.123782
14798.466389,86.385098
14798.466667,86.385098
14799.114167,85.881822
14799.229722,85.881822
14799.340278,86.123782
14799.597778,86.385098
14799.932778,86.026998
14800.266111,86.017319
14800.563611,86.094747
14800.873333,85.707611
14801.094722,85.823752
14801.302222,85.77536
14801.592222,86.230244
14801.931667,86.065711
14802.173056,86.288314
14802.435556,86.656093
14802.771667,87.101299
14803.232778,86.714163
14803.269444,86.714163
14803.455278,86.268958
14803.830278,86.510917
14804.0975,86.268958
14804.3125,86.607701
14804.584722,87.227118
14805.137778,84.613953
14805.369167,84.817199
14805.908056,84.981732
14806.141389,84.807521
14806.3925,84.381672
14806.728056,84.555883
14807.075278,84.352637
14807.346944,84.826878
14807.616944,84.652667
14808.1975,84.430064
14808.521111,82.581492
14808.873333,82.639562
14809.140833,82.358889
14809.396667,82.687954
14809.736667,83.046055
14809.972222,83.19123
14810.247778,82.968627
14810.428333,83.007341
14810.861944,82.910557
14811.113611,83.094447
14811.626389,83.07509
14811.960278,83.297693
14812.205556,83.278336
14812.456944,83.181552
14812.788611,83.200909
14813.054444,83.529974
14813.326944,82.862165
14813.583333,82.77506
14813.891111,82.784738
14814.163889,82.687954
14814.441389,82.571814
14814.768333,82.929914
14815.001667,82.707311
14815.5275,82.929914
14815.946389,83.13316
14816.45,83.73322
14816.8075,83.210587
14817.065833,83.365441
14817.398889,83.665471
14817.978333,82.823452
14818.215556,83.036376
14818.807222,79.929614
14819.294444,80.403855
14819.508333,80.703885
14820.071667,80.868417
14820.334167,80.655493
14820.5825,80.781312
14820.948333,80.781312
14821.221111,80.945845
14821.45,81.081342
14821.723056,81.439442
14822.047778,81.294266
14822.307222,82.368567
14823.595556,82.939592
14823.936667,82.668597
14824.200833,82.668597
14824.464722,82.678276
14824.766667,83.162195
14824.970278,82.804095
14825.234722,82.755703
14825.493333,82.900879
14825.851111,82.765381
14826.362778,83.510617
14826.608611,84.313923
14826.946667,83.307371
14827.187222,83.926788
14827.445278,84.720416
14827.816667,83.820326
14828.07,83.79129
14828.316111,84.159069
14828.574722,84.27521
14828.886389,83.268657
14829.15,83.559009
14829.410278,83.588044
14829.723889,83.936466
14829.984444,83.19123
14830.219167,83.142838
14830.453889,82.929914
14830.784722,83.084768
14831.002222,82.668597
14831.286389,82.668597
14831.546944,82.794417
14831.9175,82.620206
14832.163056,82.262105
14832.374444,82.368567
14832.580278,82.59117
14832.909167,82.668597
14833.165556,82.581492
14833.396667,82.407281
14833.749444,83.278336
14833.994167,82.707311
14834.235,82.765381
14834.471389,82.436316
14834.796389,82.600849
14835.037778,83.142838
14835.0875,83.142838
14835.489722,84.439742
14835.839167,84.468777
14836.081389,84.478456
14836.329167,84.904305
14836.575278,85.881822
14836.896944,85.388224
14837.133333,85.262405
14837.359722,85.397903
14837.609444,82.765381
14837.937778,81.845935
14838.183056,81.594296
14838.458056,81.449121
14839.068611,81.57494
14839.105278,81.57494
14839.578611,81.942718
14839.886111,81.584618
14840.136389,81.526548
14840.3725,81.681402
14840.629722,81.749151
14840.947778,81.255553
14841.184444,81.545905
14841.321111,81.313623
14841.548056,81.342658
14841.871111,80.868417
14842.148611,81.216839
14842.584722,81.681402
14842.929444,81.381372
14843.185833,81.613653
14843.451944,81.700759
14843.730556,81.681402
14844.011944,81.555583
14844.28,81.478156
14844.525833,81.39105
14844.917222,83.404155
14845.147222,82.736346
14845.382778,82.707311
14845.620833,82.939592
14845.943611,82.958949
14846.211111,83.046055
14846.524167,82.716989
14847.044167,82.223392
14847.291944,82.252427
14847.522778,82.358889
14847.971944,81.93304
14848.208889,82.726668
14848.546111,82.23307
14848.870278,81.778186
14849.146389,81.855613
14849.410833,82.600849
14849.620833,83.365441
14849.918056,83.084768
14850.183056,83.365441
14850.44,83.500939
14850.795556,83.665471
14851.071944,83.017019
14851.320833,83.394477
14851.709167,83.849361
14852.003889,83.539652
14852.250833,83.442868
14852.526389,83.568687
14852.892778,83.181552
14853.148333,83.171874
14853.376667,83.046055
14853.713333,83.423512
14853.971111,82.126608
14854.196944,82.175
14854.468611,82.165321
14854.792778,82.223392
14855.053889,82.262105
14855.319167,82.262105
14855.590556,81.855613
14855.902222,81.27491
14856.134444,81.536226
14856.41,82.126608
14856.7175,82.658919
14856.979167,82.262105
14857.175556,82.436316
14857.3625,82.204035
14857.612222,82.387924
14857.955,81.923362
14858.227778,81.962075
14858.457778,82.107251
14858.835,82.581492
14859.327778,82.504065
14859.589167,83.055733
14859.906944,82.465351
14860.153056,82.368567
14860.411389,82.455673
14860.751667,83.317049
14860.976667,83.152517
14861.183333,82.668597
14861.444167,82.455673
14861.778889,82.842808
14862.011944,82.310497
14862.528889,82.204035
14862.9225,82.513743
14863.184444,82.987984
14863.470556,83.210587
14864.058333,83.442868
14864.318611,83.713863
14864.504722,83.597723
14864.768333,83.626758
14865.517778,83.055733
14865.844722,83.104125
14866.079167,82.997663
14866.326667,84.507491
14866.539722,84.081642
14866.867222,84.87527
14867.105556,84.642988
14867.326667,85.417259
14867.96,84.555883
14868.216111,84.952697
14868.462222,84.720416
14868.766667,84.826878
14869.038611,84.826878
14869.298611,84.662345
14869.522222,84.401029
14869.896944,84.681702
14870.138056,83.597723
14870.814722,83.597723
14871.011111,84.69138
14871.260556,84.623632
14871.5375,84.923662
14871.858056,84.913983
14872.100278,84.613953
14872.281667,84.63331
14872.508889,84.981732
14872.803333,84.797843
14873.355833,84.362315
14873.613333,85.504365
14874.208889,84.846235
14874.463611,85.097873
14874.760833,85.59147
14874.8275,85.59147
14875.074444,84.526848
14875.345833,84.226818
14875.601667,84.236496
14875.908056,84.536526
14876.1525,84.710737
14876.391111,84.642988
14876.723056,85.978606
14877.019722,84.884948
14877.281111,84.797843
14877.506111,85.359189
14877.845556,85.5334
14878.126111,84.913983
14878.388611,84.759129
14878.719722,84.894627
14879.014444,84.536526
14879.237778,84.759129
14879.513611,84.788164
14879.849167,85.097873
14880.135278,84.401029
14880.391111,84.130034
14880.589722,84.013893
14880.9525,84.313923
14881.201667,84.304245
14881.438889,84.139712
14881.723333,84.720416
14882.016389,85.136586
14882.276667,84.526848
14882.519444,84.546205
14882.8725,85.155943
14883.133056,82.629884
14883.326389,82.649241
14883.616944,82.126608
14884.226667,82.552457
14884.497778,82.484708
14884.796389,83.907431
14885.080833,82.755703
14885.317778,83.355763
14885.558611,83.007341
14885.898056,83.026698
14886.373333,82.281462
14886.719167,82.581492
14886.960556,82.165321
14887.169167,82.523422
14887.427222,81.962075
14887.739444,86.307671
14888.013889,86.801269
14888.251111,86.646415
14888.516389,85.910857
14888.795,86.104425
14889.088333,86.143138
14889.3625,84.923662
14889.618333,85.078516
14889.9575,85.223692
14890.205278,85.630184
14890.445556,89.859639
14890.745,89.801569
14890.9975,89.666071
14891.245278,89.511217
14891.515556,88.949871
14891.839444,89.017619
14892.090278,88.678876
14892.3725,88.572414
14892.632778,88.582092
14892.974167,88.77566
14893.198889,88.785338
14893.428056,88.83373
14894.064167,88.678876
14894.474444,89.066011
14894.969167,88.582092
14895.235556,88.514343
14895.473611,88.407881
14895.812222,88.717589
14896.104167,88.330454
14896.448611,88.611127
14896.754722,88.988584
14897.295278,88.562735
14897.566667,88.040102
14897.888889,88.649841
14898.138333,88.601449
14898.411111,89.278936
14898.705,89.859639
14898.99,89.685428
14899.346111,89.840282
14899.624167,89.49186
14899.979167,89.772534
14900.248889,88.349811
14900.501389,87.962675
14900.807222,88.049781
14901.044444,88.678876
14902.138889,88.301419
14902.394722,88.059459
14902.641111,88.020746
14903.208889,88.030424
14903.463611,87.701359
14903.771944,87.478756
14904.0475,87.352937
14904.338056,88.194957
14904.573611,87.962675
14905.145833,88.136886
14905.414167,88.030424
14905.635556,88.146565
14905.960278,88.204635
14906.200556,87.99171
14906.249722,87.99171
14906.455,88.427238
14906.767778,86.501239
14907.049444,86.336706
14907.519722,86.152817
14907.861667,85.910857
14908.129722,85.901179
14908.422222,86.423812
14909.010556,86.404455
14909.515833,86.627058
14909.811667,86.094747
14910.094444,86.452847
14910.262778,86.452847
14910.358056,86.230244
14910.608889,85.29144
14910.989167,85.997963
14911.248056,82.097573
14911.399444,81.565261
14911.712222,84.130034
14912.016944,83.936466
14912.260833,84.207461
14912.512222,83.79129
14912.799444,84.023572
14913.117778,83.684828
14913.3925,83.520296
14913.833889,83.684828
14914.343611,83.19123
14914.603056,83.394477
14914.942222,83.820326
14915.185278,83.597723
14915.418056,83.500939
14915.706389,83.37512
14915.990556,84.023572
14916.323333,83.036376
14916.568333,82.920236
14917.141111,83.278336
14917.409167,82.049181
14917.720833,82.47503
14918.279444,81.807221
14918.438056,80.761955
14919.094444,81.023272
14919.34,80.79099
14919.582222,81.207161
14919.918056,81.362015
14920.174722,80.665171
14920.432778,81.120056
14920.706944,80.616779
14920.994444,81.487834
14921.275278,81.197483
14921.518056,81.478156
14921.846667,81.681402
14922.151111,81.487834
14922.400833,81.778186
14922.743333,81.99111
14923.031944,81.63301
14923.293611,81.187804
14923.541944,81.120056
14923.831111,81.700759
14924.130556,81.642688
14924.391667,81.371694
14924.709722,80.849061
14925.289444,81.323302
14925.528889,84.788164
14925.8325,85.339832
14926.109722,85.426938
14926.362778,84.797843
14926.620278,84.410707
14926.936667,85.446295
14927.206389,84.09132
14927.464722,83.917109
14927.790278,84.03325
14928.121944,84.03325
14928.373611,83.984858
14928.634167,83.73322
14929.213611,83.965501
14929.471944,84.139712
14929.900833,84.904305
14930.162222,87.062585
14930.410833,86.839982
14930.741667,86.230244
14931.251389,86.07539
14931.51,85.930214
14931.864444,86.501239
14932.405,87.178726
14932.733889,86.898053
14933.06,86.578666
14933.325278,86.443168
14933.570278,86.346385
14933.895,87.159369
14934.161111,86.646415
14934.392222,86.278636
14934.720278,86.627058
14935.016667,87.227118
14935.286389,86.37542
14935.5375,86.762555
14935.863056,87.207761
14936.173611,85.746325
14936.448056,86.065711
14936.747222,85.83343
14937.043611,86.085068
14937.316667,85.726968
14937.576944,85.910857
14937.891111,86.636736
14938.181944,86.19153
14938.4475,85.785038
14938.735,86.104425
14938.997778,86.278636
14939.491389,85.823752
14939.840833,85.707611
14940.133333,85.572114
14940.380556,85.707611
14940.592778,85.678576
14940.983056,85.920536
14941.243056,86.452847
14941.525278,86.627058
14941.788056,86.627058
14941.852222,85.146265
14942.476389,86.317349
14942.975278,85.901179
14943.217222,86.307671
14943.4825,86.143138
14943.804722,85.852787
14944.083333,85.272084
14944.358056,87.062585
14944.6025,86.946445
14944.986944,86.559309
14945.235278,86.07539
14945.797222,86.07539
14945.802778,86.598023
14946.099444,86.67545
14946.583333,86.239922
14946.951389,86.936766
14947.206111,86.19153
14947.455278,85.968928
14947.827778,86.936766
14948.114444,86.559309
14948.3575,87.865891
14948.579722,86.423812
14948.864444,87.09162
14949.211667,86.539952
14949.468333,84.517169
14949.778889,85.301119
14950.079167,85.223692
14950.353056,84.93334
14950.590833,84.139712
14950.942778,83.317049
14951.218611,83.839682
14951.468611,83.500939
14951.8025,83.617079
14952.106667,83.442868
14952.393333,83.026698
14952.6525,83.500939
14952.962778,81.807221
14953.266111,82.029824
14953.5125,82.252427
14953.878889,82.310497
14954.151944,81.778186
14954.412778,81.700759
14954.643611,82.116929
14955.001944,81.613653
14955.292778,81.710437
14955.5475,82.010467
14955.870833,81.865291
14956.127222,80.955523
14956.426944,81.439442
14956.986111,81.429764
14957.218333,81.758829
14957.811111,84.120356
14958.078056,83.713863
14958.306389,84.052607
14958.556944,84.013893
14958.876389,84.023572
14959.148611,84.110677
14959.395556,83.113803
14959.704444,83.442868
14960.021944,83.723542
14960.198889,83.839682
14960.761111,83.917109
14961.055,83.868717
14961.296667,83.297693
14961.798889,83.355763
14962.079167,84.023572
14962.306389,84.778486
14962.531944,84.517169
14963.612778,83.13316
14963.965,83.384798
14964.227222,83.152517
14964.789444,83.771934
14965.066944,85.059159
14965.309167,85.049481
14965.563889,84.788164
14966.463611,84.497813
14967.02,83.79129
14967.281944,82.871844
14967.523333,83.617079
14967.853889,84.57524
14968.141667,84.546205
14968.381111,83.868717
14968.625556,83.713863
14968.959722,84.081642
14969.246111,83.684828
14969.508889,84.071964
14969.838889,84.188104
14970.1175,83.713863
14970.356111,84.178426
14970.597778,84.594597
14970.890278,84.584918
14971.119444,83.73322
14971.371944,83.355763
14971.573056,84.168747
14971.865278,84.720416
14972.131944,83.955823
14972.394444,83.481582
14972.715278,84.304245
14972.961389,84.207461
14973.426667,83.19123
14973.717222,83.520296
14973.980556,83.384798
14974.258889,82.900879
14974.512778,82.736346
14974.818611,83.384798
14975.103056,82.83313
14975.299722,82.47503
14975.560278,82.213713
14975.935833,82.649241
14976.195,81.942718
14976.456944,81.923362
14976.773333,81.93304
14977.0725,81.178126
14977.328056,80.858739
14977.576667,80.858739
14977.86,81.294266
14978.135278,81.110377
14978.641667,80.810347
14979.447222,81.003915
14979.648333,81.294266
14980.000556,81.478156
14980.321389,81.516869
14980.604167,81.381372
14980.975278,82.126608
14981.195,82.329854
14981.444722,82.281462
14981.732778,82.310497
14982.033611,81.478156
14982.263333,81.758829
14982.475556,81.594296
14982.755833,82.058859
14983.0275,82.213713
14983.288056,81.826578
14983.556389,82.300819
14983.875833,82.968627
14984.123333,83.200909
14984.358611,82.968627
14984.622778,83.220266
14984.959444,83.258979
14985.204167,82.842808
14985.786667,80.945845
14986.386667,79.910257
14986.639167,80.471604
14986.896389,80.549031
14987.142222,80.365141
14987.419722,80.152217
14987.735833,82.23307
14988.025278,81.807221
14988.260278,81.778186
14988.516111,82.445995
14988.835833,83.500939
14989.121944,83.481582
14989.375556,82.542778
14989.6125,82.862165
14989.9575,84.004215
14990.223056,83.162195
14990.503889,80.955523
14991.5325,81.536226
14991.838333,81.99111
14992.126944,82.262105
14992.367222,82.707311
14992.626111,82.581492
14993.016111,82.716989
14993.293333,84.555883
14993.579722,84.63331
14993.851944,84.99141
14994.1175,84.701059
14994.371389,85.494687
14994.626944,84.884948
14994.974444,84.323602
14995.237778,84.594597
14995.481667,83.897753
14995.7925,84.100999
14996.346111,84.100999
14996.362222,83.462225
14996.993611,82.629884
14997.333056,81.884648
14997.598889,81.565261
14997.9625,82.281462
14998.228056,81.410407
14998.467778,81.507191
14998.789444,81.923362
14999.081944,81.807221
14999.340833,81.33298
14999.595,80.994236
14999.914722,81.429764
15000.166111,80.549031
15000.386944,80.549031
15000.4375,80.810347
15000.742778,80.210287
15001.066944,80.529674
15001.316111,80.394176
15001.550556,80.858739
15001.874167,80.771634
15002.166667,80.278036
15002.425556,80.994236
15002.706111,81.613653
15003.005833,82.378246
15003.256944,82.145965
15003.53,82.213713
15003.825,82.581492
15004.111389,82.339532
15004.3325,83.607401
15004.574167,83.529974
15004.888333,84.100999
15005.3975,83.529974
15005.641111,83.965501
15006.2375,83.626758
15006.539167,179.094369
15006.849444,183.352859
15007.132778,185.220788
15007.401667,185.966024
15007.706944,186.856436
15008.247778,129.008715
15008.495833,121.1789
15008.788056,119.223866
15009.051667,117.443043
15009.298056,117.433364
15009.540556,116.13646
15009.849444,114.181426
15010.1325,113.503939
15010.406389,111.984432
15010.945833,111.63601
15011.473333,109.332554
15011.798333,109.274484
15012.089444,109.390625
15012.352778,108.393751
15012.611667,109.042203
15012.940556,107.058133
15013.191944,107.803369
15013.722778,107.396877
15014.052222,106.661319
15014.531111,107.338806
15014.959722,107.522696
15015.235278,106.1774
15015.4725,106.254827
15015.783056,106.322576
15016.092778,106.903279
15016.323889,106.032224
15017.775833,104.803069
15018.051667,105.470878
15018.530278,105.538626
15018.844444,105.161169
15019.1025,104.832104
15019.358056,104.590144
15019.6375,104.648215
15019.9625,107.754977
15020.793056,105.645089
15021.161944,105.780586
15021.403333,105.57734
15021.651944,105.674124
15022.015278,106.070938
15022.303611,105.983832
15022.582222,105.57734
15022.855833,105.722516
15023.1875,104.232044
15023.455278,102.751251
15023.769722,104.396577
15024.054444,104.125582
15024.314722,103.748125
15025.186944,103.5352
15025.431667,103.244849
15025.650278,103.031924
15025.985,102.993211
15026.602222,104.493361
15027.027222,104.261079
15027.330833,103.360989
15027.570833,104.115903
15028.151389,102.151191
15028.3975,102.412507
15028.740278,102.906105
15029.023333,103.215813
15029.499444,103.331954
15030.083611,104.774034
15030.351944,104.106225
15030.532222,103.806195
15030.825278,103.041603
15031.112222,102.915783
15031.369722,101.773734
15031.630833,102.015693
15031.953889,101.115603
15032.150556,101.115603
15032.249444,100.738146
15032.518056,100.351011
15032.798333,99.87677
15033.125833,101.009141
15033.376667,100.844609
15033.625,101.173674
15034.218056,100.805895
15034.484444,100.554257
15034.794167,100.980106
15035.073333,101.086568
15035.330278,100.5349
15035.97,101.193031
15036.213333,101.193031
15036.491389,100.050981
15037.130278,100.767182
15037.375278,99.944519
15037.618056,99.441242
15037.9275,98.696007
15038.173611,99.063785
15038.434167,100.902679
15038.918889,101.231744
15039.233889,101.251101
15039.795278,100.670398
15040.13,101.37692
15040.473611,100.554257
15041.311667,99.596097
15041.898333,100.399403
15042.190833,100.080016
15042.448889,100.002589
15042.755556,100.486508
15043.076667,100.825252
15043.581667,99.741272
15043.881667,100.312297
15044.387778,99.741272
15044.952222,99.015393
15045.539444,98.560509
15045.86,99.383172
15046.1825,98.831504
15046.448889,98.221766
15046.781667,96.392551
15047.079444,96.566761
15047.319444,96.440942
15047.546111,96.189304
15047.836944,96.111877
15048.132778,95.91831
15048.423333,95.37632
15048.749444,95.298893
15049.045,95.308571
15049.295,96.682902
15049.526667,97.050681
15049.849444,96.460299
15050.174167,96.015093
15050.704167,96.440942
15050.960278,96.740972
15051.295833,96.644189
15051.522778,96.808721
15051.841111,96.711937
15052.398056,96.653867
15052.6475,96.828078
15052.919444,96.692581
15053.238611,96.750651
15053.488611,97.960449
15053.811944,98.328228
15054.053611,97.41846
15054.325556,97.224892
15054.915278,96.392551
15055.248333,95.19243
15055.483333,95.511817
15055.786944,95.202109
15056.0525,96.653867
15056.340556,96.789364
15056.570556,96.450621
15057.185278,96.198983
15057.476111,96.305445
15057.797778,96.198983
15058.077222,96.382872
15058.588889,96.595797
15058.928333,97.011967
15059.216111,96.508691
15059.481389,96.499013
15060.59,93.247075
15061.006111,94.650441
15061.271389,93.99231
15061.822778,95.405355
15062.0725,95.153717
15063.210833,94.631084
15063.455556,94.573014
15064.026944,95.647315
15064.293333,94.998863
15064.540278,94.41816
15064.854167,94.950471
15065.159444,95.260179
15065.398056,95.289214
15065.643889,95.860239
15065.974722,96.605475
15066.258611,97.089394
15066.867778,97.708811
15067.136667,98.057233
15067.396944,97.747525
15067.575278,97.747525
15067.736111,97.379746
15067.991667,98.115303
15068.296944,97.341032
15068.555278,96.469978
15068.866667,95.540852
15069.172222,95.463425
15069.422778,95.31825
15069.761944,94.931114
15070.038056,95.19243
15070.525278,92.269558
15070.828889,93.295467
15071.420278,91.911457
15071.579167,91.911457
15071.705833,91.621106
15071.955556,91.311397
15072.241667,91.921136
15072.494444,95.811847
15072.813333,95.61828
15073.375556,95.105325
15073.606667,95.144039
15073.899722,94.71819
15074.205278,94.863365
15074.829444,94.698833
15075.171944,94.669798
15075.431111,94.940792
15075.743333,94.689154
15075.986389,94.998863
15076.260833,95.008541
15076.544444,95.182752
15077.098889,94.466551
15077.362222,94.960149
15077.617222,94.621406
15077.940278,93.643889
15078.510556,93.87617
15078.821667,92.424412
15079.059722,93.305145
15079.601389,91.127508
15079.921667,91.504965
15080.493889,91.77596
15080.805,91.437216
15081.123611,91.301719
15081.930278,89.79189
15082.229444,90.401629
15082.458889,89.97578
15082.773056,90.827478
15083.029167,92.550231
15083.309444,91.679176
15083.573056,91.843709
15083.870556,91.756603
15084.120556,91.940492
15084.3875,91.708211
15084.710833,91.379146
15084.963889,91.204935
15085.282778,90.87587
15085.513056,90.99201
15085.791111,90.227418
15086.061389,91.030724
15086.505278,91.8921
15086.505556,91.8921
15087.050556,91.146865
15087.330833,90.885548
15087.597222,90.779086
15087.963056,90.682302
15088.51,90.517769
15088.780278,90.982332
15089.044167,89.840282
15089.320278,89.43379
15089.565278,88.978906
15089.874444,89.201509
15090.128889,89.356363
15090.4075,89.97578
15090.715,90.682302
15090.985833,90.662945
15091.849444,88.920836
15092.143056,88.969228
15092.413056,88.911157
15092.643333,89.549931
15092.937222,88.872444
15093.226944,89.530574
15093.493056,88.494987
15093.778056,90.817799
15094.058889,91.040402
15094.354167,90.353237
15094.613333,90.343559
15094.930556,89.908031
15095.227778,89.946745
15095.460278,89.395077
15095.810833,89.849961
15096.070278,89.946745
15096.381111,89.704785
15096.869722,88.872444
15097.183333,89.056333
15097.452778,88.378846
15097.781667,90.062885
15098.032222,90.362915
15098.343889,90.053207
15099.472778,89.946745
15099.781111,90.430664
15100.190833,91.030724
15100.446389,89.027298
15100.779167,89.627358
15101.345833,89.124082
15101.628333,89.307971
15101.911389,90.527448
15102.435278,90.488734
15103.004167,90.595197
15103.126389,90.595197
15103.321389,90.179026
15103.639722,89.937066
15103.949444,89.878996
15104.237222,91.137186
15104.452778,89.801569
15104.641667,89.801569
15104.643333,90.450021
15104.768889,90.130634
15105.036389,90.295167
15105.081667,90.27581
15105.342222,90.372594
15105.536667,89.79189
15105.854722,89.588644
15106.305833,89.278936
15106.539722,89.201509
15107.184167,88.311097
15107.457222,90.004815
15107.781667,89.153117
15108.164444,89.385398
15108.424444,89.385398
15108.428889,89.027298
15108.755,88.882122
15109.340556,89.172474
15109.861111,88.340132
15110.151944,88.040102
15111.111944,88.436916
15111.642222,87.614253
15111.996667,88.107851
15112.278889,87.720716
15112.503889,87.720716
15113.091111,88.678876
15113.368056,89.085368
15113.647778,89.772534
15113.985,90.63391
15114.261111,90.798443
15114.790556,90.314523
15115.136389,89.830604
15115.4,90.93394
15115.651111,89.49186
15115.994722,88.446595
15116.286944,87.682002
15116.553056,87.604575
15117.1175,87.817499
15117.369167,87.865891
15117.622222,86.97548
15117.956111,86.704485
15118.241389,85.881822
15118.4825,89.49186
15118.802222,87.904605
15119.313056,89.772534
15119.574722,89.249901
15119.903333,90.024172
15120.216944,89.201509
15120.4775,89.985458
15120.758611,88.485308
15121.058889,88.795017
15121.308889,87.798143
15121.5525,87.652967
15121.855833,87.817499
15122.163889,87.430364
15122.401389,88.524022
15122.7275,87.652967
15123.02,88.436916
15123.321667,87.904605
15123.585,88.030424
15123.885,88.47563
15124.148056,87.662645
15124.352222,88.359489
15124.598056,87.420686
15124.8925,87.778786
15125.169444,87.827178
15125.646667,87.39165
15126.259722,86.452847
15126.545556,86.172174
15126.836111,86.336706
15127.131111,86.985158
15127.37,86.67545
15127.8525,87.749751
15128.134167,89.385398
15128.386667,88.795017
15128.721389,88.29174
15129.010833,89.724142
15129.265,90.101599
15129.503611,88.901479
15129.7975,87.459399
15130.078333,87.023872
15130.331667,86.685128
15130.564722,86.510917
15131.180833,85.184978
15131.740556,84.110677
15132.053333,86.278636
15132.313889,85.436616
15132.578333,83.559009
15132.911667,84.565561
15133.790278,85.59147
15134.1,86.365741
15134.4625,85.852787
15134.928889,87.03355
15135.239167,86.404455
15135.476944,86.297993
15135.8025,86.104425
15136.091944,87.072264
15136.358056,87.57554
15136.594722,87.33358
15136.909722,88.049781
15137.472222,88.853087
15137.760278,88.620806
15138.038889,90.401629
15138.285278,88.514343
15138.549167,87.565861
15138.861389,87.962675
15139.190556,87.672324
15139.776667,87.285188
15139.978333,87.614253
15140.266389,87.798143
15140.555278,86.026998
15140.894444,86.936766
15141.179167,87.517469
15141.451111,88.59177
15141.782778,85.746325
15142.090833,85.765681
15142.3425,87.014193
15142.622778,85.726968
15142.962222,85.997963
15143.256667,84.952697
15143.534444,84.865591
15143.8575,84.178426
15144.194444,85.030124
15144.340833,85.030124
15144.461111,85.688254
15144.767778,87.39165
15145.038056,85.988284
15145.35,87.546505
15145.585278,86.946445
15145.884444,86.714163
15146.187778,86.694807
15146.471667,86.627058
15147.078889,85.997963
15147.590278,85.872144
15147.925,86.588344
15148.232222,86.723842
15148.39,86.723842
15148.474722,87.246475
15148.777222,86.123782
15149.074722,87.652967
15149.725,86.143138
15149.965,87.130334
15150.259444,86.510917
15150.5375,86.394777
15150.933889,86.414133
15151.255278,85.823752
15151.518333,86.452847
15152.098611,88.136886
15152.344722,88.736946
15152.598056,88.272384
15152.898611,89.49186
15153.180556,91.127508
15153.433333,90.266131
15153.729444,89.395077
15153.994167,90.556483
15155.105556,87.807821
15155.348056,88.078816
15155.6,88.804695
15155.938611,88.29174
15156.235278,88.814373
15156.502778,90.159669
15156.775278,90.237096
15157.037222,90.27581
15157.311944,90.130634
15157.598889,90.527448
15157.928333,90.488734
15158.234444,91.204935
15159.045,91.495287
15159.326389,88.088494
15159.582222,88.020746
15159.910833,86.73352
15160.191667,87.701359
15160.463333,87.778786
15160.813889,87.004515
15161.101944,88.117529
15161.6275,87.430364
15161.928333,88.427238
15162.236389,88.649841
15162.814722,87.469078
15163.365278,88.388524
15163.624722,87.236796
15163.959444,87.188404
15164.512222,87.081942
15164.784444,86.714163
15165.065278,87.246475
15165.351944,87.081942
15165.633889,85.939892
15165.930833,86.559309
15166.224722,86.559309
15166.499444,86.114103
15166.784444,86.578666
15167.081111,86.539952
15167.374444,85.823752
15167.638889,85.397903
15167.94,85.368867
15168.245833,85.117229
15168.5075,84.87527
15168.798056,84.57524
15169.072778,85.494687
15169.325278,85.77536
15169.586389,85.010767
15169.878611,84.468777
15170.187222,84.817199
15170.435,85.272084
15170.718056,84.952697
15170.981111,86.278636
15171.251667,87.720716
15171.494722,86.97548
15171.795,86.627058
15172.348611,88.765981
15172.593889,85.736646
15172.93,86.859339
15173.225,88.446595
15173.465556,86.462525
15173.752778,85.47533
15173.996111,87.778786
15174.2975,83.017019
15174.560278,82.204035
15174.849444,82.339532
15175.143889,81.449121
15175.399722,89.49186
15175.968333,89.211187
15176.265,88.853087
15176.863333,87.672324
15177.129722,88.040102
15177.432778,87.778786
15177.724722,93.595497
15177.97,93.537426
15178.545,95.73442
15178.848889,95.579566
15179.101667,94.863365
15179.352778,93.39225
15179.935278,89.37572
15180.094722,89.37572
15180.221667,88.736946
15180.759444,89.666071
15181.02,89.598323
15181.280833,89.43379
15181.830278,91.021046
15182.093056,91.282362
15182.475278,91.253327
15183.423333,90.362915
15183.776667,90.09192
15184.0025,89.888674
15184.186667,89.888674
15184.379167,89.43379
15184.713611,89.307971
15184.944722,88.998263
15185.152778,89.811247
15185.42,89.443469
15185.738611,90.353237
15186.405,94.873044
15186.7075,96.440942
15186.969167,95.105325
15187.252778,91.959849
15187.525,94.214913
15187.862778,94.331054
15188.137222,87.023872
15188.400556,87.09162
15188.724722,86.443168
15189.292222,85.794717
15189.574167,86.539952
15189.910833,85.881822
15190.188611,87.585218
15190.4575,87.120656
15190.775278,87.469078
15191.005278,88.29174
15191.306667,87.488434
15191.564722,88.030424
15191.861389,87.623932
15192.361111,86.017319
15192.595278,86.443168
15192.911389,86.017319
15193.447778,86.288314
15193.721111,86.530274
15193.953889,86.946445
15194.228056,87.623932
15194.493333,88.349811
15194.771944,88.572414
15195.07,88.572414
15195.366667,88.562735
15195.618889,88.456273
15195.909444,89.095047
15196.491111,89.598323
15196.816667,88.5337
15197.084167,89.840282
15197.390833,89.220866
15197.638333,88.543378
15197.941667,89.249901
15198.194167,89.782212
15198.449722,88.901479
15198.777778,89.288614
15199.019167,89.095047
15199.619722,88.069138
15199.923611,88.311097
15200.229722,89.085368
15200.411667,88.717589
15200.733333,87.817499
15201.016667,88.040102
15201.316389,87.672324
15201.579167,87.469078
15201.884167,87.507791
15202.415556,87.507791
15203.019722,87.885248
15203.2875,87.178726
15203.539444,87.072264
15203.8425,86.907731
15204.123056,87.420686
15204.408889,86.598023
15204.7175,86.656093
15204.917778,86.598023
15205.166111,87.352937
15205.493056,86.936766
15205.810833,86.859339
15206.05,87.836856
15206.342222,89.501539
15206.782222,89.007941
15207.062778,89.288614
15207.358056,88.678876
15207.891667,88.785338
15208.175278,90.556483
15208.441944,89.937066
15208.73,90.353237
15208.981111,90.740372
15209.263889,91.23397
15209.535278,90.982332
15209.840556,91.1759
15210.049167,92.153417
15210.337778,91.804995
15210.615556,91.59207
15210.933611,91.901779
15211.294444,92.046955
15211.536389,91.669498
15211.881389,91.659819
15212.169167,93.430964
15212.413333,93.740672
15212.717222,92.317949
15213.006667,92.966401
15213.320278,93.101899
15213.864167,92.463125
15214.162222,93.653567
15214.426667,92.443769
15214.735278,91.882422
15215.260278,92.008241
15215.526111,91.911457
15215.830556,91.698533
15216.077222,91.698533
15216.106667,91.969528
15216.386944,91.195257
15216.6425,89.104725
15216.971389,89.337006
15217.298611,89.569288
15217.543333,89.307971
15217.8325,89.385398
15218.110278,90.440342
15218.419722,88.988584
15218.708056,88.814373
15218.966667,89.898353
15219.257778,90.488734
15219.496944,90.479056
15219.8,90.246775
15220.078611,90.246775
15220.346111,90.140312
15221.175,91.408181
15221.382222,90.972654
15221.7125,90.943619
15221.956944,91.930814
15222.226111,91.911457
15222.501111,91.59207
15222.791944,91.901779
15223.075833,92.821226
15223.363333,91.717889
15223.600556,91.524322
15223.8825,92.317949
15224.142778,93.227718
15224.443333,92.346985
15225.004444,91.979206
15225.235,92.230844
15225.498056,91.872744
15225.814444,91.659819
15226.349167,91.29204
15226.597222,92.221166
15226.906944,92.337306
15227.178611,92.521196
15227.457222,92.608301
15227.782778,92.172774
15228.285556,91.785638
15228.554167,92.066311
15228.883889,92.07599
15229.450833,92.298593
15229.754444,92.37602
15230.016111,92.366341
15230.453056,92.79219
15230.453333,92.79219
15230.873611,92.879296
15231.181111,93.343859
15231.7575,93.401929
15231.977222,93.411607
15233.169444,94.379446
15233.449722,94.882722
15233.751944,95.182752
15234.006389,95.211787
15234.524722,95.163395
15235.107778,95.385998
15235.36,94.785938
15235.634444,95.182752
15235.942222,94.331054
15236.206111,94.360089
15236.467778,94.456873
15236.791389,94.447195
15237.033056,93.760029
15237.339444,94.302019
15237.924444,93.624532
15238.138056,93.972954
15238.431389,93.866491
15238.750556,94.166521
15239.0125,93.837456
15239.332222,94.398803
15239.586944,93.101899
15239.900833,92.472804
15240.173889,92.937366
15240.704167,93.760029
15240.893056,93.363215
15241.419167,93.208361
15241.726667,93.363215
15242.005278,92.424412
15242.318611,92.588944
15242.565833,92.279236
15242.894722,92.124382
15243.208056,94.805295
15243.475556,93.924562
15243.792222,93.198683
15244.511111,93.450321
15244.769722,94.089094
15245.039722,94.650441
15245.33,94.853687
15245.589167,95.066611
15245.901111,95.889274
15246.424722,94.83433
15246.743611,95.744099
15247.030556,95.49246
15247.283333,93.63421
15247.527778,94.089094
15248.164722,95.202109
15248.383056,95.01822
15248.645556,95.31825
15249.286944,94.708511
15249.561111,94.911757
15249.875278,92.966401
15250.173611,92.73412
15250.420833,93.053507
15250.918056,92.43409
15251.215278,94.11813
15251.480833,94.031024
15251.753333,94.031024
15251.771389,93.750351
15252.585,93.227718
15253.438611,94.185878
15253.746389,93.750351
15254.052222,94.224592
15254.456111,94.253627
15255.151111,94.205235
15255.421667,94.156843
15255.608333,93.479356
15255.823889,93.479356
15255.931944,93.808421
15256.116111,93.614853
15256.422778,93.566461
15256.733611,93.227718
15257.025278,93.914883
15257.325833,93.053507
15257.5925,92.482482
15257.900278,93.285788
15258.446667,93.014793
15258.745833,92.937366
15259.0525,93.247075
15259.343611,93.547105
15259.63,92.966401
15259.937778,93.595497
15260.495833,93.450321
15260.821389,93.198683
15261.105278,93.750351
15261.369167,93.730994
15261.628889,92.821226
15261.884722,92.530874
15262.169167,92.579266
15262.376667,92.772834
15262.634444,92.095347
15262.949444,92.221166
15263.236389,92.105025
15263.464444,91.737246
15264.075556,91.824352
15264.352778,92.017919
15264.579167,91.843709
15264.856111,91.582392
15265.165278,91.427538
15265.436667,91.379146
15265.7375,91.804995
15266.020833,92.327628
15266.513333,92.521196
15266.791111,92.49216
15267.104444,92.91801
15267.361944,92.840582
15267.594444,92.73412
15267.935,93.353537
15268.288889,94.340732
15268.547778,93.33418
15268.841111,93.479356
15269.154167,92.288914
15269.378611,92.540552
15269.629167,92.153417
15269.944722,92.279236
15270.253889,91.950171
15271.104167,91.727568
15271.333889,91.582392
15271.608056,91.214613
15271.9125,91.446895
15272.216111,92.046955
15272.475556,92.172774
15272.814722,91.485608
15273.057778,92.269558
15273.376389,92.221166
15273.761111,91.698533
15274.022222,91.282362
15274.595,92.521196
15274.917222,92.463125
15275.191944,92.027598
15275.492222,92.550231
15276.040556,91.843709
15276.278611,92.850261
15276.575556,91.988884
15276.899444,92.230844
15277.396111,93.305145
15277.728611,92.317949
15277.958611,92.472804
15278.1875,92.317949
15278.466667,93.005115
15279.017778,92.840582
15279.287222,93.798743
15279.595,92.414733
15279.967778,92.105025
15280.536389,92.221166
15280.831667,92.095347
15281.046389,90.701659
15281.323056,91.398503
15281.588333,89.966101
15281.895278,89.73382
15282.134444,89.511217
15282.423889,90.730694
15282.740556,89.530574
15282.995556,90.014493
15283.265556,90.972654
15283.578056,89.608001
15283.8875,89.617679
15284.149167,89.869318
15284.402222,90.943619
15284.742778,89.414433
15284.992778,89.443469
15285.265,90.488734
15285.568611,89.782212
15285.871389,88.911157
15286.148333,89.608001
15286.427222,90.043529
15286.735278,89.027298
15286.958889,89.220866
15287.599167,89.220866
15287.828889,88.882122
15288.405,89.520896
15288.615,88.717589
15289.214444,89.530574
15289.79,88.872444
15290.041667,88.678876
15290.316944,89.366041
15290.597222,88.640162
15290.877222,88.282062
15291.111667,88.262705
15291.605278,88.262705
15291.627222,87.846535
15291.920556,87.556183
15292.461111,88.165921
15292.785278,88.030424
15293.043333,87.885248
15293.288056,88.204635
15293.858889,87.604575
15294.111944,87.836856
15294.355833,88.572414
15294.740556,88.078816
15294.988333,88.311097
15295.2525,88.465951
15295.577778,87.749751
15295.859722,88.020746
15296.409722,89.549931
15296.7575,87.952997
15297.023611,88.494987
15297.259167,88.204635
15297.916667,88.940192
15298.179167,88.398203
15298.783056,88.1756
15299.224444,88.29174
15299.489722,88.47563
15299.82,88.553057
15300.093611,88.717589
15300.361667,89.782212
15300.654167,89.443469
15300.959167,89.637036
15301.191111,89.704785
15301.466389,89.714463
15302.033889,89.627358
15302.287778,90.159669
15302.454722,89.956423
15303.736111,89.540252
15303.981944,89.898353
15304.248889,89.869318
15304.842778,88.940192
15305.086389,89.656393
15305.341111,90.304845
15305.603889,89.588644
15306.18,90.03385
15306.451944,90.788764
15306.807222,90.169348
15307.085278,90.914583
15307.352222,92.821226
15307.646944,91.853387
15307.962778,91.650141
15308.214444,91.988884
15308.495278,91.959849
15308.8225,91.379146
15309.106667,91.582392
15310.026389,91.137186
15310.271111,91.795317
15310.9025,90.430664
15311.161944,90.779086
15311.429722,91.398503
15312.194167,89.869318
15312.786389,89.346685
15313.080278,89.288614
15313.341944,89.898353
15313.712222,89.085368
15313.970556,89.337006
15314.181389,89.19183
15314.469167,88.824052
15314.771111,88.194957
15315.053333,88.446595
15315.315556,88.707911
15315.570833,88.349811
15315.895833,87.93364
15316.340833,88.611127
15316.606389,88.465951
15316.855556,88.282062
15317.174722,88.553057
15317.423611,89.269258
15318.045278,87.788464
15318.609167,88.214313
15318.904722,87.943318
15319.161111,88.127208
15319.430556,88.630484
15319.7375,87.043228
15319.995556,87.604575
15320.251389,86.346385
15320.527778,86.810947
15320.853333,86.501239
15321.119167,86.481882
15321.380556,88.553057
15321.716111,87.449721
15321.982222,87.517469
15322.146111,87.27551
15322.3725,88.978906
15322.763611,88.311097
15323.063611,88.311097
15323.273889,88.165921
15323.546667,87.788464
15324.153333,88.098173
15324.726667,87.536826
15325.258056,87.778786
15325.518889,87.004515
15325.843889,86.762555
15326.0675,87.265831
15326.469722,87.536826
15326.915556,87.101299
15327.083889,87.101299
15327.180278,87.352937
15327.464722,86.956123
15327.816667,86.888374
15328.067222,87.33358
15328.344722,87.788464
15328.609444,88.659519
15329.220278,88.059459
15329.4775,88.29174
15329.817778,87.27551
15330.086389,87.952997
15330.301111,88.83373
15330.606944,88.262705
15331.421389,89.956423
15331.777778,87.943318
15332.032778,88.262705
15332.265833,88.978906
15332.871667,87.836856
15333.056944,87.672324
15333.764722,87.749751
15334.008889,88.127208
15334.264444,88.29174
15334.540833,88.040102
15334.873056,86.956123
15335.743333,85.630184
15336.2675,85.5334
15336.8525,85.001089
15337.135833,85.107551
15337.39,85.746325
15337.720556,84.110677
15337.974167,84.110677
15338.218611,84.565561
15338.476944,84.710737
15339.076389,87.285188
15339.609444,87.304545
15339.899444,87.246475
15340.175,86.849661
15340.433333,87.749751
15340.785833,86.714163
15341.043611,86.762555
15341.245556,87.159369
15341.903056,87.062585
15342.168889,87.198083
15342.424722,87.93364
15342.749444,87.459399
15343.0225,87.885248
15343.264722,88.088494
15343.550833,88.098173
15343.851111,87.701359
15344.120556,88.320776
15344.392222,89.327328
15344.769722,87.827178
15345.019722,88.059459
15345.275278,88.814373
15345.581389,88.098173
15345.896667,88.204635
15346.184167,87.594897
15346.449722,87.923962
15346.773056,87.401329
15347.017222,87.352937
15347.265556,87.207761
15347.533611,87.488434
15348.155833,86.936766
15348.400556,87.217439
15348.9925,87.546505
15349.25,88.030424
15349.714167,88.088494
15349.986111,87.982032
15350.4875,88.117529
15350.923889,87.836856
15351.359167,87.652967
15351.724722,88.47563
15352.260833,88.649841
15352.522778,88.920836
15352.873611,89.395077
15353.160278,89.211187
15353.400556,89.211187
15353.773333,90.188704
15354.068333,89.37572
15354.618333,89.49186
15354.926667,89.598323
15355.161111,90.140312
15355.409722,89.869318
15355.785,90.585518
15356.076389,89.97578
15356.725833,90.198383
15356.972222,89.404755
15357.268611,89.695107
15357.535,89.666071
15357.877778,89.927388
15358.147778,89.07569
15358.396111,88.678876
15358.646111,89.056333
15358.900278,89.056333
15358.921944,88.707911
15359.187222,88.562735
15359.462222,88.688554
15359.812778,88.020746
15360.062222,88.078816
15360.326944,88.824052
15360.626944,89.007941
15360.873056,89.637036
15361.135833,88.959549
15361.374444,88.088494
15361.733611,89.036976
15361.970833,88.814373
15362.830556,87.923962
15362.97,87.923962
15363.086389,86.917409
15363.646389,87.294867
15364.472222,88.243348
15364.849167,88.814373
15365.113333,87.817499
15365.36,87.99171
15365.588056,88.59177
15365.921944,88.185278
15366.16,88.059459
15367.051389,87.749751
15367.315,87.149691
15367.558611,87.536826
15367.901944,87.69168
15368.144167,87.149691
15368.416389,87.952997
15368.803056,87.798143
15369.021667,88.011067
15369.2625,87.952997
15369.525556,88.843408
15369.908611,87.711037
15370.144167,87.362615
15370.413611,87.362615
15370.747778,87.304545
15370.922778,86.181852
15371.191944,86.394777
15371.446944,85.349511
15371.788889,85.359189
15372.338889,84.420386
15372.621944,84.93334
15372.944167,84.855913
15373.171944,83.413833
15373.433611,83.955823
15373.647222,84.023572
15373.959444,84.120356
15374.5075,84.855913
15375.29,85.059159
15375.518611,85.601149
15375.914722,82.600849
15376.173889,84.478456
15376.437222,84.623632
15376.779722,84.546205
15377.313611,84.226818
15377.589722,84.284888
15377.956667,84.884948
15378.218611,85.262405
15378.485556,85.368867
15378.821389,85.726968
15379.093333,84.788164
15379.353333,84.236496
15379.613333,84.459099
15380.208889,84.110677
15380.468611,82.194356
15380.826111,82.494386
15381.098333,81.971754
15381.360556,82.320176
15381.705,87.827178
15381.996944,86.965801
15382.2825,86.404455
15382.528056,86.762555
15382.891111,85.852787
15383.126944,84.923662
15383.406389,84.526848
15383.766944,84.797843
15384.028333,84.120356
15384.256389,84.149391
15384.510556,83.462225
15384.871944,83.43319
15385.148611,82.83313
15385.392222,82.23307
15385.734444,82.59117
15385.998889,82.107251
15386.259167,82.039502
15386.546111,82.184678
15386.863056,82.107251
15387.140833,82.049181
15387.391667,82.378246
15388.313056,82.407281
15388.573056,82.77506
15388.88,83.162195
15389.143611,82.716989
15389.439167,82.83313
15389.790833,83.452547
15390.383056,83.317049
15390.725833,84.478456
15391.005,84.565561
15391.236111,83.617079
15391.4675,83.37512
15391.869167,84.110677
15392.148056,83.830004
15392.423056,83.210587
15393.218889,81.468477
15393.496111,81.555583
15393.864444,82.958949
15394.14,82.310497
15394.390556,81.458799
15394.758333,82.920236
15395.265,82.078216
15395.839722,81.923362
15396.375556,81.371694
15396.647778,81.816899
15396.9925,81.962075
15397.246667,82.929914
15397.491389,82.639562
15397.827222,82.987984
15398.088889,83.500939
15398.474444,83.452547
15398.975556,83.830004
15399.206389,83.820326
15399.440556,83.97518
15399.766667,84.313923
15400.519722,84.052607
15400.896667,84.546205
15401.150278,83.79129
15401.403889,83.481582
15401.7275,83.994537
15401.995278,84.313923
15402.244167,84.27521
15402.495278,84.168747
15402.814444,84.87527
15403.069444,83.588044
15403.335556,84.565561
15403.7825,86.278636
15404.035278,85.049481
15404.292222,87.314223
15404.624444,87.846535
15404.933611,87.110977
15405.211944,87.081942
15405.818056,87.885248
15406.11,86.520596
15406.371111,86.549631
15406.718611,86.656093
15407.276111,85.949571
15407.563056,86.307671
15407.93,85.485008
15408.195278,85.359189
15408.468056,85.378546
15408.8475,85.601149
15409.072222,85.455973
15409.355833,84.100999
15409.765833,85.010767
15410.039722,84.943018
15410.529167,85.049481
15410.901389,85.349511
15411.156389,85.214013
15411.416667,85.436616
15411.752778,88.243348
15411.975833,87.130334
15412.229444,84.555883
15412.498611,87.236796
15412.85,88.156243
15413.108889,87.498113
15413.377778,87.93364
15413.641111,88.630484
15413.985556,89.830604
15414.264444,88.601449
15414.525833,88.824052
15414.868889,89.19183
15415.07,90.101599
15415.324444,88.078816
15415.612778,88.29174
15415.900833,88.340132
15416.390833,87.314223
15416.820556,88.020746
15417.095833,87.014193
15417.333611,87.120656
15417.943889,86.859339
15418.182778,86.965801
15418.787778,86.830304
15419.030556,86.869018
15419.2625,86.869018
15419.553056,86.685128
15419.917778,86.743198
15420.173889,87.130334
15420.386944,86.994837
15420.723889,87.159369
15421.004167,86.694807
15421.271944,87.304545
15421.545,86.917409
15422.142778,86.607701
15422.486944,86.665771
15422.955833,86.588344
15423.215,87.120656
15423.357222,87.120656
15423.467222,86.67545
15423.816389,87.459399
15424.072778,86.617379
15424.345,87.459399
15424.612222,87.614253
15424.942222,87.740072
15425.444722,87.87557
15425.808889,88.311097
15426.083056,87.99171
15426.323056,88.77566
15426.600278,88.814373
15426.958056,88.862765
15427.481389,89.017619
15427.799722,89.453147
15428.069722,88.320776
15428.315,87.682002
15429.145833,87.178726
15429.4075,86.898053
15429.607778,87.207761
15429.927778,86.694807
15430.193889,86.617379
15430.468611,86.849661
15430.798333,87.362615
15431.065278,86.588344
15431.322778,86.665771
15431.974444,85.543078
15432.181389,85.465651
15432.462222,85.262405
15433.066389,85.030124
15433.342222,84.972054
15433.591667,85.407581
15433.964444,86.259279
15434.232222,86.43349
15434.458333,86.278636
15434.781944,87.140012
15435.055,86.820626
15435.317222,86.549631
15435.576389,86.888374
15435.911389,87.188404
15436.18,86.869018
15436.452222,86.810947
15436.763889,88.214313
15437.034167,87.469078
15437.546667,88.078816
15438.143056,89.172474
15438.388889,85.959249
15438.73,87.87557
15439.016389,87.643288
15439.279722,85.785038
15439.510278,86.239922
15440.103611,85.872144
15440.372222,85.649541
15440.651389,86.452847
15440.994722,86.462525
15441.258333,87.285188
15441.496111,89.19183
15442.054722,88.940192
15442.308056,88.640162
15442.559722,89.453147
15443.180278,88.262705
15443.765556,88.969228
15444.031667,88.582092
15444.29,88.272384
15444.555833,88.398203
15445.188889,87.87557
15445.454444,87.914283
15445.7725,88.456273
15446.459167,88.127208
15447.138611,87.836856
15447.345,88.049781
15447.594167,89.617679
15447.955,88.553057
15448.476111,89.182152
15448.821667,89.172474
15449.058611,88.814373
15449.328611,88.436916
15449.949167,88.77566
15450.225,84.062285
15450.460833,84.342958
15450.733056,84.817199
15451.021667,86.007641
15451.275,85.881822
15451.469722,87.93364
15451.961667,87.014193
15452.776111,86.085068
15453.598889,90.57584
15453.961389,89.820926
15454.218611,89.472504
15454.465278,89.753177
15454.707222,89.753177
15454.800556,90.014493
15455.075833,89.67575
15455.335278,89.162795
15455.598333,89.637036
15455.975278,88.83373
15456.251944,88.669198
15456.520833,88.940192
15457.08,88.77566
15457.330278,88.494987
15457.566389,87.352937
15457.921667,87.149691
15458.165833,87.062585
15458.4175,87.09162
15458.728056,87.09162
15458.733056,87.440042
15458.923333,86.965801
15459.187222,86.704485
15459.439167,86.772234
15460.029444,86.946445
15460.247778,86.927088
15460.845278,87.314223
15461.119444,86.772234
15461.711111,86.859339
15462.051111,86.743198
15462.389444,86.830304
15462.7175,87.159369
15463.008333,86.568988
15463.269444,86.452847
15463.876944,87.352937
15464.118056,87.682002
15464.370556,86.878696
15464.6375,87.856213
15464.983611,87.662645
15465.234722,87.63361
15465.507778,87.87557
15465.832222,87.87557
15466.211944,87.57554
15466.362778,87.57554
15466.820833,87.381972
15467.596944,87.846535
15467.901667,86.994837
15468.172778,87.352937
15468.428056,87.33358
15468.753889,87.711037
15469.0225,87.169048
15469.611389,87.507791
15470.408889,87.507791
15470.726944,87.03355
15470.978611,86.636736
15471.4875,87.430364
15471.833889,87.062585
15472.150833,86.898053
15472.755278,87.652967
15473.014444,87.682002
15473.266389,88.020746
15473.543056,89.278936
15473.855556,88.146565
15474.12,88.156243
15474.721667,88.311097
15474.966667,85.930214
15475.216111,86.501239
15475.455278,86.336706
15475.811111,86.172174
15476.0425,85.968928
15476.316111,85.59147
15476.5725,86.297993
15476.906667,85.126908
15477.136111,85.126908
15477.376389,84.943018
15477.5375,84.943018
15477.630833,85.552757
15477.946111,84.836556
15478.178333,85.504365
15478.438333,85.678576
15478.772778,86.936766
15479.031944,86.598023
15479.284722,86.104425
15479.515278,86.588344
15479.8625,85.8915
15480.318889,85.804395
15480.569167,86.530274
15480.950278,85.83343
15480.950556,85.83343
15481.458333,85.852787
15481.618333,85.852787
15481.764444,85.707611
15481.938333,85.455973
15482.198611,85.272084
15482.470556,85.494687
15482.818333,85.136586
15483.056111,85.465651
15483.336389,85.465651
15483.541667,86.026998
15483.876667,85.397903
15484.113611,85.514043
15484.371111,86.007641
15484.962222,85.765681
15485.209444,85.978606
15485.465833,85.814073
15485.802778,86.19153
15486.040556,86.336706
15486.373889,86.201209
15486.733056,86.123782
15486.986111,85.930214
15487.228889,85.1753
15487.498611,85.049481
15487.803889,85.397903
15488.055833,85.552757
15488.581667,85.77536
15488.994167,85.630184
15489.034167,85.630184
15489.258611,85.8915
15489.5125,85.83343
15489.855278,85.949571
15490.104722,84.981732
15490.3625,84.93334
15490.586667,85.978606
15490.903056,85.562435
15491.153611,85.717289
15491.394444,86.046355
15491.636944,86.365741
15491.975278,86.152817
15492.253611,85.610827
15492.504722,85.707611
15493.088889,85.707611
15493.137778,85.039802
15493.366111,84.352637
15493.806667,86.481882
15494.075278,85.707611
15494.295556,86.036676
15494.556944,87.062585
15494.884167,86.07539
15495.134722,86.094747
15495.403889,86.297993
15495.739167,86.143138
15495.976389,83.578366
15496.236944,83.73322
15496.569444,85.301119
15496.9125,84.952697
15497.164167,85.049481
15497.383056,84.836556
15497.630556,85.697933
15497.948611,85.136586
15498.195278,84.730094
15498.4125,84.304245
15498.734444,84.778486
15498.990278,84.817199
15499.222222,84.371994
15499.776389,85.165621
15500.0525,84.855913
15500.315278,84.797843
15500.468889,84.797843
15500.585556,85.368867
15500.928056,84.768807
15501.165,84.042928
15501.435833,84.497813
15501.778056,84.401029
15502.068056,84.110677
15502.296111,83.917109
15502.575,84.39135
15503.216111,83.965501
15503.879167,83.229944
15504.124167,83.142838
15504.382778,82.736346
15504.514444,82.736346
15504.617778,83.288014
15504.838056,82.668597
15505.464444,82.59117
15505.7825,82.494386
15506.051667,81.758829
15506.568333,83.094447
15506.925,83.123482
15507.198056,82.504065
15507.496667,83.210587
15507.822778,83.481582
15508.066944,83.597723
15508.297778,82.978306
15508.536389,83.510617
15508.861667,84.313923
15509.125278,83.984858
15509.613611,85.368867
15509.946389,84.168747
15510.242778,85.194657
15510.511667,84.69138
15510.783333,85.281762
15511.046667,84.584918
15511.310556,84.759129
15511.563611,84.226818
15511.843056,84.226818
15511.847778,85.1753
15512.599722,86.056033
15513.164444,85.223692
15513.393333,85.29144
15513.6525,85.136586
15513.977778,84.807521
15514.506111,84.536526
15515.093611,84.439742
15515.35,84.362315
15515.554722,84.449421
15515.899167,84.449421
15515.909167,84.430064
15516.194167,83.994537
15516.471111,84.27521
15517.031111,84.362315
15517.805556,84.768807
15518.030833,84.623632
15518.253889,84.197783
15518.519167,84.662345
15518.944722,84.57524
15520.235556,84.381672
15520.485833,84.584918
15520.761389,85.262405
15521.038056,85.514043
15521.316667,84.042928
15521.580833,84.226818
15521.931389,83.723542
15522.1925,83.907431
15522.441944,84.236496
15522.755,84.468777
15523.017222,84.352637
15523.535,83.800969
15523.878889,84.023572
15524.384167,83.500939
15524.644167,84.03325
15524.916667,83.752577
15525.456667,83.626758
15526.068333,83.684828
15526.340278,83.617079
15526.567222,83.810647
15526.915278,83.810647
15527.155,83.549331
15527.420833,84.381672
15527.736389,83.713863
15528.039444,83.142838
15528.302222,82.678276
15528.560833,82.910557
15529.390833,82.755703
15529.639722,83.007341
15529.996389,82.416959
15530.971111,82.416959
15531.185833,81.807221
15531.466389,82.262105
15531.769722,81.826578
15532.043333,81.33298
15532.260278,82.116929
15532.538056,81.507191
15532.904167,81.904005
15533.145556,81.303945
15533.408056,80.471604
15534.006389,80.481282
15534.184722,80.307071
15534.454444,80.500639
15534.774444,80.781312
15535.0725,80.616779
15535.3175,80.723242
15535.558056,80.636136
15535.868333,80.936166
15536.099722,80.868417
15536.345278,80.79099
15536.926944,82.610527
15537.191389,82.378246
15537.427222,82.281462
15538.045,81.93304
15538.283056,82.020146
15538.321667,82.020146
15538.533889,81.971754
15538.854722,82.058859
15539.121667,81.87497
15539.641111,81.942718
15539.996389,81.807221
15540.245833,81.971754
15540.51,81.99111
15540.837778,81.894326
15541.089444,81.623332
15541.303889,81.429764
15541.527778,81.429764
15541.880556,81.497513
15542.103611,81.807221
15542.365278,82.126608
15542.904444,82.281462
15543.631389,82.097573
15543.920556,82.223392
15544.170556,81.884648
15544.507778,82.010467
15544.780833,82.29114
15545.060833,82.165321
15545.281389,81.942718
15545.515556,81.497513
15545.806944,82.194356
15546.096944,81.807221
15546.593056,81.642688
15546.916667,82.116929
15547.268611,82.155643
15547.543611,81.671724
15547.833611,82.504065
15548.0975,82.136286
15548.570278,81.913683
15548.986944,81.99111
15549.25,81.962075
15549.499444,81.971754
15549.801667,82.436316
15550.055556,82.329854
15550.326389,82.610527
15550.59,82.116929
15550.896111,82.194356
15551.151111,81.516869
15551.388611,81.87497
15551.606389,81.87497
15551.609167,81.836256
15552.328333,81.613653
15552.588056,81.313623
15552.913333,81.99111
15553.435,81.845935
15553.651667,81.865291
15553.9825,81.807221
15554.236111,81.758829
15554.511667,81.439442
15554.861667,81.894326
15555.339722,81.652367
15555.599167,82.010467
15555.64,82.010467
15555.926944,81.807221
15556.173056,81.371694
15556.486389,81.362015
15556.793889,82.562135
15557.045833,82.049181
15557.321944,82.087894
15557.5225,81.816899
15557.856667,81.071664
15558.135556,80.810347
15558.396389,80.558709
15558.62,80.529674
15558.952222,79.987684
15559.196944,78.855313
15559.478611,78.652067
15559.746667,79.484408
15560.051111,78.748851
15560.316667,84.69138
15560.5875,83.984858
15560.852222,83.888074
15561.3925,83.646115
15561.623889,83.588044
15561.961944,83.839682
15562.210556,82.958949
15562.760556,81.99111
15563.056667,82.368567
15563.121944,82.368567
15563.326667,82.378246
15563.565556,82.842808
15563.930278,82.852487
15564.173889,82.658919
15564.4325,81.352337
15564.989722,83.007341
15565.253611,82.281462
15565.505278,81.652367
15565.794722,81.749151
15566.388333,81.052307
15566.648056,80.761955
15567.013889,81.265231
15567.176667,81.265231
15567.270556,81.429764
15567.555556,81.03295
15567.893056,81.93304
15568.434444,81.671724
15568.744444,81.826578
15569.046111,81.197483
15569.313611,81.09102
15569.592778,81.168447
15570.197222,81.09102
15570.467778,81.313623
15571.115,81.584618
15571.381944,81.507191
15571.974444,81.565261
15572.263611,81.303945
15572.777222,81.236196
15573.566944,79.958649
15573.878889,80.181252
15574.369167,80.142538
15574.511944,80.142538
15574.629722,79.900579
15574.96,80.336106
15575.207778,79.707011
15575.437778,79.794116
15575.7325,79.794116
15576.001389,79.629584
15576.253056,79.47473
15576.869444,83.142838
15576.869722,83.142838
15577.365,82.697633
15577.636111,82.213713
15577.994722,82.562135
15578.241667,82.426638
15578.552222,82.426638
15578.839722,82.281462
15579.388333,81.807221
15579.640833,81.923362
15579.984167,80.73292
15580.268889,80.723242
15580.510556,80.771634
15580.804444,81.603975
15581.0825,80.955523
15581.323611,81.594296
15581.568333,81.100699
15582.084167,82.165321
15582.349444,82.020146
15582.613056,81.865291
15582.924444,81.904005
15583.2325,81.381372
15583.441111,81.410407
15583.743056,81.362015
15584.0075,81.681402
15584.265,81.294266
15584.498333,81.429764
15584.825556,82.165321
15585.121944,81.623332
15585.378333,81.845935
15585.645278,81.807221
15585.753889,81.807221
15586.045278,81.797543
15586.335556,82.310497
15586.86,82.271784
15587.128056,82.029824
15587.3825,82.349211
15587.616389,81.942718
15588.203889,82.23307
15588.460833,82.629884
15588.760556,81.845935
15589.023333,81.962075
15589.301667,81.652367
15589.567778,81.381372
15589.826389,81.381372
15589.8525,81.816899
15590.161667,81.110377
15590.415833,81.429764
15590.742778,78.545605
15591.041667,78.913383
15591.316667,78.710137
15592.150833,78.758529
15592.380556,79.184378
15592.715556,78.835956
15593.023889,79.252127
15593.279722,79.339232
15593.540278,79.087594
15593.873889,79.387624
15594.167778,79.252127
15594.444444,79.048881
15595.058056,81.03295
15595.3075,79.823152
15595.555278,79.823152
15595.811389,80.384498
15596.076389,79.83283
15596.336667,79.968327
15596.575556,78.903705
15596.886111,79.416659
15597.174444,78.777886
15597.470278,79.029524
15597.745,78.768207
15598.013611,79.126308
15598.255833,79.058559
15598.495833,79.252127
15598.778333,79.252127
15599.087778,79.048881
15599.565833,78.826278
15599.843333,78.99081
15600.172222,77.916509
15600.406667,78.448821
15600.633333,79.765081
15600.849167,80.016719
15601.4575,80.907131
15601.734722,80.694206
15602.023889,80.878096
15602.291111,81.313623
15602.495556,81.255553
15602.766667,80.897453
15603.050556,80.829704
15603.279722,81.449121
15603.504444,81.052307
15603.794444,81.313623
15604.093333,80.820026
15604.341667,78.681102
15604.619722,78.952097
15605.205278,79.426338
15605.441389,82.087894
15605.733333,81.381372
15606.018056,82.5331
15606.231389,80.461925
15606.792778,80.326428
15607.056667,80.703885
15607.292778,80.578066
15607.800833,80.026398
15608.0875,80.597423
15608.315278,80.13286
15608.575,82.784738
15608.842778,83.317049
15608.846389,83.229944
15609.373333,83.607401
15609.623889,83.094447
15609.938611,83.636436
15610.2225,82.455673
15610.441667,83.355763
15610.750556,82.571814
15611.016944,82.920236
15611.281944,82.929914
15611.553333,82.184678
15611.836667,82.378246
15612.129444,82.058859
15612.351944,82.523422
15612.913056,81.845935
15613.141389,81.458799
15613.351667,82.039502
15613.624444,81.081342
15614.229444,81.100699
15617.425,82.049181
15618.081944,81.439442
15618.379444,81.962075
15618.826944,81.681402
15619.151667,81.816899
15619.436667,82.097573
15619.860833,82.116929
15620.442222,82.47503
15620.800833,81.381372
15621.125,81.758829
15621.410833,82.049181
15621.720833,81.081342
15622.065,81.439442
15622.338889,81.120056
15622.620556,80.916809
15622.956111,80.945845
15623.577778,80.684528
15623.936111,80.645815
15624.270833,80.965201
15624.538056,80.665171
15624.978056,80.249001
15625.488889,81.052307
15625.831667,81.052307
15626.142778,81.013593
15626.3725,81.139412
15626.7475,80.771634
15627.076944,80.636136
15627.385,80.355463
15627.718333,79.978006
15628.062778,80.094146
15628.341667,79.939292
15628.6425,79.377946
15628.993056,79.416659
15629.3025,80.055433
15629.883889,79.929614
15630.207778,79.610227
15630.482222,80.094146
15630.809444,79.358589
15631.118056,79.745725
15631.403611,79.823152
15631.6175,79.281162
15631.992778,80.249001
15632.308611,80.926488
15632.612222,80.568387
15632.929444,80.994236
15633.24,80.500639
15634.227778,79.8909
15634.536667,80.519996
15634.853611,80.43289
15635.185556,80.316749
15635.833333,80.249001
15636.126389,80.413533
15636.417778,79.745725
15636.6475,79.494086
15637.027222,79.987684
15637.349444,79.997363
15637.715278,78.806921
15638.015,79.010167
15638.314722,79.165021
15638.601944,78.748851
15639.491111,79.339232
15639.864167,79.639262
15640.496944,80.152217
15641.103611,79.523122
15641.395278,80.297393
15641.985556,80.287714
15642.289167,80.597423
15642.583056,79.803795
15642.941111,79.716689
15643.181667,79.329554
15643.5125,80.307071
15643.870556,80.287714
15644.171667,80.316749
15644.471667,80.055433
15644.777778,79.552157
15645.385,80.161895
15645.724444,81.545905
15646.036944,81.69108
15646.348333,81.516869
15647.278889,78.768207
15647.538611,78.352037
15647.850278,78.894026
15648.120833,79.029524
15648.421389,79.194056
15648.923889,78.57464
15649.395833,78.458499
15650.020278,78.187504
15650.343611,79.929614
15650.598333,81.507191
15650.943333,81.63301
15651.566944,81.158769
15651.938056,81.603975
15652.230278,81.39105
15652.511667,81.778186
15652.778611,81.729794
15653.056111,82.097573
15653.369722,81.816899
15653.984444,82.049181
15654.338333,82.29114
15654.640278,82.126608
15654.985833,82.416959
15655.278333,82.552457
15655.475556,82.484708
15655.803056,82.504065
15656.456111,83.317049
15656.779722,83.636436
15656.872778,83.67515
15657.1225,84.623632
15657.281944,85.010767
15657.5675,83.413833
15657.925833,83.384798
15658.2375,83.73322
15658.536389,83.297693
15658.909722,82.562135
15659.296667,82.668597
15659.578333,82.262105
15659.936111,82.455673
15660.274444,82.804095
15660.568889,82.455673
15660.925278,82.862165
15661.466389,83.007341
15661.775,82.562135
15662.071667,82.542778
15662.4175,82.852487
15662.744444,82.5331
15663.049444,82.823452
15663.394167,83.181552
15663.650278,82.852487
15664.0225,82.804095
15664.574722,83.346085
15664.918056,83.49126
15665.260833,83.917109
15665.570556,84.149391
15665.91,83.849361
15666.317778,83.936466
15666.618056,84.120356
15666.9325,84.517169
15667.2225,84.884948
15667.489722,84.255853
15667.836667,84.023572
15668.136667,84.207461
15668.435278,84.304245
15668.790833,83.897753
15669.429167,84.459099
15670.113056,83.597723
15670.443333,83.800969
15670.813056,83.617079
15671.115556,83.636436
15671.374444,83.626758
15671.726944,83.055733
15671.984167,82.939592
15672.300833,83.229944
15672.606111,83.142838
15672.874167,83.171874
15673.470833,82.8912
15673.81,82.397603
15674.150833,82.823452
15674.462222,86.297993
15674.807222,86.239922
15675.127222,85.494687
15675.454167,85.504365
15676.096667,85.368867
15676.419167,85.572114
15676.733889,86.007641
15677.436111,88.301419
15677.760278,87.381972
15678.237778,87.711037
15678.518611,87.730394
15678.819444,87.817499
15679.106944,88.078816
15679.433889,88.659519
15679.7675,87.952997
15680.054444,87.962675
15680.648056,87.594897
15680.994722,86.810947
15681.722778,86.501239
15681.975,86.462525
15682.262222,87.03355
15682.4375,86.994837
15682.953056,86.443168
15683.989444,86.017319
15684.326944,86.878696
15684.59,86.539952
15684.899167,86.346385
15685.180833,86.356063
15685.473056,86.985158
15685.776667,86.704485
15686.128056,87.198083
15686.408889,87.846535
15686.733056,87.314223
15687.012778,87.188404
15687.293056,88.107851
15687.540833,87.352937
15687.798611,87.507791
15688.050556,87.63361
15688.349722,88.446595
15688.608333,87.904605
15688.861667,87.614253
15689.155,88.359489
15689.463333,90.343559
15689.791111,90.014493
15690.327778,90.866191
15691.230833,88.795017
15691.556389,88.1756
15691.866111,88.107851
15692.191111,88.504665
15692.501389,88.098173
15692.809167,87.817499
15693.036111,87.672324
15693.335556,87.914283
15693.603611,87.672324
15693.934722,87.594897
15694.176944,87.93364
15694.480278,88.1756
15694.788889,87.517469
15695.046944,87.440042
15695.374167,87.69168
15695.978611,86.888374
15696.396389,87.265831
15697.24,87.478756
15698.483056,88.301419
15699.029722,88.562735
15699.357778,88.920836
15699.612222,89.172474
15699.906389,88.969228
15700.217222,88.504665
15700.483611,88.543378
15701.013056,88.340132
15701.349167,89.104725
15701.608889,89.056333
15701.935833,88.736946
15702.199444,87.498113
15702.513333,87.885248
15702.8325,88.301419
15703.093333,89.027298
15703.377222,88.998263
15703.650278,88.814373
15703.984167,88.107851
15704.249444,87.411007
15704.502778,86.994837
15704.858611,86.927088
15705.125,87.411007
15705.408889,87.614253
15705.736389,87.004515
15705.9725,86.646415
15706.296667,87.062585
15706.587778,86.665771
15706.904722,87.043228
15707.178889,87.062585
15707.483333,87.401329
15707.760833,86.79159
15707.994167,86.559309
15708.295278,87.110977
15708.5925,86.385098
15708.899722,86.965801
15709.215833,86.985158
15709.4875,87.236796
15709.760833,86.239922
15710.040556,87.556183
15710.353056,87.93364
15710.641944,87.836856
15710.981389,88.127208
15711.287222,87.914283
15711.854167,86.994837
15712.151389,87.159369
15712.746389,86.946445
15712.960833,86.772234
15713.313611,87.072264
15713.561944,86.49156
15713.870556,86.762555
15714.146111,87.159369
15714.448611,87.614253
15714.781944,86.97548
15715.056389,87.072264
15715.328056,87.440042
15715.576944,86.801269
15715.865556,86.714163
15716.118056,86.878696
15716.721944,86.917409
15716.977222,86.617379
15717.280556,87.149691
15717.537778,86.714163
15717.839722,86.462525
15718.304722,87.169048
15718.578056,86.946445
15718.921667,86.452847
15719.193056,86.549631
15719.781944,86.317349
15720.053611,86.181852
15720.905,86.162495
15721.428056,86.162495
15721.759167,86.13346
15721.998889,86.278636
15722.272778,86.365741
15722.530556,86.046355
15723.090833,85.997963
15723.327778,85.872144
15723.541389,85.697933
15723.854167,85.881822
15724.391944,85.978606
15724.725278,85.794717
15724.98,85.978606
15725.2675,86.104425
15725.513889,85.843108
15725.795278,85.997963
15726.024444,86.394777
15726.322778,86.762555
15726.571389,84.478456
15727.413333,84.323602
15727.738333,84.313923
15728.009167,84.768807
15728.304167,84.836556
15728.571667,84.39135
15728.895556,85.29144
15729.125,85.959249
15729.436944,90.566161
15729.741111,90.130634
15730.266389,90.33388
15730.550556,89.520896
15730.833333,89.298293
15731.1175,89.782212
15731.431389,89.453147
15731.754444,89.443469
15731.900278,89.249901
15732.386111,89.249901
15732.718611,89.124082
15732.964722,89.549931
15733.236389,85.8915
15733.516111,85.659219
15733.829167,85.397903
15734.079167,85.601149
15734.353333,85.978606
15734.632222,88.514343
15735.229722,89.956423
15735.504444,89.898353
15735.825278,89.840282
15736.086667,90.09192
15736.39,90.488734
15736.719167,90.33388
15736.986111,90.711337
15737.266944,91.23397
15737.526389,90.653267
15737.854167,90.740372
15738.1075,90.808121
15738.437778,91.679176
15738.856111,90.837156
15739.128333,91.379146
15739.389167,91.040402
15739.649444,90.024172
15739.97,89.549931
15740.719444,89.356363
15740.99,89.637036
15741.265556,89.927388
15741.569722,89.43379
15741.882778,89.898353
15742.120833,90.450021
15742.413333,90.411307
15742.733056,89.327328
15742.983333,89.317649
15743.277778,89.73382
15743.544444,89.124082
15743.856389,88.949871
15744.102778,89.095047
15744.486667,88.940192
15744.928056,88.862765
15745.376111,90.062885
15745.766389,89.801569
15746.065556,89.908031
15746.341111,90.488734
15746.6175,89.637036
15746.914444,89.49186
15747.192222,89.917709
15747.453889,89.443469
15747.779722,89.946745
15748.316111,90.27581
15748.599167,89.956423
15748.920278,89.995137
15749.195,90.304845
15749.476667,90.450021
15749.790833,90.672624
15750.035556,91.079116
15750.301111,90.924262
15750.5975,90.69198
15750.81,90.856513
15751.053056,90.962975
15751.381389,91.524322
15751.722222,90.962975
15751.983333,90.624232
15752.24,90.885548
15752.822778,90.062885
15753.043889,89.453147
15753.576667,89.869318
15753.919444,89.182152
15754.197778,88.824052
15754.476667,86.414133
15754.789444,87.827178
15755.0675,87.982032
15756.260278,89.743499
15756.533056,89.588644
15756.835,90.440342
15757.140278,90.024172
15757.286667,90.479056
15757.441944,90.39195
15757.54,90.024172
15757.759444,90.469378
15757.921389,90.324202
15758.049444,90.053207
15758.210278,89.985458
15758.347222,90.295167
15758.485278,90.39195
15758.983611,90.682302
15759.135,90.556483
15759.380278,90.566161
15759.706667,90.585518
15759.979444,90.643589
15760.479722,91.021046
15760.885278,91.253327
15761.344444,91.069438
15761.613889,91.127508
15761.957778,91.59207
15762.236667,91.640462
15762.571111,91.979206
15763.229444,91.621106
15763.454722,91.659819
15763.776944,91.543679
15764.358056,91.8921
15764.569167,91.408181
15764.905556,91.688854
15765.171111,91.272684
15765.428611,91.47593
15765.741111,91.282362
15766.007222,90.604875
15766.8175,90.624232
15767.09,90.082242
15767.709167,89.898353
15768.273889,89.656393
15768.839167,89.482182
15769.3625,89.404755
15769.591944,89.559609
15770.445833,88.185278
15770.736944,88.243348
15771.008889,88.282062
15771.530556,88.311097
15771.845556,88.911157
15772.071111,88.282062
15772.350556,88.204635
15772.590278,88.843408
15773.086389,88.785338
15773.345833,88.543378
15773.615278,88.59177
15773.973611,88.804695
15774.272778,88.011067
15774.534444,88.146565
15774.851111,89.49186
15775.467778,89.017619
15775.786667,89.085368
15776.068889,88.765981
15776.324167,88.649841
15776.983611,89.017619
15777.258333,89.124082
15777.528611,88.436916
15777.825833,89.104725
15778.124444,88.998263
15778.402222,88.8918
15778.719167,89.317649
15779.308611,89.201509
15779.533611,88.369168
15780.129167,88.882122
15780.389722,89.066011
15780.713611,89.327328
15781.024722,89.230544
15781.282778,89.07569
15781.529167,88.562735
15781.857222,88.456273
15782.141111,88.29174
15782.572222,88.185278
15782.878056,88.378846
15783.125278,88.107851
15783.399444,88.059459
15784.247778,88.494987
15784.538889,87.827178
15784.858056,88.069138
15785.172222,87.730394
15785.432222,87.556183
15785.7425,87.507791
15786.012778,87.846535
15786.265278,87.807821
15786.513333,87.527148
15786.815556,87.749751
15787.076111,87.517469
15787.337778,87.798143
15787.590833,87.836856
15787.908611,88.059459
15788.198889,86.017319
15788.46,86.026998
15789.066389,85.968928
15789.308056,86.114103
15789.543611,86.085068
15789.83,86.443168
15790.145278,86.114103
15790.644444,85.910857
15790.994444,85.736646
15791.228056,85.504365
15791.462222,85.485008
15791.804722,86.239922
15792.124167,85.8915
15792.393611,85.901179
15792.822778,87.856213
15793.242778,87.749751
15793.506111,87.643288
15793.828056,87.93364
15794.0875,87.488434
15794.357778,87.381972
15794.613611,87.63361
15794.966111,87.836856
15795.226944,86.898053
15795.468056,87.565861
15795.779722,87.498113
15796.065,86.994837
15796.313056,87.469078
15796.583611,87.39165
15797.2025,88.378846
15797.440556,87.914283
15797.756944,88.136886
15798.0325,88.136886
15798.035278,88.804695
15798.286667,88.485308
15798.52,88.330454
15798.829722,88.388524
15799.164167,88.040102
15799.461111,87.836856
15799.739722,87.904605
15800.411667,87.623932
15800.7325,88.1756
15801.054722,88.098173
15801.324444,87.604575
15801.5925,87.449721
15801.933889,87.33358
15802.082222,87.33358
15802.189722,87.39165
15802.775833,87.169048
15803.068333,86.781912
15803.335833,86.694807
15803.586389,86.762555
15803.947778,87.507791
15804.196667,87.246475
15804.482222,87.314223
15804.796111,87.430364
15805.353056,86.956123
15805.597222,87.03355
15805.913333,87.711037
15806.178611,87.381972
15806.466944,87.507791
15806.783333,87.604575
15807.380278,87.63361
15807.629722,87.57554
15808.481111,86.530274
15809.086111,86.317349
15809.326667,86.414133
15809.560833,86.085068
15809.886111,86.356063
15810.156667,84.681702
15810.434722,84.87527
15811.066111,83.820326
15811.368889,82.252427
15811.980556,82.049181
15812.348611,81.855613
15812.615,81.255553
15813.000278,81.894326
15813.260833,81.942718
15813.5075,81.57494
15813.83,84.87527
15814.090556,84.130034
15814.367222,84.023572
15814.550278,84.023572
15814.613333,83.820326
15815.507222,83.510617
15815.785,83.597723
15816.605278,83.423512
15817.431389,83.500939
15817.73,83.278336
15818.316944,83.355763
15818.583889,83.355763
15818.590556,83.539652
15818.923056,84.33328
15819.2375,83.868717
15819.507778,83.994537
15819.863333,84.226818
15820.122222,84.100999
15820.363889,84.120356
15820.788056,84.217139
15821.066389,84.430064
15821.334722,84.362315
15821.596944,84.120356
15821.916667,84.110677
15822.182778,84.03325
15822.443056,84.03325
15822.849722,83.810647
15823.124167,83.568687
15823.402222,83.471904
15823.728056,83.500939
15824.003889,84.197783
15824.526667,83.984858
15824.838889,84.439742
15825.101944,84.488134
15825.333611,84.410707
15825.558333,84.371994
15825.886667,84.062285
15826.152222,83.694507
15826.421667,83.655793
15827.193333,83.510617
15827.435,83.917109
15827.764444,84.778486
15828.032222,84.507491
15828.293056,83.955823
15828.556944,83.636436
15828.8575,83.859039
15829.123333,83.655793
15829.378611,83.955823
15829.716111,84.052607
15830.090556,84.217139
15830.642778,84.188104
15830.95,84.33328
15831.335833,84.33328
15831.471389,84.294567
15831.757222,84.120356
15831.989167,83.810647
15832.215278,83.510617
15832.477222,83.636436
15832.765556,83.462225
15833.098333,84.652667
15833.372222,84.846235
15833.610278,84.439742
15833.880556,85.001089
15834.150833,84.710737
15834.403889,84.304245
15834.714167,84.604275
15834.963889,82.649241
15835.2325,82.465351
15835.366667,82.465351
15835.496111,81.681402
15836.281111,82.020146
15836.8275,81.807221
15837.096389,81.284588
15837.388611,80.916809
15837.718333,80.868417
15837.965278,80.820026
15838.239444,80.626458
15838.514167,80.955523
15838.799722,81.081342
15839.031389,81.352337
15839.271944,81.216839
15839.526944,80.771634
15839.832222,80.858739
15840.475,80.597423
15840.786111,81.09102
15841.295833,81.120056
15841.537778,80.936166
15841.806944,81.013593
15842.110556,81.710437
15842.386667,81.855613
15842.631389,81.710437
15842.948056,81.603975
15843.755833,81.071664
15844.924167,77.742298
15845.456111,80.800669
15846.103056,81.236196
15846.368056,81.226518
15846.590278,81.913683
15847.176667,80.916809
15847.470278,80.558709
15847.790556,80.549031
15848.063333,81.303945
15848.221667,81.303945
15848.346111,80.713563
15848.608889,80.49096
15848.928611,81.720116
15849.266389,81.197483
15849.921389,80.936166
15850.169722,81.516869
15850.440278,81.061985
15850.739444,81.081342
15850.967778,81.410407
15851.175278,81.371694
15851.705833,81.816899
15851.975,81.207161
15852.232222,81.207161
15852.237778,81.187804
15852.495,81.429764
15852.817222,81.342658
15853.004444,81.410407
15853.261389,78.27461
15853.536944,77.703585
15853.865833,81.787864
15854.101667,82.668597
15854.421667,82.252427
15854.774444,82.513743
15855.136944,82.223392
15855.630278,81.749151
15855.946667,82.504065
15856.155,82.252427
15856.408333,80.984558
15856.724444,81.33298
15856.966944,81.894326
15857.2275,82.165321
15857.493333,82.058859
15857.8,82.039502
15858.068611,82.320176
15858.323056,80.326428
15858.653056,79.310197
15858.969722,83.413833
15859.239444,83.142838
15859.495556,83.094447
15859.760833,83.113803
15860.004167,82.813773
15860.246667,82.29114
15860.524722,81.962075
15860.839167,82.445995
15861.187222,81.99111
15861.450833,81.671724
15861.764722,81.516869
15862.041111,81.507191
15862.3225,80.994236
15862.553333,82.300819
15862.86,83.771934
15863.116667,84.371994
15863.358889,84.681702
15863.613056,84.517169
15863.92,83.684828
15864.181111,83.955823
15864.453056,83.762255
15864.862778,83.762255
15864.865556,83.907431
15865.241667,84.904305
15865.503889,85.194657
15865.896389,85.746325
15866.104444,86.801269
15866.360556,86.143138
15866.600833,85.581792
15866.914167,84.826878
15867.168056,85.001089
15867.415556,84.662345
15867.733056,84.943018
15867.978333,85.29144
15868.210833,85.639862
15868.471667,84.759129
15868.751944,85.068837
15868.896944,85.068837
15868.977778,86.152817
15869.211111,85.881822
15869.47,85.543078
15870.028611,86.946445
15870.279722,87.411007
15870.84,84.604275
15871.073889,84.904305
15871.562778,83.578366
15871.849722,83.820326
15872.097222,85.136586
15872.3125,84.952697
15873.079444,84.87527
15873.357778,84.584918
15874.175278,84.149391
15874.418611,83.442868
15874.723333,83.278336
15874.966111,83.384798
15875.240833,83.413833
15875.5,83.326728
15875.811944,83.694507
15876.288611,83.220266
15876.519167,83.017019
15876.8275,83.152517
15877.083889,83.442868
15877.346389,83.317049
15877.588889,83.142838
15877.893889,83.288014
15878.221389,83.07509
15878.46,82.784738
15878.762222,82.8912
15878.996111,83.152517
15879.257778,82.252427
15879.531667,81.952397
15879.839444,82.165321
15880.078056,82.600849
15880.305833,82.368567
15880.576389,82.610527
15880.900556,83.104125
15881.152222,83.781612
15881.363056,83.888074
15881.411111,83.888074
15881.618333,83.162195
15881.91,83.800969
15882.143611,84.081642
15882.391944,83.452547
15882.5775,83.394477
15883.095833,83.413833
15883.354444,83.19123
15883.602778,82.987984
15883.878333,84.023572
15884.115833,85.107551
15884.357222,85.117229
15884.588056,84.63331
15884.886667,84.555883
15885.136667,84.710737
15885.394722,84.410707
15885.434444,84.410707
15885.705556,83.73322
15886.209722,84.149391
15886.446389,83.859039
15886.724444,83.655793
15887.215556,83.849361
15887.407778,83.878396
15887.965833,83.849361
15888.215833,83.67515
15888.462222,82.978306
15888.906667,83.423512
15889.305278,83.897753
15889.576389,83.046055
15889.9175,83.529974
15890.157222,84.352637
15890.388056,85.184978
15890.646944,83.97518
15890.972222,84.623632
15891.292778,84.081642
15891.498889,84.023572
15891.806111,84.130034
15892.053889,84.27521
15892.336389,84.013893
15892.586667,84.178426
15892.915556,84.168747
15893.189722,83.404155
15893.403056,82.929914
15893.720833,82.910557
15893.981944,83.481582
15894.347222,83.442868
15894.611667,83.307371
15894.993333,83.655793
15895.277778,83.646115
15895.494167,82.920236
15895.811111,82.639562
15896.079444,83.365441
15896.333056,83.142838
15896.578889,82.300819
15896.954167,82.620206
15897.214444,81.816899
15897.450556,82.145965
15897.758056,82.426638
15897.895556,82.426638
15897.928889,83.171874
15898.143611,82.629884
15898.394444,82.784738
15898.635,82.416959
15898.965556,85.020446
15899.225278,84.507491
15899.430833,85.688254
15899.996111,85.949571
15900.254167,85.136586
15900.483333,85.281762
15900.811111,85.504365
15901.034167,85.320476
15901.297222,85.107551
15901.484444,85.272084
15901.808333,85.610827
15901.977778,85.610827
15902.1125,83.655793
15902.354167,84.207461
15902.596111,84.042928
15902.918611,84.236496
15903.206389,84.120356
15903.727222,83.79129
15903.971944,83.97518
15904.266944,84.197783
15904.511667,83.607401
15905.084444,84.342958
15905.322222,84.284888
15905.565833,85.707611
15905.894444,85.968928
15906.421667,84.768807
15906.711389,84.604275
15906.97,85.146265
15907.2525,85.136586
15907.479167,85.020446
15908.063056,84.87527
15908.328056,84.884948
15908.593333,84.952697
15908.9,85.465651
15909.163333,85.601149
15909.414444,85.552757
15909.642222,85.165621
15909.963333,85.601149
15910.251944,85.659219
15910.496389,85.097873
15910.815556,86.888374
15911.082778,87.178726
15911.325,87.149691
15911.584167,86.143138
15911.878889,86.220566
15912.157222,85.939892
15912.388889,86.036676
15912.634722,85.862465
15913.52,85.804395
15914.080556,86.327028
15914.354722,84.884948
15914.870833,84.884948
15914.946667,85.852787
15915.229722,85.610827
15915.497222,85.639862
15915.790833,85.562435
15916.051944,85.262405
15916.302778,85.707611
15916.55,85.668897
15916.862778,86.239922
15917.091667,86.481882
15917.235,86.085068
15917.554444,85.804395
15917.847778,86.714163
15918.158056,85.910857
15918.394167,85.872144
15918.612778,86.307671
15918.911111,86.307671
15918.935833,86.365741
15919.763611,86.297993
15920.110556,86.317349
15920.375833,86.278636
15920.634444,84.57524
15921.546667,83.79129
15921.842222,83.878396
15922.166667,84.004215
15922.394722,83.888074
15922.988611,84.381672
15923.2775,85.184978
15923.505833,84.439742
15923.832778,84.681702
15924.156667,84.594597
15924.406111,84.613953
15924.738056,84.623632
15925.006667,85.020446
15925.268889,85.262405
15925.522222,84.39135
15925.831389,84.546205
15926.103889,85.030124
15926.467778,80.955523
15926.748611,82.000789
15927.008333,83.510617
15927.239444,83.946145
15927.5475,84.952697
15927.833056,85.552757
15928.143611,86.181852
15928.367778,85.920536
15928.628333,85.59147
15928.910556,86.172174
15929.163333,86.201209
15929.430833,86.172174
15929.719167,86.452847
15929.962778,87.014193
15930.246111,86.288314
15930.499722,86.172174
15930.800833,86.181852
15931.098056,86.404455
15931.360556,86.297993
15931.406667,86.297993
15931.580833,85.910857
15932.1025,86.278636
15932.364167,86.259279
15932.613889,85.959249
15932.888611,86.385098
15933.188889,86.104425
15933.44,85.881822
15933.743333,85.697933
15934.251389,85.910857
15934.520833,85.659219
15934.844722,85.504365
15935.1475,85.678576
15935.3925,85.320476
15935.433611,85.320476
15935.623889,84.57524
15935.923889,85.184978
15936.209444,84.613953
15936.916389,85.088194
15936.916667,85.088194
15937.334167,84.923662
15937.865278,85.301119
15938.1475,86.152817
15938.390278,86.007641
15938.629167,85.649541
15938.932778,85.726968
15939.228611,85.552757
15939.467778,85.910857
15939.766667,85.765681
15940.018333,86.085068
15940.264722,86.278636
15940.510833,85.572114
15941.0925,87.227118
15941.469444,87.227118
15942.126667,87.788464
15942.388611,87.430364
15942.633333,87.27551
15942.949167,88.301419
15943.191667,87.749751
15943.446944,87.498113
15943.839444,87.517469
15944.103611,87.788464
15944.355,87.188404
15944.921667,87.227118
15945.158889,87.072264
15945.420556,86.327028
15945.641111,86.37542
15945.95,86.636736
15946.201667,86.878696
15946.443611,86.297993
15947.4875,86.365741
15947.768056,86.985158
15947.931389,86.985158
15948.035278,87.081942
15948.307778,86.462525
15948.595556,86.114103
15948.878333,86.143138
15949.431944,86.181852
15949.736389,86.346385
15949.99,86.578666
15950.229444,86.917409
15950.499444,86.627058
15951.036389,86.849661
15951.318889,86.530274
15951.903889,85.814073
15951.953056,85.814073
15952.194167,86.239922
15952.745556,83.830004
15953.030556,84.149391
15953.308611,84.381672
15953.742778,84.197783
15954.052222,84.497813
15954.319167,84.420386
15954.578333,83.520296
15954.973889,83.713863
15955.280556,83.471904
15955.532222,82.736346
15955.829167,82.668597
15956.092778,82.862165
15956.376667,82.513743
15956.720278,82.687954
15957.265833,82.910557
15957.519167,82.562135
15957.856944,82.726668
15958.254444,83.065411
15958.504722,82.77506
15958.818889,82.668597
15959.074722,82.881522
15959.355833,82.687954
15959.619444,82.504065
15959.944167,82.997663
15960.28,82.562135
15960.519444,82.252427
15960.855556,82.262105
15961.374722,82.426638
15961.642222,82.368567
15961.9675,82.649241
15962.255278,83.200909
15962.458889,82.813773
15962.758889,81.787864
15963.025833,82.387924
15963.301944,81.826578
15963.584167,81.758829
15963.935833,81.816899
15964.207778,82.339532
15964.489722,81.710437
15964.835,82.47503
15964.888056,82.47503
15965.104167,83.046055
15965.304444,83.123482
15965.567778,82.513743
15966.445278,82.59117
15966.766944,83.162195
15967.028056,83.288014
15967.499444,83.626758
15967.826667,83.520296
15968.1175,84.100999
15968.457222,83.984858
15968.774167,84.013893
15968.972778,84.013893
15969.032778,84.720416
15969.301111,84.313923
15969.565,83.355763
15969.873333,82.997663
15970.081111,83.723542
15970.532222,82.958949
15970.841111,82.968627
15971.095278,83.67515
15971.379444,83.37512
15971.639167,83.288014
15972.275556,83.210587
15972.509167,82.687954
15972.827222,83.288014
15973.048611,83.43319
15973.210833,83.539652
15973.255556,83.346085
15973.528056,82.504065
15973.826667,83.258979
15974.086667,83.404155
15974.338889,83.626758
15974.548889,83.065411
15974.856389,83.355763
15975.129167,83.762255
15975.387222,83.007341
15975.975833,83.481582
15976.248056,83.549331
15976.531111,82.600849
15976.813889,82.83313
15977.0575,83.355763
15977.589722,83.123482
15977.908333,83.288014
15978.166389,83.830004
15978.434167,82.871844
15978.771667,82.707311
15979.134722,83.258979
15979.383056,82.620206
15979.737778,83.984858
15980.008333,84.39135
15980.293333,84.478456
15980.568889,84.159069
15980.911667,84.071964
15981.183056,84.63331
15981.441389,84.63331
15981.443889,83.984858
15981.735,84.004215
15982.005,83.67515
15982.488333,82.929914
15982.788056,82.678276
15983.014444,82.852487
15983.280278,83.055733
15983.513056,83.597723
15983.825278,83.471904
15984.061944,83.481582
15984.308333,83.636436
15984.566944,83.181552
15984.901944,83.462225
15985.413611,85.281762
15985.455278,85.281762
15985.710833,86.394777
15986.212222,87.285188
15986.473333,86.268958
15986.755833,86.568988
15987.0425,87.63361
15987.293333,87.556183
15987.527222,87.594897
15987.815278,88.223992
15988.095833,88.078816
15988.358889,87.420686
15988.592778,87.420686
15988.895833,88.262705
15989.164167,88.524022
15989.418611,87.87557
15990.0625,89.530574
15990.325833,89.182152
15990.581111,88.582092
15990.881389,88.572414
15991.135,89.811247
15991.382222,88.23367
15991.730556,88.398203
15991.998889,89.598323
15992.264722,90.962975
15992.527778,90.517769
15992.8225,90.856513
15993.076111,92.250201
15993.340556,92.453447
15993.613333,90.188704
15993.943611,89.288614
15994.201389,89.772534
15994.455,88.417559
15994.771667,88.398203
15995.0525,88.47563
15995.316111,88.649841
15995.5875,87.904605
15995.911389,87.982032
15996.183056,88.165921
15996.487778,87.304545
15996.766111,87.430364
15997.358611,87.498113
15997.615556,88.456273
15997.945,89.153117
15998.185278,89.153117
15998.199167,90.382272
15998.4525,89.637036
15998.758889,89.79189
15999.018611,88.601449
15999.279722,90.03385
15999.536389,88.824052
15999.878333,88.678876
16000.141667,89.666071
16000.437778,87.865891
16000.765556,87.99171
16001.030833,88.524022
16001.310833,89.666071
16001.563056,88.620806
16001.879444,88.47563
16002.119167,89.172474
16002.186944,89.172474
16002.341111,87.904605
16002.5225,87.343258
16002.841944,87.923962
16003.184167,88.049781
16003.406111,87.459399
16003.588056,87.604575
16003.919167,87.362615
16004.195278,88.098173
16004.428889,87.39165
16004.612778,87.517469
16004.941944,87.33358
16005.474444,86.820626
16005.771389,87.159369
16006.041944,87.440042
16006.349722,87.227118
16006.910833,87.052907
16007.100278,87.623932
16007.370278,87.285188
16007.652222,87.304545
16007.958333,87.39165
16008.202778,87.565861
16008.458056,87.023872
16008.871944,88.369168
16009.264167,89.201509
16009.484722,88.688554
16009.734167,89.211187
16009.985278,88.959549
16010.2575,89.637036
16010.505,88.882122
16010.853889,89.385398
16011.111944,90.004815
16011.383889,89.511217
16011.619167,89.549931
16011.925833,89.966101
16012.2075,91.1759
16012.455833,91.030724
16012.748889,91.746925
16012.923056,91.146865
16013.489722,90.682302
16013.740278,91.630784
16013.975833,92.97608
16014.284444,92.453447
16014.513056,90.798443
16014.842778,91.369468
16014.889444,91.369468
16015.125833,92.695407
16015.384167,91.359789
16015.705833,90.99201
16016.184722,92.327628
16016.495556,90.062885
16016.837222,90.27581
16017.092222,90.33388
16017.335,90.314523
16017.583889,90.188704
16017.8875,90.343559
16018.137222,90.982332
16018.411667,90.208061
16018.625833,90.082242
16018.913889,90.082242
16018.916667,89.840282
16019.171944,90.653267
16019.774722,89.19183
16020.051667,89.249901
16020.336389,89.046655
16020.566389,88.620806
16020.876944,88.920836
16021.110278,89.869318
16021.372222,88.243348
16021.947778,89.085368
16022.220278,90.266131
16022.488056,89.066011
16022.796389,88.746625
16023.014444,88.998263
16023.32,89.743499
16023.571111,88.446595
16023.878611,88.524022
16024.115556,88.678876
16024.4625,87.865891
16024.761111,88.262705
16025.011389,87.304545
16025.274722,87.672324
16025.546944,86.994837
16025.873056,86.985158
16026.109444,86.907731
16026.392222,86.268958
16026.706944,86.162495
16027.191389,86.79159
16027.5,86.017319
16027.809444,86.588344
16028.068333,86.385098
16028.550278,85.843108
16028.855833,85.920536
16029.435278,85.572114
16029.8575,85.688254
16030.224167,86.385098
16030.807778,86.036676
16031.037778,85.804395
16031.289722,85.804395
16031.296389,86.636736
16031.575278,85.59147
16031.9125,85.523722
16032.249167,86.239922
16033.339444,86.820626
16033.876389,87.769108
16034.156389,87.769108
16034.434167,84.507491
16034.732778,84.371994
16034.978333,84.672024
16035.295278,84.672024
16035.5525,86.094747
16035.862222,86.123782
16036.097222,85.436616
16036.711667,84.788164
16036.955278,84.904305
16037.218333,85.049481
16037.487778,84.449421
16037.786667,84.294567
16038.065833,84.904305
16038.398611,85.078516
16038.729167,85.378546
16038.9975,86.385098
16039.281944,87.952997
16039.543611,86.385098
16039.861111,87.498113
16040.124444,88.930514
16040.409722,86.268958
16040.620278,84.952697
16040.924444,85.020446
16041.359167,85.639862
16041.603333,85.049481
16041.935,84.981732
16042.526111,85.097873
16043.092778,85.543078
16043.401111,86.152817
16043.726111,85.349511
16043.975278,85.068837
16044.255,85.572114
16044.525833,84.701059
16044.832222,84.972054
16045.075,84.604275
16045.368611,84.981732
16045.766944,85.088194
16046.098056,84.981732
16046.361667,85.514043
16046.581111,84.555883
16046.900833,84.526848
16047.463056,84.042928
16047.751667,84.042928
16047.771111,84.720416
16048.023333,84.759129
16048.285,85.649541
16048.549722,84.710737
16048.853056,85.117229
16049.109444,85.136586
16049.373889,85.726968
16049.644167,85.214013
16049.966944,85.572114
16050.226667,86.259279
16050.443056,85.262405
16050.954444,85.572114
16051.2325,85.881822
16051.491667,84.797843
16051.739444,85.262405
16051.782778,85.262405
16051.985556,84.720416
16052.227222,85.23337
16052.486667,83.994537
16052.824444,83.926788
16053.089167,83.646115
16053.380278,84.478456
16053.729167,83.994537
16054.251944,85.359189
16054.530833,84.410707
16054.828333,85.049481
16055.116667,84.962375
16055.491944,84.710737
16055.814167,85.214013
16056.034444,84.99141
16056.294722,86.094747
16056.605556,85.8915
16056.825,85.939892
16057.385278,86.520596
16057.6525,87.643288
16057.957222,87.401329
16058.457222,86.259279
16058.764722,86.114103
16059.018889,85.707611
16059.585556,87.062585
16059.8825,86.723842
16060.031667,86.694807
16060.606667,86.007641
16060.922222,86.346385
16061.177778,87.09162
16061.764444,86.820626
16062.022778,86.423812
16062.304167,87.03355
16062.589722,86.046355
16062.858333,87.188404
16063.125,85.088194
16063.345,85.514043
16063.589167,85.794717
16063.856944,86.288314
16064.443056,86.288314
16064.4475,85.417259
16064.756389,84.913983
16064.969722,84.894627
16065.166667,85.126908
16065.403889,84.93334
16065.719722,84.439742
16066.001389,84.739772
16066.260833,85.678576
16066.528889,84.884948
16066.848889,85.552757
16067.131389,85.630184
16067.365556,84.904305
16067.623889,84.217139
16068.206667,85.030124
16068.460833,85.030124
16068.757778,84.081642
16069.013333,83.994537
16069.254722,85.184978
16069.525833,84.57524
16069.856667,84.972054
16070.094722,85.010767
16070.363611,85.339832
16070.647778,84.788164
16070.979167,85.010767
16071.241389,86.19153
16071.509167,84.768807
16071.811944,84.846235
16072.063056,84.739772
16072.721944,84.110677
16073.208056,85.572114
16074.044167,84.410707
16074.282778,85.155943
16074.553056,84.023572
16074.86,84.120356
16075.1875,84.430064
16075.476111,84.488134
16075.803611,84.226818
16076.063333,84.130034
16076.246667,84.69138
16076.505278,83.394477
16076.863889,84.004215
16077.380278,83.955823
16077.705833,83.907431
16077.978333,84.013893
16078.236389,84.865591
16078.523056,84.130034
16078.813056,84.642988
16079.091389,84.507491
16079.363056,84.362315
16079.7225,83.936466
16079.989444,83.559009
16080.23,83.897753
16080.539722,83.055733
16080.854167,83.055733
16080.856667,83.655793
16081.055833,83.684828
16081.706111,84.226818
16081.973056,84.701059
16082.508056,86.743198
16082.8,87.072264
16083.048333,83.384798
16083.298889,83.288014
16084.137222,86.414133
16084.416111,86.181852
16084.728333,88.059459
16084.864722,88.059459
16084.973611,89.356363
16085.229722,88.088494
16085.464722,87.420686
16085.787778,86.510917
16086.024722,87.294867
16086.560556,86.636736
16086.862222,85.320476
16087.098889,84.826878
16087.343889,84.981732
16087.621389,86.152817
16087.953889,87.188404
16088.199444,87.711037
16088.48,86.762555
16088.794444,87.217439
16089.026111,87.014193
16089.276667,87.449721
16089.558333,86.268958
16090.072778,86.568988
16090.598333,86.462525
16090.914167,86.743198
16091.138056,86.859339
16091.7375,86.423812
16092.016667,86.414133
16092.290556,86.49156
16092.524444,86.336706
16092.831111,86.104425
16093.141389,86.385098
16093.398333,86.472204
16093.735556,86.056033
16094.036389,86.985158
16094.311111,85.968928
16094.556111,85.726968
16094.823889,86.43349
16095.097222,86.452847
16095.958611,86.646415
16096.493333,86.685128
16096.817222,86.278636
16097.13,85.920536
16097.421944,86.220566
16097.706667,86.220566
16098.018889,86.656093
16098.295278,87.217439
16098.539722,87.178726
16098.861111,87.294867
16099.141111,86.694807
16099.734722,86.801269
16100.002222,87.014193
16100.2775,86.307671
16100.576944,86.37542
16100.856667,86.501239
16101.436111,86.220566
16101.7625,86.220566
16102.094444,86.259279
16102.364444,86.462525
16102.638056,86.462525
16102.995,87.207761
16103.265,86.230244
16103.548333,86.443168
16103.874722,86.820626
16104.643889,86.598023
16105.474722,87.488434
16105.732222,87.149691
16105.940833,87.459399
16106.244444,87.178726
16106.511944,87.207761
16106.770833,87.585218
16107.033611,87.372294
16107.326389,87.846535
16107.864167,88.727268
16108.165833,89.385398
16108.760833,90.508091
16109.329444,91.29204
16109.566944,91.011367
16109.848889,90.169348
16110.124444,89.19183
16110.395833,89.249901
16110.622222,89.07569
16110.956667,89.908031
16111.273611,88.659519
16111.547778,89.656393
16111.884167,89.598323
16112.191944,88.911157
16112.43,88.020746
16112.762778,88.601449
16113.017778,89.13376
16113.290556,88.659519
16113.796667,88.649841
16114.081389,89.017619
16114.358056,89.240222
16114.611389,89.666071
16114.933611,89.569288
16115.085,89.569288
16115.185,89.240222
16115.746111,89.104725
16116.301667,88.688554
16116.545,88.930514
16116.849722,87.672324
16117.379444,87.39165
16117.643333,87.836856
16117.946389,87.546505
16118.227778,87.536826
16118.481389,87.817499
16118.798889,87.846535
16119.019444,82.629884
16119.092778,82.629884
16119.305556,81.894326
16119.58,85.804395
16119.890556,83.297693
16120.0825,83.481582
16120.580833,83.220266
16120.933333,83.529974
16121.216667,84.87527
16121.476389,84.923662
16121.796667,85.262405
16122.078889,84.662345
16122.456667,84.720416
16123.052222,86.801269
16123.585833,87.294867
16124.170833,86.714163
16124.400556,85.785038
16124.723056,85.5334
16124.984167,86.220566
16125.2575,85.862465
16125.504167,85.843108
16125.789167,85.214013
16126.079167,85.794717
16126.385833,85.939892
16126.646944,86.094747
16126.936667,86.036676
16127.226111,84.972054
16127.569167,85.446295
16127.880278,84.797843
16128.168333,84.93334
16128.444167,84.923662
16128.638333,85.117229
16129.468056,85.504365
16129.792778,85.214013
16130.060278,85.504365
16130.348889,85.155943
16130.628611,85.039802
16130.953611,85.378546
16131.229722,85.407581
16131.4625,85.407581
16131.487222,86.152817
16131.815556,85.581792
16132.42,85.359189
16132.758333,85.272084
16133.034722,85.639862
16133.576944,84.962375
16133.897222,85.281762
16134.161944,85.155943
16134.455278,85.204335
16134.773611,85.572114
16135.069722,85.872144
16135.359167,86.036676
16135.529444,86.036676
16135.624722,86.201209
16135.953333,86.859339
16136.24,85.862465
16136.503333,86.704485
16136.8075,86.472204
16137.063889,86.181852
16137.346667,85.47533
16137.614167,85.349511
16137.9425,83.839682
16138.241111,85.504365
16138.465833,84.120356
16138.790833,84.546205
16139.086944,84.565561
16139.424167,84.33328
16139.758611,83.965501
16140.176111,84.159069
16140.444167,83.936466
16140.745556,84.642988
16141.014444,84.739772
16141.360833,84.371994
16141.647222,84.63331
16141.961389,85.281762
16142.242222,84.788164
16142.443056,84.788164
16142.763333,84.449421
16142.965278,85.620506
16143.285556,84.826878
16143.536944,85.814073
16143.8375,85.794717
16144.3575,86.452847
16144.64,87.594897
16144.9375,87.430364
16145.200833,87.827178
16145.464722,88.320776
16145.7675,87.69168
16146.018611,88.988584
16146.166389,88.504665
16146.287222,88.417559
16146.365556,88.562735
16146.716667,89.211187
16147.015556,88.872444
16147.043056,88.998263
16147.128611,88.436916
16147.284722,88.494987
16147.535278,89.366041
16147.808333,88.524022
16148.060556,88.524022
16148.080278,87.856213
16148.340833,86.936766
16148.576389,87.536826
16148.856944,86.79159
16149.132778,87.527148
16149.413056,87.246475
16149.726667,87.081942
16150.235,86.617379
16150.483056,86.530274
16150.820556,86.917409
16151.082222,87.498113
16151.360833,86.907731
16151.771667,86.578666
16152.038889,87.265831
16152.081111,87.265831
16152.314167,84.555883
16152.571389,84.99141
16152.864444,84.894627
16153.050556,85.543078
16153.050833,85.543078
16153.74,84.342958
16154.033611,85.785038
16154.269444,84.904305
16154.536111,84.855913
16154.854444,85.978606
16155.133611,85.601149
16155.383056,84.952697
16155.705556,84.720416
16155.974722,85.697933
16156.246389,84.93334
16156.515,84.894627
16156.838056,85.204335
16157.073333,85.059159
16157.617778,83.868717
16157.912778,85.194657
16158.2075,85.281762
16158.489722,85.049481
16158.871944,85.8915
16159.185,84.710737
16159.356389,84.565561
16159.484167,84.855913
16159.813333,86.19153
16160.192222,86.685128
16160.488611,86.472204
16160.881111,85.59147
16161.444722,83.684828
16161.972778,83.288014
16162.303056,83.684828
16162.560833,83.288014
16163.156944,82.881522
16163.43,82.823452
16163.6425,83.200909
16163.928333,82.871844
16164.201667,82.8912
16164.468056,82.707311
16164.7225,82.707311
16165.022222,84.865591
16165.264722,83.859039
16165.819444,86.646415
16166.088056,86.307671
16166.351944,85.552757
16166.640833,85.746325
16167.494167,86.927088
16167.816389,87.556183
16168.081667,86.578666
16168.365278,84.042928
16168.829167,84.042928
16169.202222,86.559309
16169.454167,86.443168
16169.781944,85.881822
16170.0525,86.239922
16170.366389,85.184978
16170.948889,86.104425
16171.252778,85.659219
16171.510278,84.962375
16171.835833,84.923662
16172.090556,85.097873
16172.63,85.126908
16172.918333,84.972054
16173.2075,84.981732
16173.488333,84.613953
16173.8175,84.836556
16174.089722,85.059159
16174.470278,85.194657
16174.776667,85.126908
16175.0425,84.99141
16175.627222,84.555883
16175.926111,84.642988
16176.200556,85.059159
16176.758889,84.768807
16177.564167,84.913983
16177.891389,85.930214
16178.199444,85.349511
16178.467778,85.214013
16178.772778,84.526848
16179.008333,84.962375
16179.564444,86.617379
16179.910833,87.517469
16180.186944,87.556183
16180.442778,86.578666
16180.746944,85.668897
16181.03,87.343258
16181.333611,85.978606
16181.561389,85.978606
16181.830833,85.794717
16182.035556,86.43349
16182.350278,84.768807
16182.718611,84.778486
16182.971667,86.307671
16183.589167,84.710737
16183.857222,84.826878
16184.357222,85.446295
16184.631944,85.785038
16184.943889,87.87557
16185.157222,86.839982
16185.431111,86.297993
16185.5675,86.297993
16185.763056,86.259279
16186.259722,82.436316
16186.542778,81.584618
16186.8625,84.584918
16187.113056,82.620206
16187.7325,82.145965
16187.996111,82.078216
16188.283889,81.807221
16188.548056,82.416959
16188.866667,83.065411
16189.139722,82.755703
16189.332778,82.571814
16189.595833,82.378246
16189.891944,82.600849
16190.151944,83.017019
16190.438333,82.358889
16190.762222,82.155643
16191.017222,82.649241
16191.383611,83.017019
16191.728056,82.900879
16191.956667,83.646115
16192.222222,84.352637
16192.494722,83.442868
16192.796944,83.67515
16193.025556,84.284888
16193.300278,84.255853
16193.571389,84.071964
16193.888889,85.417259
16194.158056,86.772234
16194.420556,84.739772
16195.125556,83.752577
16195.397778,83.394477
16195.703611,83.326728
16195.951667,83.684828
16196.200833,83.626758
16196.471944,82.755703
16196.781944,82.494386
16197.063889,83.007341
16197.404444,83.104125
16197.728056,82.716989
16197.968611,83.307371
16198.233056,83.307371
16198.2625,82.736346
16199.417778,83.384798
16199.793056,83.365441
16200.086389,83.229944
16200.738056,82.978306
16201.0425,83.19123
16201.5325,82.939592
16201.857778,83.607401
16202.110278,83.868717
16202.2375,83.868717
16202.308056,84.613953
16202.609444,84.517169
16203.445,81.613653
16203.735,82.116929
16203.989722,81.27491
16204.253056,81.923362
16204.543611,81.594296
16204.843056,82.784738
16205.092778,83.258979
16205.391111,82.078216
16205.995556,81.584618
16206.547222,81.778186
16206.890278,81.149091
16207.143333,81.207161
16207.444444,80.636136
16207.765278,80.287714
16208.045556,80.897453
16208.371944,80.49096
16208.651944,79.997363
16209.006667,79.8909
16209.572778,79.513443
16210.174444,77.258379
16210.465,77.945545
16210.79,77.829404
16211.635278,78.158469
16211.959722,78.081042
16212.244167,77.993936
16212.530278,79.068237
16213.411111,78.671424
16213.734722,82.765381
16213.982778,82.987984
16214.289722,84.981732
16214.566667,84.546205
16214.846111,85.852787
16215.060278,85.5334
16215.103333,85.5334
16215.365278,88.582092
16215.6,87.846535
16216.145833,87.778786
16216.4125,87.03355
16216.741111,86.704485
16216.977222,87.072264
16217.201667,87.072264
16217.473333,86.617379
16217.776667,86.820626
16218.003333,83.346085
16218.269167,83.442868
16218.534167,83.73322
16219.061389,85.310797
16219.106389,85.310797
16219.339722,84.488134
16219.585556,84.178426
16219.8725,84.468777
16220.127778,84.430064
16220.3925,84.652667
16220.636944,84.420386
16220.926667,84.710737
16221.182778,84.788164
16221.491944,84.681702
16221.775833,84.478456
16221.99,84.836556
16222.216111,84.507491
16222.494444,84.362315
16222.804722,84.536526
16223.006111,84.352637
16223.256667,84.439742
16223.496111,84.004215
16223.780278,83.462225
16224.031111,81.778186
16224.306111,81.671724
16224.582222,81.642688
16224.867222,81.603975
16225.033333,81.39105
16226.17,81.255553
16226.470556,81.313623
16227.081389,82.252427
16227.356667,83.694507
16227.631389,84.100999
16227.911944,83.849361
16228.153333,84.03325
16228.467222,84.168747
16228.793333,83.568687
16229.043611,83.636436
16229.342222,84.168747
16229.7825,83.055733
16230.036111,84.052607
16230.350833,83.171874
16230.720278,82.804095
16231.233611,81.420086
16231.545556,83.404155
16231.587778,83.404155
16231.856944,83.462225
16232.127222,82.881522
16232.430833,82.939592
16232.648611,84.981732
16232.959722,84.93334
16233.539444,85.436616
16234.079722,85.785038
16234.704167,85.5334
16234.976944,85.601149
16235.224444,85.804395
16235.535833,85.581792
16235.733056,85.581792
16235.836667,85.765681
16236.109167,85.320476
16236.791389,85.29144
16236.980556,85.610827
16237.140556,85.359189
16237.767778,85.465651
16238.048611,85.543078
16238.356111,85.794717
16238.613889,82.097573
16238.934167,81.729794
16239.484167,80.936166
16239.877778,81.845935
16240.166667,81.458799
16240.460556,81.913683
16240.783889,81.468477
16241.051111,81.468477
16241.316667,81.526548
16241.618611,81.545905
16241.921389,82.029824
16242.154444,81.429764
16242.472778,81.787864
16242.776389,81.642688
16243.011944,82.47503
16243.275833,82.397603
16243.604444,82.213713
16243.925833,82.484708
16244.140556,82.000789
16244.456944,82.755703
16244.775278,82.165321
16245.027778,82.368567
16245.412222,80.403855
16245.754167,79.813473
16246.089444,79.861865
16246.736111,79.755403
16247.006111,79.677976
16247.198333,79.406981
16247.505,79.184378
16247.846944,79.058559
16248.0975,78.777886
16248.367222,78.777886
16248.371944,81.120056
16248.645,80.761955
16249.007778,80.97488
16249.503056,80.839382
16249.820556,80.916809
16250.0925,81.071664
16250.359444,81.39105
16250.637222,81.729794
16251.201944,81.57494
16251.475278,82.504065
16252.061667,82.320176
16252.866111,83.181552
16253.106389,81.061985
16253.388056,80.539352
16253.752222,81.071664
16253.975556,80.907131
16254.161667,79.958649
16254.467222,81.178126
16254.782778,80.355463
16255.045278,80.094146
16255.338333,79.978006
16255.645278,79.561835
16255.922778,79.648941
16256.455556,79.697333
16256.755833,79.47473
16257.005,79.503765
16257.282222,77.645515
16257.559167,78.206861
16257.870278,78.63271
16258.393611,79.610227
16258.723333,78.894026
16258.9475,79.019845
16259.200556,78.700459
16259.453611,79.571514
16260.021389,77.829404
16260.354444,77.471304
16261.0225,78.158469
16261.301111,78.564961
16262.138889,78.071364
16262.393056,79.048881
16262.741944,78.952097
16263.003056,79.358589
16263.273889,79.29084
16263.549167,79.000489
16263.854444,78.913383
16264.088611,78.787564
16264.358333,78.768207
16264.637222,78.439142
16264.843056,78.439142
16264.946111,78.555283
16265.220556,82.765381
16265.485556,83.297693
16265.798889,82.552457
16266.0525,83.559009
16266.626389,82.716989
16266.949444,82.958949
16267.210278,82.59117
16267.494167,82.852487
16267.846667,83.413833
16268.069167,83.37512
16268.362778,83.268657
16268.648889,82.949271
16268.848611,82.949271
16268.9775,82.949271
16269.218333,83.104125
16269.4875,84.139712
16269.795556,83.73322
16270.937778,81.758829
16271.2,81.468477
16271.496667,83.529974
16271.796944,83.229944
16272.065278,84.981732
16272.306667,84.546205
16272.551111,84.817199
16273.443611,85.068837
16273.783889,84.27521
16274.042222,84.681702
16274.602222,85.649541
16274.861944,85.872144
16275.127222,86.288314
16275.317778,86.423812
16275.583611,86.462525
16275.890833,88.659519
16276.394167,88.272384
16277.014167,88.736946
16277.267778,88.843408
16277.505,89.685428
16277.841389,90.817799
16278.101667,90.450021
16278.3625,90.63391
16278.644444,90.469378
16278.947222,91.688854
16279.306944,91.863065
16279.593056,92.19213
16279.858611,92.559909
16280.114167,92.046955
16280.394167,92.637336
16280.7375,91.863065
16281.007222,93.421286
16281.276667,92.821226
16281.550556,93.450321
16281.602778,93.450321
16281.856667,92.937366
16282.118611,92.008241
16282.424722,93.043829
16282.758056,92.327628
16283.11,91.950171
16283.365,92.482482
16283.636389,92.037276
16283.967778,91.688854
16284.197778,92.037276
16284.798889,92.327628
16285.060556,92.588944
16285.6225,92.501839
16285.625278,91.8921
16285.935278,90.93394
16286.207222,91.050081
16286.501111,92.472804
16286.988611,91.369468
16287.231944,91.746925
16287.533056,91.553357
16288.129722,90.721016
16288.758889,88.83373
16289.006667,90.885548
16289.305556,90.198383
16289.526944,91.388824
16289.805,90.604875
16290.068333,90.653267
16290.614167,91.359789
16290.966667,90.527448
16291.152222,90.469378
16291.420833,91.446895
16291.7275,90.237096
16291.961111,89.73382
16292.136389,89.840282
16292.360833,90.140312
16292.594444,91.040402
16292.893056,90.440342
16293.160833,90.266131
16293.410833,90.740372
16293.646389,90.866191
16293.9475,92.627658
16294.234722,92.472804
16294.460278,93.09222
16294.7175,91.853387
16294.9575,91.640462
16295.203333,91.785638
16295.445,92.424412
16295.751111,91.911457
16295.998056,91.679176
16296.195556,91.853387
16296.454167,92.095347
16296.749167,91.204935
16297.044722,90.895227
16297.548056,91.785638
16297.835278,91.553357
16297.986389,91.553357
16298.084722,91.514643
16298.349444,91.23397
16298.928611,91.408181
16299.173611,91.504965
16299.438056,92.037276
16299.761111,91.069438
16300.029444,90.314523
16300.303611,90.798443
16300.543611,90.895227
16300.854444,90.27581
16301.112778,90.701659
16301.375833,91.301719
16301.638889,90.624232
16301.923056,90.082242
16301.991389,90.082242
16302.19,89.782212
16302.421944,91.185578
16302.733056,90.93394
16302.9825,91.021046
16303.234167,91.543679
16303.768056,91.108151
16304.003611,90.837156
16304.242222,91.030724
16304.490556,91.504965
16304.800278,90.93394
16305.078611,90.943619
16305.469722,92.182452
16305.776389,90.362915
16306.058333,90.624232
16306.319722,90.39195
16306.559722,89.830604
16307.171667,90.179026
16307.456667,91.301719
16307.763056,90.140312
16308.009722,90.140312
16308.355833,90.895227
16308.644167,90.895227
16308.990278,90.217739
16309.186667,90.285488
16309.448611,91.224292
16309.772778,90.198383
16310.011389,90.362915
16310.581389,91.350111
16310.905,92.269558
16311.1625,91.979206
16311.443333,93.169648
16312.029444,92.647015
16312.253333,92.850261
16312.5325,90.827478
16312.826667,92.027598
16313.08,91.698533
16313.348333,92.027598
16313.6225,93.469678
16313.908889,93.082542
16314.178611,92.521196
16314.429167,93.856813
16314.599167,93.856813
16314.751667,92.811547
16315.026389,92.598623
16315.303056,93.179326
16315.597778,93.305145
16316.155833,92.405055
16316.436111,93.459999
16316.751389,92.530874
16316.996667,93.150291
16317.266389,93.305145
16317.561944,93.750351
16317.8775,92.627658
16318.133333,92.443769
16318.397222,93.595497
16318.64,93.595497
16318.714444,92.182452
16318.976944,92.221166
16319.511667,92.569588
16319.820278,91.659819
16320.0725,91.466251
16320.560278,92.056633
16320.99,91.485608
16321.393056,91.282362
16321.7175,91.156543
16322.226111,91.127508
16322.513889,92.521196
16322.850278,91.640462
16323.315278,91.640462
16323.541944,91.930814
16323.875556,91.543679
16324.116111,91.669498
16324.3925,92.453447
16324.641944,92.443769
16324.944444,90.972654
16325.491389,92.085668
16326.044167,91.795317
16326.303333,91.621106
16326.551111,92.240522
16326.853056,86.472204
16327.118889,86.617379
16327.641111,86.781912
16327.963889,86.878696
16328.227778,86.965801
16328.517778,87.556183
16328.8375,86.259279
16329.1225,85.920536
16329.709722,90.827478
16329.952222,90.537126
16330.205556,89.917709
16330.389167,90.846835
16330.724444,87.63361
16330.991389,87.469078
16331.263056,88.214313
16331.9025,88.214313
16331.905833,87.314223
16332.424444,87.798143
16332.725278,86.820626
16332.983611,87.33358
16333.230556,87.03355
16333.481667,87.952997
16333.804444,84.468777
16334.06,84.362315
16334.349722,84.768807
16334.6075,85.359189
16334.956111,85.146265
16335.214167,84.894627
16335.611111,85.349511
16335.89,85.214013
16335.937778,85.214013
16336.166389,84.981732
16336.435833,87.178726
16336.738611,84.855913
16337.023889,85.223692
16337.333056,85.272084
16337.569722,86.617379
16338.174167,84.63331
16338.468056,86.685128
16338.7825,84.197783
16339.325556,84.894627
16339.625,85.668897
16339.951944,84.362315
16340.206667,84.846235
16340.479167,86.49156
16341.017778,85.630184
16341.04,85.668897
16341.296667,85.446295
16341.473611,85.843108
16341.634444,85.572114
16341.738889,85.620506
16341.889167,85.165621
16342.034722,85.223692
16342.257778,84.594597
16342.568889,85.785038
16342.908889,83.955823
16343.166667,85.214013
16343.384722,85.736646
16343.711944,85.765681
16344.052778,86.43349
16344.217778,85.949571
16344.267778,85.562435
16344.403056,86.404455
16344.633333,85.697933
16344.990833,85.988284
16345.824444,84.381672
16346.077222,84.430064
16346.336667,85.001089
16346.585,86.181852
16347.173333,84.739772
16347.481944,85.630184
16347.788611,85.117229
16348.04,84.710737
16348.317778,85.059159
16348.586667,85.059159
16348.615278,85.949571
16349.109722,85.29144
16349.611389,83.13316
16349.912778,81.323302
16350.763333,82.852487
16351.023056,83.104125
16351.278611,82.339532
16351.583889,83.684828
16352.135556,82.300819
16352.439722,84.449421
16352.600556,84.449421
16352.771944,82.968627
16352.988056,82.958949
16353.152222,82.668597
16353.39,83.859039
16353.638333,84.294567
16353.921667,83.384798
16354.47,85.446295
16354.703056,84.371994
16354.944167,83.258979
16355.247222,82.77506
16355.862222,82.678276
16356.128056,82.581492
16356.325278,83.162195
16356.634722,82.494386
16356.945833,81.826578
16357.199722,81.729794
16357.825833,82.426638
16358.113889,82.562135
16358.376389,83.181552
16358.707222,82.378246
16358.979722,82.426638
16359.210556,82.320176
16359.817222,83.636436
16360.076667,83.810647
16360.358611,83.336406
16360.641944,83.288014
16360.968611,83.926788
16361.425833,86.501239
16361.78,85.204335
16362.043056,88.194957
16362.273611,87.604575
16362.931667,88.127208
16363.183611,88.272384
16363.425833,89.878996
16363.805556,87.701359
16364.038889,87.517469
16364.276944,86.869018
16364.557222,88.698233
16364.848056,88.698233
16364.8775,87.894927
16365.232222,87.236796
16365.508056,88.427238
16365.829444,86.907731
16366.081944,86.704485
16366.3475,86.79159
16366.708889,86.636736
16366.936389,86.114103
16367.188889,85.765681
16367.484722,86.452847
16367.827222,85.097873
16368.077222,85.204335
16368.413889,86.530274
16368.765833,85.214013
16368.915556,85.214013
16369.041944,84.69138
16369.568333,85.785038
16369.910278,80.645815
16370.161111,82.320176
16370.440556,83.723542
16370.764167,81.836256
16371.020833,80.49096
16371.288056,79.677976
16371.567222,80.800669
16371.884444,79.358589
16372.1575,78.806921
16372.418333,80.152217
16372.788056,78.545605
16373.0225,78.187504
16373.245556,77.771334
16373.496944,79.184378
16373.848056,79.319875
16374.085278,79.455373
16374.353889,78.584318
16374.7375,78.661745
16374.988611,79.087594
16375.246944,78.93274
16375.501944,81.303945
16375.848333,80.703885
16376.100833,80.413533
16376.340833,79.871544
16376.646111,81.100699
16376.926389,80.626458
16377.163889,81.042628
16377.433611,83.481582
16377.780833,81.962075
16378.0425,81.362015
16378.302222,80.849061
16378.576667,82.523422
16378.862778,81.042628
16379.109167,80.907131
16379.383333,81.303945
16379.702778,80.539352
16379.960278,79.910257
16380.218611,79.8909
16380.489167,84.042928
16380.845,80.297393
16381.412222,81.623332
16381.739167,81.623332
16381.782222,80.461925
16381.993611,80.123182
16382.287222,80.161895
16382.588611,82.958949
16382.889167,81.187804
16383.854722,83.481582
16384.117222,83.036376
16384.314444,83.471904
16384.825556,82.736346
16385.087778,82.465351
16385.349722,82.571814
16385.782222,82.571814
16385.964722,83.200909
16386.470833,85.020446
16386.805,82.77506
16387.065556,82.678276
16387.319722,82.455673
16387.969722,83.37512
16388.225278,82.349211
16388.485833,84.459099
16388.844444,82.010467
16389.087222,82.049181
16389.371111,81.87497
16389.712222,82.929914
16389.971944,82.445995
16390.199167,81.971754
16390.448889,83.046055
16390.805556,81.149091
16391.076111,80.37482
16391.345278,80.07479
16391.741111,79.416659
16391.984444,79.261805
16392.208611,78.555283
16392.470278,79.503765
16392.7925,77.955223
16393.103611,79.716689
16393.920556,79.048881
16394.085556,81.129734
16394.705833,80.965201
16395.235278,80.403855
16395.507778,81.439442
16395.818333,80.036076
16396.085278,80.394176
16396.360556,80.19093
16396.643056,81.555583
16396.991111,81.255553
16397.241667,80.955523
16397.436667,81.507191
16397.750833,80.442568
16398.003333,80.297393
16398.24,80.278036
16398.510278,81.913683
16398.76,81.913683
16398.818611,81.671724
16399.082222,81.265231
16399.315,80.994236
16399.586389,82.397603
16399.881944,81.207161
16400.136111,81.913683
16400.398333,82.407281
16400.731944,82.794417
16400.975556,82.281462
16401.194444,82.039502
16401.483889,84.323602
16401.840556,82.997663
16402.115278,82.784738
16402.362778,82.629884
16402.741944,81.720116
16402.790278,81.720116
16403.0175,81.313623
16403.302778,81.323302
16403.5925,83.384798
16403.9475,81.487834
16404.201389,81.362015
16404.415556,81.913683
16404.768333,81.178126
16405.033056,81.120056
16405.303056,81.420086
16405.576944,83.423512
16405.931667,82.107251
16406.183611,81.023272
16406.380833,81.33298
16406.736944,81.778186
16406.997222,81.449121
16407.47,83.452547
16407.850833,80.897453
16408.384444,81.362015
16408.726111,78.961775
16408.969444,78.748851
16409.13,78.177826
16409.312778,78.245575
16409.693333,80.036076
16410.017222,79.23277
16410.283333,79.513443
16410.5275,81.894326
16410.874722,80.578066
16411.129722,80.307071
16411.386944,79.377946
16411.711389,80.19093
16411.9625,79.939292
16412.210278,79.59087
16412.510278,81.845935
16412.879444,79.919936
16413.134722,79.039202
16413.364444,78.826278
16413.648333,79.484408
16413.980833,78.903705
16414.254722,79.852187
16414.499444,81.555583
16414.862778,79.368267
16415.104444,79.019845
16415.378056,78.758529
16415.647222,79.1747
16415.894444,78.748851
16416.130556,78.187504
16416.400833,78.148791
16416.751667,77.742298
16417.014444,77.480982
16417.516111,79.039202
16417.835,77.645515
16418.09,77.664871
16418.345,76.619605
16418.625833,78.129434
16418.935833,77.035776
16419.186389,76.571214
16419.773333,77.510017
16420.038889,77.151917
16420.298889,77.277736
16420.552222,78.506891
16420.874167,77.548731
16421.142778,77.79069
16421.395556,77.887474
16421.731111,78.719815
16421.916667,77.761655
16422.170278,77.113203
16422.444167,77.655193
16422.778056,77.877796
16422.975556,77.800369
16423.199167,77.684228
16423.400556,77.626158
16423.749722,78.013293
16423.998611,77.722942
16424.233889,77.703585
16424.434722,78.613353
16424.740833,78.952097
16425.072778,78.758529
16425.338611,77.964901
16425.6325,79.59087
16425.938056,78.371394
16426.089444,78.429464
16426.347222,78.884348
16426.6475,80.539352
16426.969167,79.445695
16427.458611,79.523122
16428.069722,79.058559
16428.301389,78.710137
16428.539722,80.684528
16428.859167,78.758529
16429.110833,78.168147
16429.351944,77.955223
16429.598333,79.368267
16429.861111,78.555283
16430.127222,78.197183
16430.395556,78.284288
16430.758056,78.410107
16430.995556,77.693906
16431.249167,77.422912
16431.508056,79.319875
16431.858056,78.564961
16432.123889,78.081042
16432.402222,78.226218
16432.715833,78.371394
16432.966111,77.277736
16433.214444,77.993936
16433.465833,82.029824
16433.807778,81.449121
16434.289722,80.142538
16434.537778,82.300819
16434.910833,80.326428
16435.179444,79.552157
16435.435833,80.49096
16435.833333,78.884348
16436.088333,79.116629
16436.468889,79.610227
16436.808056,79.716689
16437.363889,79.184378
16437.647778,80.016719
16437.943889,79.126308
16438.209722,78.87467
16438.435556,80.084468
16438.783333,80.752277
16439.025278,79.871544
16439.291667,78.748851
16439.546111,80.113503
16439.9925,78.913383
16440.491667,79.83283
16440.977778,79.300519
16440.978056,79.300519
16441.068333,79.300519
16441.536667,79.300519
16441.853889,78.168147
16442.124167,78.555283
16442.733611,79.948971
16442.966944,78.797243
16443.232222,78.022972
16443.506111,78.826278
16443.798889,79.126308
16444.042222,78.564961
16444.305,78.003615
16444.574167,78.942418
16444.868056,77.829404
16445.095,77.829404
16445.097778,77.645515
16445.3625,77.103525
16446.058056,77.916509
16446.604444,79.455373
16446.932778,78.342358
16447.170278,78.09072
16447.401944,79.581192
16447.751667,80.123182
16447.991944,79.765081
16448.245556,78.623032
16448.511111,79.978006
16448.875278,79.639262
16449.108611,80.897453
16449.380278,80.258679
16449.643611,80.394176
16449.986111,79.048881
16450.238889,79.106951
16450.529444,80.278036
16451.353889,78.952097
16451.720833,78.835956
16452.013333,78.642388
16452.555278,79.929614
16452.896111,78.855313
16453.158333,79.048881
16454.07,78.961775
16454.597778,81.071664
16454.928056,79.978006
16455.169444,78.777886
16455.7725,79.23277
16456.023056,78.855313
16456.292778,79.561835
16456.781944,79.203735
16457.049167,78.923062
16457.330278,78.942418
16457.704444,80.587744
16457.747222,80.587744
16457.966944,80.916809
16458.229444,80.481282
16458.489722,82.126608
16458.780278,79.813473
16459.005556,79.455373
16459.265278,79.097273
16459.549722,81.100699
16460.173056,79.106951
16460.369444,79.068237
16460.719444,79.310197
16460.995,78.884348
16461.210278,78.584318
16461.511944,81.33298
16461.845278,81.33298
16461.848056,79.213413
16462.129444,77.984258
16462.455556,79.648941
16462.803333,78.593996
16463.154722,78.148791
16463.416667,79.23277
16463.747778,77.800369
16464.035278,77.587444
16464.295,76.803495
16464.57,78.148791
16465.016111,74.800069
16465.326111,77.026098
16465.6325,77.693906
16465.939444,73.445094
16466.489444,74.645214
16466.801667,73.648341
16467.049167,74.025798
16467.315,73.648341
16467.580556,74.964601
16467.906944,74.238722
16468.174444,73.899979
16468.429167,74.896853
16468.743333,75.03235
16469.029167,74.267757
16469.314444,76.609927
16469.566944,79.068237
16469.8825,77.026098
16470.171111,76.813173
16470.388333,76.948671
16470.709722,77.43259
16470.975556,77.510017
16471.213611,76.309897
16472.051389,80.529674
16472.298333,80.084468
16472.568889,80.694206
16472.880278,82.010467
16473.153056,81.69108
16473.415,81.778186
16473.735833,82.194356
16473.971111,81.671724
16474.0125,81.671724
16474.190278,81.458799
16474.461944,82.000789
16475.09,79.445695
16475.577222,80.955523
16475.939722,79.47473
16476.175,79.010167
16476.422222,79.997363
16476.801389,79.029524
16477.497222,80.355463
16478.025278,80.355463
16478.143611,78.855313
16478.510833,79.387624
16478.86,79.145665
16479.139167,78.952097
16479.320833,78.63271
16479.585,78.903705
16480.251389,78.042328
16480.509167,79.600549
16480.892778,78.777886
16481.796944,78.63271
16482.359167,78.952097
16482.647222,79.794116
16482.969167,78.555283
16483.221389,78.545605
16483.501944,79.194056
16483.880278,78.313323
16484.148611,78.642388
16484.382222,78.787564
16484.753611,78.603675
16485.043333,78.187504
16485.312222,78.148791
16485.580556,78.93274
16485.862778,78.303645
16486.11,76.387324
16486.393333,76.47443
16486.755,76.571214
16487.011111,76.096973
16487.3975,78.458499
16487.810278,78.381072
16487.851111,78.381072
16488.158889,78.022972
16488.805833,77.539052
16488.962222,77.539052
16489.097778,77.529374
16489.098056,77.529374
16489.589444,78.303645
16489.924722,77.326128
16490.193889,77.248701
16490.888333,78.700459
16491.179444,82.320176
16491.451389,82.968627
16491.785833,85.804395
16492.067778,83.984858
16492.345556,83.529974
16492.645,84.430064
16492.992222,83.404155
16493.250278,83.065411
16493.563056,83.036376
16493.918056,83.394477
16494.186389,83.268657
16494.456944,84.09132
16494.777778,85.020446
16495.058333,85.243048
16495.321667,84.63331
16496.19,86.694807
16496.4525,87.488434
16496.773333,86.67545
16497.038056,84.913983
16497.308333,84.730094
16497.575,84.730094
16497.585,86.07539
16497.910833,85.494687
16498.176667,85.107551
16498.429722,84.342958
16498.646389,84.342958
16498.8025,82.958949
16499.342222,81.584618
16499.630556,82.300819
16499.943611,81.768507
16500.224167,81.507191
16500.830278,80.965201
16501.0575,80.926488
16501.305556,80.887774
16501.968889,82.23307
16502.257778,81.410407
16502.525278,82.668597
16502.914722,80.887774
16503.203611,81.720116
16503.466111,82.77506
16503.81,82.600849
16504.109167,81.836256
16504.366944,80.37482
16504.641389,81.27491
16505.256111,80.394176
16505.53,81.720116
16505.863611,80.500639
16506.799444,79.552157
16507.078333,79.000489
16507.368333,78.623032
16507.535278,78.623032
16507.638056,79.484408
16507.954722,78.042328
16508.235,78.071364
16508.486944,79.058559
16508.731944,79.058559
16508.8675,78.264931
16509.115278,77.761655
16509.388333,77.945545
16509.714722,77.993936
16509.9925,77.384198
16510.244722,77.645515
16510.537222,78.63271
16510.939167,77.519695
16511.210278,77.035776
16511.46,77.451947
16511.771944,77.684228
16512.067222,77.248701
16512.330833,77.142238
16512.635556,77.819725
16513.031389,77.219665
16513.528889,77.316449
16514.221944,77.142238
16514.525278,77.510017
16514.956389,77.800369
16515.235556,77.539052
16515.475833,79.097273
16515.843889,79.571514
16516.119722,78.27461
16516.381111,79.629584
16516.638056,81.207161
16516.995833,79.281162
16517.247778,79.019845
16517.544167,79.406981
16517.785,79.406981
16517.928333,76.261505
16518.183056,75.671124
16518.472222,77.084168
16518.779167,78.710137
16518.835278,78.710137
16519.051111,78.458499
16519.276111,76.822852
16519.54,76.47443
16519.899444,76.47443
16520.471111,77.451947
16520.756667,76.416359
16521.010556,76.309897
16521.288889,76.47443
16521.903333,75.99051
16522.157222,75.971154
16522.441389,77.335806
16522.7675,77.297093
16523.016944,76.155043
16523.270833,76.377646
16523.5675,77.616479
16523.901944,76.764781
16524.15,77.093846
16524.700833,76.716389
16525.204444,76.145364
16525.490278,76.1744
16525.831667,76.83253
16526.085278,76.542178
16526.343333,76.484108
16526.599444,77.093846
16526.928889,76.571214
16527.19,76.600249
16527.438889,77.645515
16527.479444,77.645515
16527.769444,77.839082
16528.061389,77.422912
16528.304444,77.297093
16528.517778,77.297093
16528.520833,77.616479
16528.868056,76.958349
16528.909722,76.658319
16529.449722,77.364841
16529.7625,77.519695
16529.848611,77.945545
16529.958889,76.764781
16530.213333,77.142238
16530.503889,77.703585
16530.814167,77.664871
16531.079722,77.655193
16531.341944,77.897153
16531.637222,78.177826
16531.968611,77.171274
16532.236944,77.035776
16532.5025,77.219665
16532.830278,77.655193
16533.093611,77.045455
16533.358889,76.861565
16533.714167,77.209987
16534.001667,76.600249
16534.245833,76.764781
16534.52,77.693906
16534.826389,77.577766
16535.108611,76.542178
16535.383889,76.580892
16535.938611,76.145364
16536.174167,76.309897
16536.721667,76.648641
16537.038333,77.13256
16537.136111,77.13256
16537.544167,77.897153
16537.879167,79.184378
16538.0625,78.216539
16538.2225,78.216539
16538.326111,78.593996
16538.594167,78.497213
16538.921944,78.245575
16539.171389,77.829404
16539.448611,78.255253
16539.645,81.27491
16539.982778,79.203735
16540.505833,78.245575
16540.835,78.845635
16541.12,77.829404
16541.406667,78.63271
16541.709722,79.697333
16542.007222,79.281162
16542.241389,78.923062
16542.498889,80.607101
16542.818333,80.820026
16543.101944,80.065111
16543.464444,81.284588
16543.849444,81.671724
16544.095556,81.720116
16544.638056,80.878096
16545.249722,79.145665
16545.501111,79.648941
16545.834444,79.068237
16546.595278,77.655193
16546.845278,77.655193
16547.181111,77.084168
16547.429444,77.287414
16547.732222,77.316449
16547.937222,77.316449
16548.041944,76.387324
16548.514444,76.435716
16548.8275,75.971154
16549.093889,75.216239
16549.356111,75.254953
16549.598889,75.593696
16550.591111,75.216239
16550.931944,74.858139
16551.195,74.625858
16551.761111,76.813173
16552.122778,75.371094
16552.378611,76.348611
16552.636389,76.251827
16553.004444,75.613053
16553.220833,78.168147
16553.498333,78.826278
16554.389444,80.403855
16554.625833,80.761955
16555.291667,80.249001
16555.853611,80.37482
16555.907222,80.568387
16555.991389,79.542478
16556.206667,80.519996
16556.788056,81.120056
16557.056667,81.071664
16557.324444,81.303945
16557.588889,83.704185
16558.206389,82.581492
16558.487222,83.220266
16558.796389,83.636436
16559.056111,82.658919
16559.330833,82.765381
16559.561389,82.687954
16559.938611,82.678276
16560.199444,81.603975
16560.426111,82.697633
16560.7325,83.229944
16561.046944,82.929914
16561.513889,82.939592
16561.831111,82.929914
16562.126389,83.152517
16562.404722,83.181552
16562.725833,84.042928
16563.010278,83.220266
16563.268889,83.568687
16563.540556,85.059159
16563.837778,84.536526
16564.104444,85.039802
16564.345556,82.436316
16564.609167,83.694507
16564.941667,82.784738
16565.205,81.178126
16565.472778,82.329854
16565.810556,82.8912
16566.076667,78.293966
16566.340278,77.848761
16566.624444,79.445695
16566.948611,78.729494
16567.208611,78.487534
16567.460278,79.019845
16567.783056,78.845635
16568.048611,78.371394
16568.283333,78.09072
16568.495,78.584318
16568.870833,77.577766
16569.139444,76.706711
16569.374722,76.571214
16569.581944,79.310197
16570.118056,81.323302
16570.383333,81.149091
16570.6425,81.342658
16570.962778,81.962075
16571.515,83.239622
16571.780833,82.736346
16572.075,81.603975
16572.326389,82.262105
16572.56,82.900879
16572.863056,83.442868
16573.139722,82.755703
16573.721111,82.649241
16574.009167,82.068537
16574.269444,84.836556
16574.504167,84.430064
16574.780278,84.478456
16575.085,83.655793
16575.345,84.265531
16575.625278,84.381672
16576.236944,85.030124
16576.495556,85.107551
16576.800833,84.555883
16577.052222,84.052607
16577.310833,85.136586
16577.554167,86.714163
16577.878333,87.169048
16578.100278,87.03355
16578.370556,86.849661
16578.6325,86.520596
16578.994167,86.73352
16579.265278,86.43349
16579.518611,86.43349
16579.527222,86.985158
16579.808611,87.062585
16580.089444,86.627058
16580.331389,86.646415
16580.544722,86.646415
16580.571667,86.462525
16580.935556,86.520596
16581.171667,85.59147
16581.440833,86.114103
16581.752778,86.143138
16582.068611,85.572114
16582.298611,85.785038
16582.543333,86.017319
16582.864722,86.026998
16583.155,85.717289
16583.416944,86.13346
16583.718611,85.920536
16584.013056,85.426938
16584.277222,85.717289
16584.548611,85.514043
16585.040833,85.630184
16585.708611,85.5334
16586.075556,85.620506
16586.623333,86.723842
16586.978333,86.268958
16587.169722,86.036676
16587.429722,86.510917
16587.781389,88.204635
16588.097222,87.169048
16588.369167,90.750051
16588.639444,88.669198
16588.965,87.478756
16589.241667,87.294867
16589.501667,86.917409
16589.824167,88.543378
16590.117778,88.194957
16590.386111,87.923962
16590.713056,87.527148
16591.000556,87.885248
16591.235,87.169048
16591.488333,87.27551
16591.785278,88.301419
16592.054444,87.381972
16592.293056,87.807821
16592.556944,87.052907
16592.873056,87.110977
16593.138889,86.723842
16593.395278,87.401329
16593.721944,87.227118
16594.018611,87.362615
16594.280833,87.372294
16594.573889,87.178726
16594.890278,87.381972
16595.165556,87.110977
16595.412222,87.63361
16595.639722,87.294867
16595.991667,87.381972
16596.221389,86.859339
16596.494444,86.97548
16596.818333,86.965801
16597.144722,86.627058
16597.397778,87.110977
16597.644444,86.617379
16597.999167,86.49156
16598.245278,86.210887
16598.502778,86.549631
16598.805833,87.023872
16599.094722,86.423812
16599.790278,87.217439
16600.082222,86.559309
16600.334167,89.646715
16600.780833,89.627358
16600.93,89.598323
16601.191389,88.77566
16601.4225,89.288614
16601.727778,89.046655
16602.042222,89.608001
16602.301667,89.646715
16602.575278,89.414433
16602.876389,89.404755
16603.131944,88.853087
16603.403889,89.114403
16603.746389,88.659519
16604.0325,89.027298
16604.342222,89.19183
16604.840833,88.736946
16605.133333,88.282062
16605.398333,88.543378
16605.641667,88.417559
16606.003333,88.620806
16606.281667,88.436916
16606.543056,88.272384
16606.789722,88.29174
16607.08,87.894927
16607.588889,88.340132
16607.920278,88.417559
16608.201667,87.652967
16608.461667,87.99171
16609.099444,88.1756
16609.603333,88.494987
16610.505833,88.524022
16610.796389,88.814373
16611.896944,89.37572
16612.169167,89.37572
16612.216389,88.77566
16612.4275,89.414433
16612.712222,89.995137
16613.180278,89.995137
16613.295556,90.808121
16613.551667,90.924262
16613.838333,91.146865
16614.146111,90.566161
16615.053333,91.301719
16615.318056,91.640462
16615.607778,91.166221
16615.9525,93.353537
16616.221111,91.853387
16616.501667,92.317949
16616.818056,91.011367
16617.126111,90.837156
16617.391667,91.485608
16617.730833,92.017919
16618.041667,91.272684
16618.600556,90.004815
16618.938056,89.782212
16619.247778,89.356363
16619.531389,89.695107
16619.843889,89.811247
16620.110833,89.317649
16620.340278,89.917709
16620.575556,89.782212
16620.899444,90.93394
16621.199722,90.556483
16621.451389,90.827478
16621.725833,90.556483
16622.014722,90.895227
16622.853889,90.798443
16623.1525,91.253327
16623.761111,90.943619
16624.312778,90.982332
16624.546944,90.498413
16624.866389,90.188704
16625.163889,92.743799
16625.454444,90.701659
16625.818333,90.450021
16626.066389,91.108151
16626.29,92.105025
16626.907222,86.394777
16627.140278,90.03385
16627.401944,89.240222
16627.740833,89.501539
16628.177222,89.588644
16628.465278,88.83373
16628.78,89.017619
16629.240833,89.346685
16629.495556,89.07569
16629.828611,88.843408
16630.078333,88.872444
16630.585556,88.562735
16630.9425,88.707911
16631.469444,88.107851
16631.823889,88.069138
16632.070278,88.669198
16632.312222,88.330454
16632.571111,88.078816
16633.008056,87.672324
16633.4,88.282062
16633.720833,88.765981
16633.9925,87.982032
16634.226389,88.049781
16634.485,87.923962
16634.804444,88.340132
16635.0675,88.485308
16635.330833,88.340132
16635.585833,87.836856
16635.919444,87.798143
16636.183611,88.494987
16636.422778,88.301419
16636.751389,87.827178
16637.002778,88.127208
16637.241111,88.872444
16637.500833,88.814373
16637.816944,88.911157
16638.054722,88.504665
16638.345833,88.543378
16638.577222,88.707911
16638.920556,88.940192
16639.158611,89.220866
16639.428333,88.785338
16639.749722,89.211187
16639.95,89.017619
16640.471667,89.520896
16640.753611,89.859639
16641.026389,89.608001
16641.196111,90.149991
16641.246944,90.004815
16641.510833,90.053207
16642.066111,90.972654
16642.316111,91.388824
16642.544444,90.372594
16642.861944,90.672624
16643.118056,91.59207
16643.345278,90.904905
16643.619167,90.904905
16643.904167,89.743499
16644.178333,90.411307
16644.412222,90.014493
16644.714167,89.79189
16645.011111,89.79189
16645.015556,89.67575
16645.236111,89.849961
16645.487222,89.772534
16645.823611,90.004815
16646.063611,90.004815
16646.086111,89.656393
16646.288333,89.627358
16646.550833,88.998263
16646.875,89.027298
16647.135556,89.878996
16647.397222,89.598323
16647.722222,89.685428
16647.991111,89.278936
16648.260278,89.946745
16648.493333,89.898353
16649.1325,90.730694
16649.375,90.169348
16649.627778,90.614553
16649.958889,90.372594
16650.195833,91.127508
16650.413889,90.09192
16650.643889,90.459699
16651.250556,90.353237
16651.488611,89.753177
16651.809722,89.685428
16652.058611,89.646715
16652.315556,89.666071
16652.574444,89.782212
16652.888889,89.095047
16653.156944,89.530574
16653.423056,89.49186
16653.754167,89.927388
16654.0275,90.03385
16654.278611,89.995137
16654.479167,89.424112
16654.818056,89.859639
16655.093611,89.307971
16655.387778,89.530574
16655.645,89.288614
16655.953056,89.066011
16656.21,89.646715
16656.471389,89.211187
16656.708889,89.801569
16657.039722,89.472504
16657.514167,89.43379
16657.845556,89.811247
16658.076111,90.769408
16658.613056,90.779086
16658.9225,89.830604
16659.185,90.730694
16659.764444,90.711337
16660.035833,90.817799
16660.304444,91.756603
16660.555556,90.721016
16660.893056,92.163095
16661.148333,91.582392
16661.75,90.817799
16662.030833,91.166221
16662.278889,91.224292
16662.536389,89.859639
16662.856389,92.559909
16663.092222,92.463125
16663.372778,91.979206
16663.623333,92.656693
16663.922222,91.853387
16664.181667,91.640462
16664.437222,90.595197
16664.733056,91.079116
16664.985,90.237096
16665.256944,90.430664
16665.496111,90.517769
16665.768889,90.953297
16666.037222,89.840282
16666.2925,90.430664
16666.541944,89.956423
16666.863889,89.888674
16667.113889,89.520896
16667.369444,89.695107
16667.626667,89.985458
16668.219722,89.404755
16668.499722,88.920836
16668.798889,88.8918
16669.058889,88.620806
16669.318056,88.814373
16669.548889,88.446595
16669.853056,88.494987
16670.067222,88.882122
16670.549722,89.211187
16670.856667,89.211187
16671.063889,89.036976
16671.6125,90.227418
16671.987222,89.298293
16672.266389,90.227418
16672.527222,90.266131
16672.836111,90.508091
16673.091667,90.63391
16673.618333,90.798443
16673.963889,90.159669
16674.247222,90.537126
16674.497222,89.753177
16674.813056,89.966101
16675.3125,89.917709
16675.885556,88.214313
16676.154444,88.485308
16676.515,87.943318
16676.834444,88.843408
16677.099722,88.659519
16677.347778,88.078816
16677.596111,88.078816
16677.966389,87.749751
16678.212222,88.243348
16678.704444,88.243348
16678.803889,87.488434
16679.076389,86.956123
16679.624167,87.99171
16679.925,87.488434
16680.165,88.098173
16680.4275,88.23367
16680.7275,88.853087
16681.024444,88.882122
16681.523611,88.698233
16681.815556,89.530574
16682.0825,91.185578
16682.5975,89.97578
16682.905,90.208061
16683.1825,89.946745
16683.420833,89.820926
16683.749722,90.662945
16684.069722,90.488734
16684.342222,91.224292
16684.593889,88.649841
16684.918333,89.230544
16685.175278,89.598323
16685.433611,89.608001
16685.751389,90.295167
16686.058889,89.182152
16686.303056,89.878996
16686.535556,89.19183
16686.874167,88.930514
16687.155278,88.514343
16687.415556,88.165921
16687.751667,88.040102
16688.299722,87.788464
16688.565833,87.33358
16688.887778,87.623932
16689.166944,89.19183
16689.426389,88.843408
16689.741667,89.114403
16690.333056,88.649841
16690.578333,88.553057
16690.917222,88.078816
16691.156667,87.99171
16691.446389,87.643288
16692.040278,87.614253
16692.236389,87.952997
16692.511667,87.807821
16692.851944,87.749751
16693.175,87.836856
16693.457778,87.546505
16693.7475,87.798143
16694.047778,87.682002
16694.325,88.078816
16694.580556,88.156243
16694.885278,88.204635
16695.148611,88.59177
16695.434167,88.514343
16695.743333,89.37572
16696.026111,88.843408
16696.276389,88.843408
16696.539444,88.843408
16697.13,89.220866
16697.648611,88.59177
16698.019444,88.620806
16698.2875,88.485308
16698.559722,88.436916
16699.369722,87.865891
16699.602222,87.923962
16699.892222,88.436916
16700.173889,87.817499
16700.417222,87.682002
16701.057222,87.788464
16701.321389,88.059459
16701.589722,87.827178
16701.958333,87.643288
16702.477778,87.856213
16703.061944,87.478756
16703.331667,85.1753
16703.565833,85.1753
16704.1675,85.1753
16704.4225,85.272084
16704.73,85.930214
16705.099444,86.201209
16705.584722,85.717289
16706.183056,86.356063
16706.444167,86.510917
16706.7525,86.985158
16707.054722,86.104425
16707.333611,86.172174
16707.605,86.404455
16707.951389,87.246475
16708.221389,86.830304
16708.481389,87.120656
16708.779444,87.159369
16709.055556,87.159369
16709.322778,87.023872
16709.5875,87.527148
16709.878611,87.527148
16709.911111,87.952997
16710.170833,87.236796
16710.435833,87.488434
16710.749444,90.295167
16710.909167,90.295167
16711.017778,89.201509
16711.281667,89.104725
16711.563056,89.249901
16711.878889,88.824052
16712.158611,88.369168
16712.417222,87.052907
16712.747222,87.63361
16713.025833,86.839982
16713.274167,87.043228
16713.5325,87.149691
16713.855556,86.462525
16714.124722,86.49156
16714.640556,86.365741
16714.970278,86.162495
16715.236944,85.949571
16715.503889,85.978606
16715.815833,86.13346
16716.326389,85.949571
16716.591667,86.181852
16716.903611,85.920536
16717.136111,86.094747
16717.393333,86.19153
16717.720833,86.656093
16718.336111,86.259279
16718.605556,86.43349
16718.960278,86.356063
16719.198889,86.414133
16719.4575,86.172174
16719.766944,86.404455
16720.076389,86.278636
16720.315556,86.239922
16720.590833,86.404455
16720.880278,86.162495
16721.164167,86.230244
16721.401667,86.239922
16721.732222,83.665471
16722.052222,83.481582
16722.326667,83.481582
16722.587778,83.752577
16722.936667,83.442868
16723.254167,83.646115
16723.483333,83.588044
16723.802778,83.065411
16724.068611,82.929914
16724.324722,82.716989
16724.58,82.900879
16724.930278,82.175
16725.201944,82.368567
16725.478333,85.620506
16725.836944,85.688254
16726.084167,85.088194
16726.381111,84.478456
16726.64,84.604275
16726.980833,84.652667
16727.224722,84.701059
16727.451667,84.420386
16727.743333,84.672024
16728.048333,84.03325
16728.301944,83.510617
16728.583611,83.520296
16729.035556,83.568687
16729.278889,83.171874
16729.574444,82.852487
16730.135,79.465051
16730.405,77.345485
16730.765278,79.010167
16731.041667,78.468177
16731.303889,77.984258
16731.553611,78.100399
16731.8575,82.5331
16732.143333,81.981432
16732.408056,81.729794
16732.705556,81.681402
16732.990556,81.478156
16733.2325,81.555583
16733.481944,82.329854
16733.795,82.281462
16734.093056,82.939592
16734.353056,83.113803
16734.615833,82.83313
16734.960833,84.197783
16735.224167,84.720416
16735.479722,83.07509
16735.796389,84.004215
16736.079444,87.014193
16736.343333,87.159369
16736.615,86.578666
16736.977778,86.327028
16737.228333,86.065711
16737.469722,86.13346
16737.782778,86.085068
16738.06,85.901179
16738.313056,86.898053
16738.570833,86.568988
16738.8775,86.501239
16739.179722,86.404455
16739.430556,86.578666
16740.0225,87.720716
16740.283611,87.343258
16740.721389,87.381972
16741.045278,87.556183
16741.296667,87.488434
16741.568611,88.47563
16741.960833,88.669198
16742.190833,88.582092
16742.431389,88.959549
16742.565556,88.959549
16742.743889,91.069438
16743.069722,91.282362
16743.409167,90.769408
16743.581111,90.769408
16744.046111,90.595197
16744.2975,90.420986
16744.553333,90.711337
16744.819167,90.595197
16745.368056,90.856513
16745.5925,90.962975
16745.895278,90.401629
16746.411389,90.430664
16746.716667,90.788764
16747.023333,90.808121
16747.278889,90.943619
16747.528333,90.982332
16747.785556,90.27581
16748.0875,89.772534
16748.295278,89.927388
16748.550278,90.237096
16748.808056,90.208061
16749.228333,90.09192
16749.543889,89.869318
16749.891944,89.559609
16750.170556,88.504665
16750.409167,88.320776
16750.709444,88.611127
16751.004722,88.969228
16751.270278,88.824052
16751.529444,88.669198
16751.793889,88.524022
16752.088056,88.427238
16752.333056,88.562735
16752.820278,88.601449
16753.005556,88.843408
16753.609722,88.611127
16753.933333,88.862765
16754.146944,89.249901
16754.405278,89.046655
16754.725,88.920836
16754.992222,88.204635
16755.260556,88.5337
16755.535556,88.611127
16755.814167,88.843408
16756.145556,88.882122
16756.471111,85.47533
16757.075556,89.801569
16757.33,89.743499
16757.586111,89.685428
16757.9025,89.772534
16758.1875,90.537126
16758.435556,90.682302
16758.736111,90.711337
16759.055556,91.359789
16759.308333,90.450021
16759.506944,90.498413
16759.81,90.450021
16760.101944,90.508091
16760.356389,90.982332
16760.633611,91.621106
16760.973611,90.779086
16761.244444,91.127508
16761.487222,85.049481
16761.798333,84.371994
16762.043056,84.894627
16762.235,84.507491
16762.4875,84.584918
16762.836111,84.323602
16763.119444,84.313923
16763.356111,83.820326
16763.598889,83.946145
16763.926111,83.394477
16764.172222,83.268657
16764.468333,83.220266
16765.347778,85.59147
16765.574722,85.368867
16765.923611,85.465651
16766.202778,85.426938
16766.526944,86.094747
16766.849167,86.656093
16767.061944,86.297993
16767.318056,83.694507
16767.583611,84.623632
16767.894444,83.888074
16768.165278,84.304245
16768.455833,84.507491
16768.7675,84.226818
16769.057778,83.694507
16769.5675,83.936466
16769.871667,83.297693
16770.178333,83.859039
16770.443889,84.130034
16770.731944,84.042928
16771.016111,83.384798
16771.285278,83.007341
16771.530278,83.084768
16771.846667,83.481582
16772.152222,83.026698
16772.391111,83.142838
16772.736111,83.07509
16773.020833,82.165321
16773.263889,82.562135
16773.531944,82.910557
16773.884444,82.600849
16774.183889,82.358889
16774.431111,81.894326
16774.745556,81.758829
16775.075556,82.058859
16775.241667,82.058859
16775.338611,82.213713
16775.8875,81.855613
16776.158056,80.878096
16776.323333,80.878096
16776.434167,80.955523
16776.741667,80.849061
16777.051111,80.926488
16777.647778,81.39105
16778.253333,82.455673
16778.534444,83.617079
16778.9525,83.210587
16779.239167,83.549331
16779.5075,82.145965
16780.128889,81.836256
16780.586944,82.707311
16780.856944,82.484708
16781.166111,81.681402
16781.423056,81.942718
16781.814722,82.194356
16782.232778,82.968627
16782.511944,82.77506
16782.834722,82.929914
16783.413611,82.252427
16783.761944,81.913683
16784.0575,82.629884
16784.325,82.358889
16784.549722,82.978306
16784.863611,82.842808
16785.153889,82.116929
16785.405,82.020146
16785.729722,81.526548
16786.046667,82.445995
16786.33,81.042628
16786.582222,80.907131
16786.923333,81.207161
16787.148611,83.007341
16787.408611,82.949271
16787.735,83.413833
16788.068056,84.139712
16788.328333,84.401029
16788.527222,84.110677
16788.800556,84.110677
16789.422778,85.47533
16789.742778,85.843108
16790.047222,86.046355
16790.321111,83.539652
16790.560833,82.987984
16790.929722,84.33328
16791.201111,83.936466
16791.47,83.800969
16791.794444,83.694507
16792.083611,84.681702
16792.354444,83.984858
16792.592222,84.536526
16793.194444,85.339832
16793.4225,84.188104
16793.759444,83.849361
16794.065,84.381672
16794.423333,84.27521
16794.810278,84.323602
16795.150556,84.052607
16795.429722,83.539652
16795.731667,83.500939
16796.020833,84.062285
16796.930556,87.130334
16797.214444,86.210887
16797.467222,84.110677
16797.798056,84.27521
16798.045833,84.904305
16798.295278,84.381672
16798.562778,84.265531
16799.325,83.907431
16799.585,83.907431
16799.951944,85.030124
16800.231944,84.120356
16800.491111,84.013893
16800.805,82.83313
16801.010278,84.062285
16801.597778,83.955823
16802.259722,82.910557
16802.815833,81.613653
16803.093333,81.758829
16803.634444,82.465351
16803.98,82.736346
16804.260833,82.281462
16804.539722,82.339532
16804.893056,83.43319
16805.168333,83.355763
16805.4325,82.600849
16805.7125,83.055733
16806.031667,81.904005
16806.293056,82.136286
16806.837778,82.794417
16807.085833,82.407281
16807.385833,82.784738
16807.635833,82.649241
16807.8875,82.649241
16807.98,83.878396
16808.247778,84.265531
16808.488889,84.662345
16808.974444,84.662345
16809.111944,85.717289
16809.360278,84.981732
16809.626667,84.63331
16809.978611,85.59147
16810.256111,85.397903
16810.531389,85.455973
16810.879722,85.785038
16811.794167,80.336106
16812.078611,79.968327
16812.589444,78.57464
16812.928056,79.755403
16813.219722,79.8909
16813.515,79.571514
16813.855556,79.852187
16814.153611,81.061985
16814.455278,78.729494
16814.783889,79.755403
16815.042222,79.397303
16815.265,78.371394
16815.518056,79.116629
16815.840833,83.007341
16816.096111,83.588044
16816.344444,81.894326
16816.613889,81.178126
16816.958889,81.778186
16817.219444,81.371694
16817.491667,81.294266
16817.796111,81.149091
16818.0925,81.284588
16818.342778,80.771634
16818.608611,80.413533
16818.966111,82.987984
16819.2075,81.952397
16819.488333,81.642688
16819.804167,81.642688
16820.133333,82.155643
16820.182778,81.603975
16820.785556,80.645815
16821.070278,80.849061
16821.416111,80.597423
16822.076667,80.916809
16822.361111,81.03295
16822.635556,80.858739
16822.965556,81.93304
16823.241944,80.67485
16823.480833,80.394176
16823.828889,80.752277
16824.118333,80.79099
16824.351389,80.636136
16824.646667,80.161895
16825.039722,80.568387
16825.534167,80.423212
16825.866111,80.519996
16826.161111,80.384498
16826.427222,80.287714
16826.746389,80.413533
16827.316944,80.49096
16827.556111,80.597423
16827.8975,80.878096
16828.154167,80.936166
16828.410278,80.645815
16828.732778,80.800669
16829.025,80.994236
16829.294444,81.09102
16829.549167,80.67485
16829.898056,81.362015
16830.179444,80.723242
16830.775833,80.500639
16831.052222,80.926488
16831.299167,80.636136
16831.565833,80.587744
16831.878333,81.410407
16832.174444,81.178126
16832.44,81.39105
16832.730833,81.255553
16833.303889,80.810347
16833.585,80.897453
16834.159444,81.816899
16834.420833,81.284588
16834.738333,80.761955
16835.363611,80.810347
16835.617222,80.336106
16835.876944,80.984558
16836.184444,80.636136
16836.463611,80.858739
16836.739444,80.897453
16837.309167,80.452247
16837.603333,80.287714
16837.945278,81.555583
16838.162778,80.79099
16838.417778,80.800669
16838.741944,80.73292
16839.591389,80.616779
16840.4575,82.078216
16840.734444,82.078216
16841.051111,83.036376
16841.331667,82.504065
16841.592222,82.310497
16841.7475,82.310497
16841.963056,83.568687
16842.174722,82.707311
16842.455556,82.039502
16842.783889,82.097573
16843.056111,82.020146
16843.3125,82.097573
16843.535,81.797543
16843.889444,81.816899
16844.145278,81.584618
16844.421944,81.536226
16844.766667,81.894326
16845.648056,81.27491
16845.965556,82.416959
16846.241111,81.855613
16847.136111,81.642688
16847.382222,81.681402
16847.714444,80.965201
16847.985278,81.458799
16848.206111,81.052307
16848.4975,80.965201
16848.793056,81.294266
16849.086389,81.284588
16849.520278,81.207161
16849.8225,81.313623
16850.1,81.439442
16850.3625,80.839382
16850.621667,80.907131
16850.982778,81.768507
16851.223333,81.110377
16851.49,81.410407
16852.111667,81.458799
16852.370833,79.871544
16852.604167,79.987684
16852.957778,80.849061
16853.238611,80.461925
16853.502778,80.839382
16853.814444,80.79099
16854.105556,81.884648
16854.355556,81.565261
16854.604722,80.529674
16855.216667,80.394176
16855.488889,80.655493
16856.120278,81.497513
16856.379722,80.878096
16856.629167,80.723242
16856.989444,80.936166
16857.237778,80.587744
16857.480556,80.916809
16857.804722,80.394176
16858.098889,80.558709
16858.359167,80.249001
16858.62,79.987684
16859.25,80.549031
16859.536667,80.365141
16859.841111,80.103825
16860.099444,79.426338
16860.348056,79.339232
16860.616667,79.261805
16860.973056,80.065111
16861.246667,79.310197
16861.536389,79.319875
16862.141667,81.555583
16862.418611,81.149091
16862.836667,82.000789
16863.183056,82.068537
16863.466944,80.97488
16863.886667,81.507191
16864.214722,80.936166
16864.503889,81.129734
16864.849444,82.136286
16865.148889,82.455673
16865.613889,81.197483
16865.945278,81.99111
16866.251944,81.207161
16866.493611,81.381372
16866.822222,81.487834
16867.459722,80.878096
16868.055556,81.158769
16868.335556,80.607101
16868.572778,80.210287
16868.894167,80.403855
16869.112778,80.229644
16869.359167,79.900579
16869.635556,79.677976
16869.965556,80.829704
16870.208056,80.558709
16870.476389,80.626458
16870.817778,80.452247
16871.104722,80.636136
16871.384167,80.055433
16871.612778,80.423212
16871.941111,80.73292
16872.245278,80.19093
16872.477778,79.852187
16872.813333,80.084468
16873.011667,80.326428
16873.642222,80.510317
16873.751111,80.510317
16874.001667,80.926488
16874.291111,80.616779
16874.571111,80.413533
16874.778611,80.413533
16874.893611,80.878096
16875.169444,81.042628
16875.736944,80.423212
16876.0275,80.868417
16876.293333,80.558709
16876.569167,80.219966
16877.166944,81.236196
16877.441944,80.771634
16877.780833,80.616779
16878.056111,81.487834
16878.336389,81.100699
16878.576111,81.052307
16878.856389,81.729794
16879.143889,82.658919
16879.413333,80.97488
16879.615,80.73292
16880.004444,81.594296
16880.293056,81.652367
16880.521389,81.352337
16881.155556,81.855613
16881.729722,81.265231
16881.983889,83.046055
16882.483889,81.439442
16882.8175,81.09102
16883.091389,81.458799
16883.296667,80.97488
16883.529167,80.752277
16883.833056,80.394176
16884.109722,81.284588
16884.352778,80.500639
16884.386667,80.500639
16884.606667,80.094146
16884.919722,80.907131
16885.170278,80.394176
16885.420278,80.394176
16885.452778,80.500639
16885.770833,80.123182
16886.309444,80.336106
16886.89,80.636136
16887.175556,80.829704
16887.434444,81.187804
16887.723611,80.558709
16887.956667,81.487834
16888.245556,81.362015
16888.514722,80.771634
16888.826667,81.381372
16889.120278,82.59117
16889.341667,81.836256
16889.650833,80.868417
16889.975278,81.710437
16890.248056,81.139412
16890.798611,81.071664
16891.062778,83.055733
16891.324444,81.236196
16891.577222,80.452247
16891.893889,80.955523
16892.159167,81.187804
16892.371389,80.839382
16892.608333,80.268357
16893.1725,80.229644
16893.42,80.442568
16893.7225,79.968327
16894.280833,80.800669
16894.868889,80.094146
16895.176667,79.978006
16895.394722,79.571514
16895.639722,79.252127
16895.975833,80.19093
16896.245833,79.726368
16896.463889,79.300519
16896.746944,78.787564
16897.066111,79.329554
16897.381667,79.019845
16897.625278,78.623032
16897.944722,79.581192
16898.256389,78.864991
16898.516111,78.497213
16898.794444,78.506891
16899.078333,79.619906
16899.335,79.068237
16899.588611,78.894026
16899.917222,79.068237
16900.152222,79.029524
16900.403333,78.526248
16900.713333,77.771334
16901.040833,79.465051
16901.309444,79.252127
16901.574722,78.255253
16901.898056,79.000489
16902.2125,78.913383
16902.470833,79.29084
16902.794722,78.293966
16903.075278,80.423212
16903.359167,79.077916
16903.622778,78.700459
16903.911667,79.716689
16904.187222,79.823152
16904.431944,79.406981
16904.774722,78.661745
16905.047222,79.126308
16905.461111,78.748851
16905.758611,77.461625
16906.298056,78.63271
16906.565556,77.877796
16906.853889,77.858439
16907.145833,78.013293
16907.410278,76.968027
16907.730833,76.842208
16907.968611,78.323002
16908.23,77.703585
16908.521389,76.600249
16909.130833,78.052007
16909.378056,77.635836
16909.732222,77.810047
16909.984444,78.57464
16910.274444,77.887474
16910.561944,77.451947
16910.795278,77.935866
16911.043889,79.329554
16911.2875,78.923062
16911.8925,78.545605
16912.192222,78.961775
16912.470833,77.384198
16912.770278,79.387624
16913.04,79.861865
16913.626667,79.552157
16913.953611,80.558709
16914.253333,79.823152
16914.468333,79.261805
16914.780556,78.555283
16915.066389,79.910257
16915.360278,80.026398
16915.633611,79.097273
16915.975833,79.852187
16916.281111,79.184378
16916.546111,78.352037
16916.854167,79.387624
16917.108056,79.387624
16917.166389,80.345785
16917.998056,80.181252
16918.1875,80.181252
16918.313056,79.319875
16918.841389,78.758529
16919.3825,78.748851
16919.716111,78.27461
16919.98,78.671424
16920.285833,77.935866
16920.571667,77.558409
16920.863056,78.206861
16921.0175,78.816599
16921.594722,77.587444
16921.923333,78.400429
16922.230833,78.439142
16922.519167,78.061685
16922.871667,78.419785
16923.568333,78.545605
16923.861667,79.600549
16924.148056,80.858739
16924.405833,78.061685
16924.753611,77.229344
16925.033056,79.029524
16925.293056,78.652067
16925.588889,77.993936
16926.195278,78.187504
16926.476944,78.148791
16926.744722,77.200309
16927.093056,78.593996
16927.361944,78.39075
16928.259167,77.713263
16928.523056,78.139112
16928.823333,77.868117
16929.105278,79.029524
16929.358611,78.458499
16929.595556,77.819725
16929.940833,78.894026
16930.241389,78.303645
16930.4475,78.419785
16930.76,77.626158
16931.043611,77.761655
16931.323611,77.355163
16931.595278,76.803495
16931.885556,77.43259
16932.156667,77.480982
16932.423889,76.580892
16933.054167,77.539052
16933.336667,77.587444
16933.603333,77.19063
16934.153333,79.29084
16934.447778,79.048881
16934.756389,78.952097
16935.050278,80.626458
16935.325556,79.948971
16935.88,79.523122
16936.173889,79.813473
16936.459167,79.281162
16936.92,79.716689
16937.212222,80.13286
16937.514444,79.281162
16938.075833,80.103825
16938.329167,79.329554
16938.575833,79.106951
16938.891111,79.668297
16939.179722,79.600549
16939.455278,78.63271
16939.791389,78.245575
16940.347778,77.67455
16941.001667,77.993936
16941.725833,76.968027
16942.770556,77.268057
16943.442222,76.851887
16943.803056,76.716389
16944.150556,77.142238
16944.538611,76.251827
16945.418333,76.338932
16946.717778,78.177826
16947.142778,78.952097
16950.148333,78.952097
16951.009167,82.049181
16951.281111,82.049181
16951.378056,80.394176
16951.993056,80.229644
16952.473889,79.755403
16953.248611,79.958649
16953.413611,80.926488
16954.554444,79.716689
16955.356389,79.416659
16955.909167,80.500639
16956.513889,78.845635
16956.841111,78.835956
16957.453333,78.400429
16957.501667,78.400429
16957.7425,79.978006
16958.027778,81.265231
16958.334167,80.365141
16958.504444,80.365141
16958.608056,80.403855
16958.943333,82.020146
16959.465278,79.068237
16959.791944,79.523122
16960.045833,80.084468
16960.315278,80.365141
16960.618056,80.287714
16960.943333,80.307071
16961.198333,80.839382
16961.5175,79.716689
16962.453889,78.806921
16963.121944,78.264931
16963.419722,77.49066
16963.751944,77.539052
16964.380556,77.335806
16964.710556,77.529374
16965.057222,77.703585
16965.340556,77.626158
16965.573333,77.616479
16966.256667,77.529374
16966.5575,77.229344
16967.851389,77.364841
16968.455556,77.200309
16968.979167,77.335806
16970.002222,77.287414
16970.322778,77.771334
16970.732778,78.264931
16971.492778,77.37452
16971.869444,78.052007
16972.163333,78.33268
16972.871667,78.855313
16973.302778,78.671424
16974.024722,78.022972
16974.310278,79.658619
16974.642778,78.971454
16975.01,79.445695
16975.335278,79.581192
16975.779167,79.126308
16976.003333,79.465051
16977.041389,80.539352
16977.336111,79.842508
16977.721944,78.022972
16978.073889,77.684228
16978.481944,77.113203
16978.8525,77.43259
16979.508333,77.219665
16979.904444,77.471304
16980.311944,78.100399
16980.519167,77.364841
16980.781389,76.977706
16980.991944,76.77446
16981.346389,76.764781
16981.546667,76.822852
16981.883333,77.326128
16982.072778,77.355163
16982.276667,77.277736
16982.460833,76.387324
16982.626389,76.59057
16982.958889,78.197183
16983.167778,78.787564
16983.348611,78.39075
16983.545556,78.110077
16983.864722,78.526248
16984.232222,79.145665
16984.5775,78.93274
16984.848611,79.23277
16985.024722,78.700459
16985.223056,79.077916
16985.439167,78.981132
16985.770833,79.523122
16986.356667,78.303645
16986.4925,77.868117
16986.8125,77.897153
16987.008333,77.577766
16987.208889,78.100399
16987.6175,77.045455
16987.963611,76.813173
16988.164167,76.793816
16988.351111,76.871244
16988.554167,76.793816
16988.887222,76.929314
16989.086111,77.306771
16989.258611,77.045455
16989.784722,77.355163
16990.551111,76.609927
16990.922778,76.726068
16991.610556,76.309897
16992.0275,76.106651
16992.419444,76.145364
16992.784167,76.077616
16993.524722,76.716389
16993.856389,77.026098
16995.708611,75.57434
16996.013333,75.448521
16996.412778,76.019545
16996.762778,76.367967
16997.019167,76.367967
16997.033333,76.822852
16998.027778,76.822852
16998.516667,76.096973
16998.851667,75.429164
16999.116667,76.145364
16999.400278,75.738872
17098.968611,78.013293
17099.219444,77.519695
17099.490556,77.587444
17099.821944,77.345485
17100.100556,77.761655
17100.347778,79.019845
17100.591389,79.23277
17100.91,79.300519
17101.190278,78.303645
17101.476667,79.000489
17101.781667,78.981132
17102.073056,78.603675
17102.365278,79.058559
17102.613056,78.835956
17102.946111,79.1747
17103.232778,78.806921
17103.513056,79.184378
17103.824167,79.426338
17104.109722,79.436016
17104.353611,79.252127
17104.626667,77.97458
17104.975278,77.906831
17105.261111,78.100399
17105.548889,78.584318
17105.851944,78.371394
17106.144444,78.110077
17106.440556,77.742298
17107.034722,77.916509
17107.285,77.43259
17107.546667,77.49066
17107.865278,76.929314
17108.045556,76.929314
17108.155833,78.100399
17108.365,78.487534
17108.606111,77.964901
17108.950278,77.761655
17109.107778,77.761655
17109.208056,77.645515
17109.483333,77.984258
17110.093611,77.635836
17110.345,77.887474
17110.634722,77.345485
17110.955,77.713263
17111.271389,77.43259
17111.555556,77.742298
17111.871667,77.461625
17112.147778,77.471304
17112.433333,77.122882
17112.753889,77.200309
17113.056944,76.938992
17114.238889,75.971154
17114.531667,76.155043
17114.8425,77.297093
17115.121111,76.764781
17115.713333,77.645515
17115.986111,77.480982
17116.286944,77.839082
17116.571667,77.568087
17116.896667,77.955223
17117.745833,78.110077
17118.016667,77.268057
17118.271667,77.858439
17118.543056,77.771334
17118.881667,81.003915
17119.449722,81.323302
17119.762778,79.59087
17120.080556,79.106951
17120.600833,78.526248
17120.964444,77.500339
17121.509167,77.37452
17121.851111,76.687354
17122.104722,76.580892
17122.334167,77.335806
17122.616944,76.803495
17123.221389,76.851887
17123.504167,76.164721
17123.812222,75.951797
17124.092778,76.909957
17124.371111,76.851887
17124.613333,76.629284
17124.858056,77.026098
17125.435556,76.851887
17125.778889,77.142238
17126.358333,77.064811
17126.648889,76.871244
17126.991111,77.558409
17127.256944,80.084468
17127.546111,79.300519
17127.855556,78.03265
17128.395556,78.052007
17128.717222,78.09072
17129.25,74.945244
17129.534722,74.654893
17129.847222,74.703285
17130.100556,75.042028
17130.371111,74.761355
17130.649167,74.209687
17130.973056,74.238722
17131.245556,74.751677
17131.503333,74.422612
17131.803333,74.325828
17132.092222,73.667697
17132.383889,74.054833
17132.738333,74.383898
17132.996667,73.958049
17133.375278,74.161295
17133.713056,73.987084
17133.989722,73.880622
17134.2175,70.357689
17134.455278,77.461625
17134.788889,78.129434
17135.069167,78.323002
17135.331667,78.623032
17135.716111,77.326128
17136.019722,77.219665
17136.256667,77.035776
17136.900833,76.706711
17137.176389,76.242148
17137.425556,76.135686
17137.998333,76.455073
17138.272778,76.997063
17138.514167,76.5325
17138.860833,91.804995
17139.155556,91.785638
17139.774722,92.443769
17140.016944,91.959849
17140.290833,92.424412
17140.573889,91.911457
17140.834444,91.911457
17140.869167,92.172774
17141.138889,91.814673
17141.710278,92.463125
17141.886667,92.463125
17141.988889,92.221166
17142.550833,92.105025
17142.871389,92.182452
17143.153056,92.105025
17143.441667,92.017919
17143.751667,92.366341
17144.071389,90.856513
17144.461667,91.417859
17144.784444,91.621106
17145.048889,91.204935
17145.338611,92.724442
17145.541389,92.385698
17145.897778,92.153417
17146.190556,92.743799
17146.485278,91.669498
17146.781111,91.950171
17147.050833,91.524322
17147.333611,91.930814
17147.947778,90.93394
17148.232778,90.740372
17148.51,90.662945
17148.834444,91.359789
17149.370556,91.534
17149.7075,91.350111
17149.979167,91.282362
17150.524167,91.437216
17151.156389,91.59207
17151.440556,91.911457
17151.769167,90.846835
17152.006667,91.108151
17152.283611,92.269558
17152.568611,91.466251
17152.901111,91.853387
17153.135556,91.379146
17153.421944,91.77596
17153.755556,91.050081
17154.059722,91.282362
17154.361667,91.311397
17154.931389,90.111277
17155.230556,89.966101
17155.510833,90.411307
17155.811667,89.917709
17156.049167,89.79189
17156.316111,90.353237
17156.593611,90.33388
17156.919444,90.140312
17157.202222,90.004815
17157.481389,90.043529
17157.758889,89.617679
17158.022222,89.782212
17158.319444,89.946745
17158.613611,89.453147
17158.943333,89.366041
17159.214167,89.472504
17159.493333,89.695107
17159.805833,89.67575
17160.068056,89.337006
17160.327222,89.404755
17160.631944,89.395077
17160.977778,89.172474
17161.245278,89.172474
17161.521667,89.288614
17162.135556,89.036976
17162.441667,89.172474
17162.754722,88.940192
17163.27,89.288614
17163.513056,89.269258
17163.838056,89.307971
17164.111389,89.230544
17165.002222,88.882122
17165.278333,89.172474
17165.548611,89.220866
17165.873611,89.898353
17166.162222,89.549931
17166.469722,85.707611
17166.808056,86.414133
17167.045833,86.588344
17167.311111,87.57554
17167.601667,86.936766
17168.499722,87.120656
17168.825278,87.227118
17169.132222,86.656093
17169.417222,86.888374
17169.735278,86.617379
17170.018611,85.465651
17170.572778,84.662345
17170.878889,84.555883
17171.1225,84.546205
17171.710833,84.178426
17171.990833,84.09132
17172.256667,83.065411
17172.520278,83.37512
17172.850833,82.823452
17173.1,82.920236
17173.64,82.920236
17173.648056,83.104125
17173.986111,82.823452
17174.268333,82.687954
17174.478056,82.978306
17174.725833,82.978306
17174.800833,83.442868
17175.087778,83.365441
17175.369444,83.578366
17175.635278,83.365441
17176.535,84.468777
17176.8775,83.655793
17177.723333,85.001089
17178.020278,83.471904
17178.302778,83.084768
17178.561667,83.317049
17178.883611,83.307371
17179.161389,83.413833
17179.6175,83.704185
17179.939722,83.423512
17180.198889,83.19123
17180.801111,83.471904
17181.058056,82.842808
17181.347222,82.736346
17181.947778,82.455673
17182.177222,82.107251
17182.433333,81.962075
17182.745278,82.010467
17182.985278,81.63301
17183.265556,81.284588
17183.550833,81.255553
17183.896111,81.33298
17184.432778,81.507191
17184.725,81.061985
17185.016111,81.410407
17185.942778,81.826578
17186.209444,81.797543
17186.485,82.039502
17186.801667,81.749151
17187.333611,81.768507
17187.588611,82.281462
17187.939167,83.026698
17188.187222,82.842808
17188.477778,83.123482
17188.808889,80.016719
17189.086111,79.319875
17189.362222,80.016719
17189.645278,80.636136
17189.867778,79.029524
17190.184444,78.33268
17190.7225,78.952097
17191.069722,78.545605
17191.358889,79.329554
17191.708611,78.303645
17192.011667,78.448821
17192.425833,78.168147
17192.726667,78.603675
17193.040278,78.158469
17193.332778,77.800369
17193.624722,78.361715
17194.195833,78.158469
17194.478333,78.313323
17194.790278,77.945545
17195.101667,77.045455
17195.396111,75.167847
17195.749722,76.1744
17195.991389,76.019545
17196.268889,76.464751
17196.5325,77.180952
17196.870556,76.638962
17197.148056,73.919335
17197.428611,74.412933
17197.743611,74.248401
17197.986111,73.967727
17198.263056,74.935566
17198.564444,74.161295
17198.875,76.271184
17199.132778,76.580892
17199.387778,76.8906
17199.711667,76.416359
17199.963056,76.261505
17200.228611,75.855013
17200.472778,76.367967
17200.775833,76.087294
17201.008611,75.884048
17201.283056,75.903405
17201.540278,76.464751
17201.869167,76.784138
17202.142778,76.203435
17202.453889,76.251827
17202.875,75.738872
17203.148889,76.048581
17203.408611,74.354863
17203.953056,72.786964
17204.195833,72.825678
17204.468333,73.841908
17204.791389,73.377346
17205.078333,73.125708
17205.324722,73.396703
17205.611111,73.764481
17205.951944,73.445094
17206.23,72.796643
17206.524167,72.370793
17206.5625,72.370793
17206.917778,72.244974
17207.225556,72.545004
17207.527222,71.635236
17207.574722,71.635236
17207.867778,71.43199
17208.145278,71.344884
17208.396111,71.761055
17208.728056,72.806321
17209.113056,72.467577
17209.403889,72.186904
17209.716111,73.338632
17210.063889,71.983658
17210.372222,71.983658
17210.634444,72.912783
17210.960278,70.435116
17211.209444,70.522222
17211.503889,70.251227
17211.815278,71.499739
17212.076111,71.054533
17212.385278,70.677076
17212.705278,71.470703
17213.001111,71.461025
17213.288056,71.935266
17213.533611,72.080442
17213.874722,71.944944
17214.146944,72.380472
17214.421944,71.761055
17214.763611,71.848161
17215.010556,71.848161
17215.260833,72.496613
17215.531111,71.886874
17215.867778,71.470703
17216.371111,72.157869
17216.625556,72.351437
17216.963056,73.745124
17217.21,73.464451
17217.4775,73.803195
17217.765833,73.570914
17218.035278,73.580592
17218.303611,73.677376
17218.911389,72.961175
17219.17,72.535326
17219.7525,72.748251
17220.013611,72.061085
17220.280278,71.877196
17220.88,72.535326
17221.121389,71.896553
17221.401389,71.122282
17221.718889,71.770733
17221.988889,72.448221
17222.2425,72.293366
17222.461667,72.757929
17222.808611,72.457899
17223.092222,72.428864
17223.397222,72.09012
17223.828056,72.99021
17224.104444,72.303045
17224.381944,71.519095
17224.789444,71.886874
17225.073889,71.770733
17225.34,70.851287
17225.6,71.054533
17225.931389,71.228744
17226.228333,71.702985
17226.474444,71.470703
17226.763889,72.099799
17227.017778,71.79009
17227.268611,71.296493
17227.5475,70.957749
17228.138333,72.003015
17228.416667,71.577166
17228.738333,72.186904
17229.016944,73.241848
17229.2875,72.719215
17229.907222,72.864391
17230.174444,72.612753
17230.428333,72.922462
17230.742778,72.27401
17231.031667,70.58997
17231.314722,70.338332
17231.602778,71.325528
17231.971944,71.37392
17232.214444,71.606201
17232.505278,71.761055
17232.8425,71.615879
17233.151667,72.177226
17233.4275,71.548131
17233.741389,71.944944
17233.991667,71.867517
17234.267222,71.519095
17234.553333,72.138512
17234.871667,70.715789
17235.102222,71.499739
17235.365833,70.812573
17235.627778,72.719215
17235.960278,72.138512
17236.235,71.393276
17236.538611,72.148191
17236.875278,71.151317
17237.135,72.93214
17237.391944,70.696433
17237.725833,72.041728
17238.001111,70.377046
17238.288056,71.344884
17238.579722,71.683628
17238.933889,70.793216
17239.206667,69.941518
17239.250833,69.941518
17239.496944,74.625858
17239.786944,75.545304
17239.995556,73.938692
17240.294444,73.938692
17240.593889,73.435416
17240.963333,73.251527
17241.244444,71.402955
17241.869722,72.767607
17242.135,71.693306
17242.418611,72.477256
17242.726944,71.857839
17243.023333,71.983658
17243.3175,71.954623
17243.950556,72.099799
17244.211389,71.712663
17244.504722,72.157869
17244.8275,71.780412
17245.113333,72.167547
17245.411944,71.49006
17245.760556,71.886874
17246.0075,71.577166
17246.277778,71.615879
17246.561111,71.267457
17246.890278,71.141638
17247.171389,71.025498
17247.396667,70.377046
17247.716667,71.838482
17247.990833,71.035176
17248.295278,71.13196
17248.548333,71.13196
17248.896389,71.480382
17249.1525,72.03205
17249.435278,69.941518
17249.75,70.580292
17250.289167,70.115729
17250.581667,69.980232
17250.931111,69.757629
17251.223056,69.709237
17251.497778,69.622132
17251.805,71.412633
17252.096667,70.793216
17252.331667,70.580292
17252.614722,70.599649
17252.953889,70.919035
17253.248889,69.612453
17253.536389,69.554383
17253.881389,71.770733
17254.149722,69.196282
17254.427222,69.302745
17254.767222,69.486634
17255.043056,69.27371
17255.283333,69.815699
17255.538611,70.338332
17255.866944,70.386724
17256.180833,69.747951
17256.401944,70.135086
17256.738056,71.122282
17257.025,70.735146
17257.292222,71.315849
17257.556389,72.148191
17257.875,71.122282
17258.150556,71.364241
17258.433611,69.786664
17258.737778,70.096373
17259.019167,69.157569
17259.225278,68.557509
17259.511667,68.586544
17259.792222,69.312423
17260.1575,68.480082
17260.432222,69.796342
17260.756944,70.735146
17261.313611,68.044554
17261.609167,68.315549
17261.900556,68.257479
17262.188056,68.799469
17262.744722,69.486634
17263.036944,68.054233
17263.5725,67.792916
17264.007222,67.996162
17264.480556,67.047681
17264.831667,67.154143
17265.123611,66.883148
17265.404167,65.915309
17265.735278,66.118555
17266.013889,65.615279
17266.2675,65.576566
17266.525,65.441068
17267.145278,65.518495
17267.417778,64.811973
17267.719722,67.115429
17268.001389,66.283088
17268.275833,65.43139
17268.553333,63.737672
17268.883611,65.005541
17269.4325,65.566887
17269.730278,65.915309
17270.006667,65.257179
17270.903333,64.705511
17271.180278,65.102325
17271.403611,64.453873
17271.743611,65.43139
17272.020278,65.43139
17272.03,64.734546
17272.304722,73.648341
17272.5475,72.622432
17272.882222,71.102925
17273.045833,71.102925
17273.124444,71.209387
17273.394444,70.957749
17273.641667,72.012693
17273.929167,72.012693
17274.189444,72.012693
17274.462778,72.27401
17274.901389,72.806321
17275.164444,72.33208
17275.426667,71.170673
17275.765833,73.319275
17275.984444,70.967427
17276.267778,71.596523
17276.553333,70.948071
17276.909444,70.783538
17277.199167,70.047981
17277.933889,68.751077
17278.24,67.928414
17278.489167,67.115429
17278.806111,67.541278
17279.3775,66.660545
17279.6225,67.347711
17279.947222,66.863791
17280.240556,66.844434
17280.523333,67.115429
17280.844167,68.054233
17281.1325,67.299319
17281.409444,66.68958
17281.736111,67.83163
17282.025,67.850987
17282.279722,67.812273
17282.579444,68.480082
17282.921111,68.528474
17283.456111,66.660545
17283.788889,69.496312
17284.082778,68.460725
17284.3475,65.450747
17284.626667,66.592796
17284.926667,66.728294
17285.197778,73.377346
17285.468056,71.838482
17285.784167,73.183778
17286.059722,70.135086
17286.351667,70.667397
17286.6375,74.393576
17286.958611,73.164421
17287.219444,73.580592
17287.519722,74.500039
17288.0075,74.122582
17288.007778,74.122582
17288.415833,73.599949
17288.761111,73.261205
17288.938611,68.828504
17289.196944,68.896252
17289.478611,69.738272
17289.815833,71.683628
17290.035278,71.441668
17290.558056,71.528774
17290.858889,70.870643
17291.145556,69.486634
17291.375278,69.796342
17291.624167,70.096373
17292.275833,68.876896
17292.570278,68.818825
17292.906944,68.363941
17293.178056,67.967127
17293.408333,67.734846
17294.730556,70.086694
17295.068056,70.164121
17295.3325,69.815699
17295.588333,70.667397
17295.89,69.370493
17296.410556,69.602775
17296.72,69.564061
17297.003333,68.867217
17297.253333,69.041428
17297.835833,68.964001
17298.140556,70.280262
17298.384167,69.467277
17298.713056,70.077016
17298.998056,68.460725
17299.253056,68.702685
17299.515833,69.447921
17299.834722,69.583418
17300.064167,69.57374
17300.345556,68.818825
17300.609167,69.283388
17300.938611,70.377046
17301.221667,69.902805
17301.496389,70.483508
17301.818333,71.141638
17302.055833,71.180352
17302.330556,72.467577
17302.606667,72.186904
17302.935833,71.141638
17303.190833,71.112603
17303.457222,71.596523
17303.799722,72.099799
17304.056389,71.615879
17304.734722,72.564361
17305.074167,72.564361
17305.075833,68.847861
17305.383333,68.818825
17305.704167,69.622132
17305.977778,69.08982
17306.132778,69.08982
17306.212778,69.38985
17306.473056,68.809147
17306.816389,69.118855
17307.089167,68.441368
17307.341667,68.334906
17307.613889,68.818825
17307.935556,68.828504
17308.789444,69.244674
17309.287778,68.886574
17309.518611,69.57374
17309.873333,71.064211
17310.1325,70.415759
17310.404722,69.902805
17311.212778,68.518795
17311.465278,68.693006
17311.7975,69.767307
17311.860833,69.535026
17312.7375,69.070463
17313.015278,69.03175
17313.285556,68.683328
17313.566111,69.33178
17314.157222,73.435416
17314.423056,72.641788
17314.732778,73.503165
17315.012778,75.893726
17315.266944,75.458199
17315.520833,75.622732
17315.870556,76.677676
17316.136944,76.367967
17316.719722,76.629284
17316.985556,76.416359
17317.253611,76.203435
17317.526111,76.755103
17317.893333,77.277736
17318.162778,76.716389
17318.4475,76.1744
17318.804167,76.851887
17319.062222,76.619605
17319.273056,76.271184
17319.855556,77.384198
17320.151944,76.968027
17320.402222,77.577766
17320.735278,77.335806
17321.018611,75.564661
17321.5575,77.142238
17321.848333,77.006741
17322.115,76.387324
17322.3775,76.377646
17322.623889,77.045455
17322.94,75.651767
17323.235556,74.296793
17323.509722,74.248401
17323.833333,75.680802
17324.108056,75.33238
17324.333056,74.703285
17324.626111,75.129134
17324.980833,75.177526
17325.278056,76.213113
17325.542222,76.706711
17325.883611,77.287414
17326.144167,75.409807
17326.735556,75.593696
17327.296944,74.741998
17327.559444,74.577466
17327.835,75.196883
17328.103889,74.954923
17328.361389,74.083868
17328.638611,76.077616
17329.545833,74.809747
17329.8675,75.613053
17330.135833,75.322702
17330.397778,74.519395
17330.7225,75.100099
17331.019722,74.07419
17331.274167,73.445094
17331.540278,73.706411
17331.869444,73.861265
17332.1375,73.803195
17332.408889,73.628984
17332.730833,74.122582
17333.023333,75.051707
17333.263056,74.567787
17333.521111,74.538752
17334.143889,76.116329
17334.390556,75.409807
17334.729167,75.496913
17335.014167,75.642088
17335.278056,74.258079
17335.543611,74.606501
17335.843333,74.13226
17336.034167,73.5322
17336.715833,72.612753
17337.007222,72.87407
17337.263056,73.483808
17337.538333,73.367667
17337.936111,73.193456
17338.1875,73.193456
17338.216944,74.97428
17338.478889,74.829104
17338.780556,75.545304
17339.0425,78.87467
17339.19,78.87467
17339.334444,80.161895
17339.625556,79.59087
17339.918333,79.726368
17340.453611,79.348911
17340.751667,80.045755
17341.018889,80.094146
17341.295278,79.552157
17341.589722,79.455373
17341.924444,78.952097
17342.1875,78.506891
17343.026944,79.687654
17343.309167,79.329554
17343.580278,80.626458
17343.911667,81.603975
17344.102222,79.697333
17344.356944,79.755403
17344.623333,80.539352
17344.934444,80.452247
17345.441944,80.113503
17345.758056,79.329554
17346.032778,77.084168
17346.295556,76.909957
17346.535833,77.906831
17346.8725,75.303345
17347.154722,74.683928
17348.4475,73.851587
17348.767778,74.37422
17349.041111,74.509717
17349.308611,74.383898
17349.601389,75.167847
17349.946389,75.361415
17350.231389,74.529074
17350.543889,74.761355
17350.8475,74.67425
17351.085556,76.387324
17351.353056,76.445395
17351.615833,76.503465
17352.231111,75.903405
17352.52,76.242148
17352.851389,78.293966
17353.718611,74.538752
17353.956389,75.758229
17354.232778,73.764481
17354.498889,74.112903
17354.836111,73.59027
17355.104722,73.580592
17355.382778,73.803195
17355.744444,75.93244
17356.032222,72.738572
17356.268056,72.748251
17356.719722,73.609627
17357.237222,73.193456
17357.499444,73.348311
17357.830556,73.628984
17358.068611,75.506591
17358.3475,75.129134
17358.611944,74.654893
17358.9375,74.616179
17359.191944,74.693606
17359.466944,74.79039
17359.798889,74.800069
17359.860833,74.335506
17360.595278,75.748551
17360.936389,73.977406
17361.213611,73.270884
17361.462222,74.877496
17361.804722,74.354863
17362.061111,74.287114
17362.456667,73.541878
17362.8025,73.628984
17363.083889,72.767607
17363.354444,72.670823
17363.621111,72.651467
17364.25,70.28994
17364.633611,70.880322
17364.965,70.58997
17365.265,70.919035
17366.389722,73.116029
17366.719167,73.193456
17367.018056,73.987084
17367.300278,74.441968
17367.5775,74.935566
17367.909167,77.597123
17368.181944,77.984258
17368.443056,77.945545
17368.773611,78.923062
17369.069167,78.177826
17369.352222,78.400429
17369.627778,78.661745
17369.942222,78.787564
17370.225,79.039202
17370.501111,77.955223
17370.702222,77.955223
17371.0675,77.916509
17371.643611,77.180952
17371.746944,77.180952
17371.995833,76.900279
17372.263611,76.000189
17372.543611,75.071064
17372.846667,77.07449
17373.121389,75.87437
17373.410833,75.845334
17374.017778,77.539052
17374.256111,76.571214
17374.541944,76.629284
17375.1175,77.171274
17375.505278,76.619605
17375.857222,78.061685
17376.211667,76.938992
17376.467222,77.451947
17376.792222,78.477856
17377.054444,78.39075
17377.303611,78.487534
17377.523889,78.69078
17377.818889,79.794116
17378.092778,80.307071
17378.371667,79.048881
17378.623056,79.861865
17378.9175,81.613653
17379.190278,80.287714
17379.463611,81.536226
17379.774167,80.820026
17380.265556,80.297393
17380.535278,81.652367
17380.886667,82.262105
17381.144167,80.37482
17381.403333,81.99111
17381.713333,81.323302
17381.986111,81.845935
17382.372222,81.323302
17382.645833,81.700759
17382.936389,82.320176
17383.275833,79.910257
17383.556667,82.813773
17384.018056,79.697333
17384.462222,77.597123
17384.768889,76.764781
17385.038056,79.455373
17385.279444,78.748851
17385.555556,79.087594
17385.885278,79.358589
17386.151111,78.710137
17386.436111,78.352037
17386.763889,78.700459
17387.0075,79.639262
17387.214722,75.671124
17387.470278,76.067937
17387.806111,73.996763
17388.341111,73.154743
17388.951111,74.016119
17389.213056,73.338632
17389.474722,73.203135
17389.816667,74.13226
17390.081389,74.016119
17390.348333,74.43229
17390.610556,74.964601
17390.910833,75.042028
17391.194167,75.467877
17391.486667,77.558409
17391.798611,76.861565
17392.058333,78.748851
17392.093611,78.816599
17392.356667,77.655193
17392.598333,78.952097
17392.918611,78.855313
17393.202222,77.742298
17393.477222,79.039202
17393.785833,79.135986
17394.069722,78.826278
17394.311944,78.681102
17394.561944,78.845635
17394.883611,79.097273
17395.136389,78.923062
17395.388889,77.79069
17395.737222,78.835956
17396.004444,78.894026
17396.633611,77.713263
17396.945833,78.545605
17397.213056,76.977706
17397.456667,76.638962
17397.833611,77.161595
17398.105556,77.209987
17398.325833,77.529374
17398.591389,76.83253
17398.933056,76.977706
17399.191944,76.126008
17399.454167,74.519395
17399.803889,74.945244
17400.061944,74.316149
17400.329167,75.03235
17400.546944,76.600249
17400.863333,78.100399
17401.13,79.029524
17401.389722,77.49066
17401.642222,77.964901
17401.901944,79.784438
17402.196667,77.393876
17402.453056,78.361715
17402.761389,78.381072
17403.026667,78.884348
17403.279722,79.426338
17403.323611,79.426338
17403.901389,81.603975
17404.179167,78.216539
17404.326944,78.216539
17404.407222,75.903405
17404.638889,76.900279
17404.951944,78.303645
17405.218611,78.806921
17405.780556,77.548731
17406.030278,79.368267
17406.308889,78.458499
17406.5375,78.535926
17406.847778,77.093846
17407.092778,77.848761
17407.362222,77.568087
17407.587222,78.003615
17408.733333,76.019545
17408.999444,78.129434
17409.2225,77.306771
17410.297222,77.771334
17410.551944,76.977706
17410.870278,77.064811
17411.153056,77.413233
17411.416111,75.303345
17411.748611,75.622732
17412.012778,75.351737
17412.593889,76.871244
17412.913889,77.635836
17413.121944,78.158469
17413.3875,77.055133
17413.716111,77.703585
17413.994167,78.681102
17414.258889,78.216539
17414.536111,79.271484
17414.846944,78.410107
17415.077778,78.584318
17415.351389,78.158469
17415.618611,78.845635
17415.901111,77.877796
17416.177778,76.938992
17416.404167,77.122882
17416.753333,77.093846
17417.013333,77.781012
17417.294722,77.597123
17417.856111,77.43259
17418.134167,72.777286
17418.401389,79.929614
17418.708333,81.013593
17418.933056,80.181252
17419.211389,80.268357
17419.538333,80.97488
17419.865,82.77506
17420.125833,82.262105
17420.370556,81.603975
17420.425556,81.545905
17420.733056,81.216839
17420.985833,81.33298
17421.466944,80.655493
17421.787778,81.061985
17422.073333,80.965201
17422.336389,79.968327
17422.6225,80.67485
17422.959167,80.539352
17423.190556,79.842508
17423.458333,79.794116
17423.779722,82.542778
17424.036667,82.900879
17424.331389,82.445995
17424.613611,83.423512
17424.900556,84.042928
17425.4025,83.994537
17425.705833,85.5334
17425.960278,86.530274
17426.225278,85.184978
17426.482778,87.682002
17426.806111,84.826878
17427.350278,84.439742
17427.719444,86.365741
17427.990278,86.327028
17428.253889,85.001089
17428.528889,87.314223
17428.844722,85.097873
17429.104444,86.617379
17429.388056,86.201209
17429.646944,86.201209
17429.998333,85.872144
17430.275278,85.214013
17430.558056,86.19153
17430.870833,84.342958
17431.150833,82.59117
17431.377778,82.29114
17431.711667,82.349211
17432.025,80.297393
17432.515833,80.045755
17433.160556,80.297393
17433.459722,79.310197
17434.026111,79.339232
17434.566389,79.000489
17434.883056,78.729494
17435.136944,79.658619
17435.416389,79.252127
17435.743333,79.5328
17436.001111,79.5328
17436.3,78.719815
17436.5925,78.797243
17436.921111,82.552457
17437.081111,82.552457
17437.230278,81.807221
17437.761111,81.884648
17437.965833,82.47503
17438.212222,81.100699
17438.48,81.003915
17439.088611,79.658619
17439.370833,79.881222
17439.583611,80.568387
17439.920833,78.158469
17440.171944,78.487534
17440.465556,78.719815
17440.740556,78.27461
17440.995278,78.700459
17441.289444,78.623032
17441.563333,79.677976
17441.906111,78.429464
17442.150278,78.506891
17442.7725,78.671424
17443.019722,78.206861
17443.564167,78.981132
17443.896111,79.339232
17444.146111,79.484408
17444.406111,79.416659
17444.718056,79.010167
17445.005,78.942418
17445.261667,78.458499
17445.553333,79.377946
17445.887222,78.487534
17446.165,78.516569
17446.448056,78.816599
17447.019722,78.99081
17447.268889,78.400429
17447.874722,77.122882
17448.145833,77.045455
17448.623056,78.177826
17448.968611,77.471304
17449.234722,77.151917
17449.473611,78.003615
17449.799167,77.916509
17450.073333,77.839082
17450.375556,77.37452
17450.616111,78.264931
17450.910278,78.27461
17451.179167,75.680802
17451.440556,75.961475
17451.728611,75.913083
17452.008056,75.980832
17452.295833,75.593696
17452.566667,77.461625
17452.8625,77.045455
17453.147778,76.087294
17453.408333,76.087294
17453.716944,75.922762
17455.766111,78.052007
17456.6075,76.155043
17457.178333,74.461325
17457.462778,74.761355
17457.803889,74.180652
17458.341111,74.122582
17458.635833,75.109777
17458.944722,74.258079
17459.213889,74.248401
17459.505556,74.49036
17460.403333,70.580292
17460.714167,70.83193
17460.967778,70.851287
17461.191944,70.444794
17461.455833,72.119155
17461.796389,68.693006
17462.056944,68.43169
17462.328889,68.054233
17462.593056,69.051107
17462.910278,66.87347
17463.196111,72.09012
17463.444167,71.393276
17463.735,71.315849
17463.993889,71.567487
17464.519167,71.964301
17464.889167,71.296493
17465.138056,72.186904
17465.4075,71.761055
17466.005278,71.935266
17466.27,71.664271
17466.506389,71.586844
17466.825,71.364241
17467.083889,71.064211
17467.554444,71.151317
17467.858611,70.318975
17468.063056,70.009267
17468.639444,71.983658
17468.951944,71.083568
17469.547778,71.819125
17469.8675,71.828804
17470.136944,72.03205
17470.399444,72.03205
17470.401944,71.441668
17470.726389,71.606201
17471.47,71.606201
17471.759167,71.37392
17472.000833,71.567487
17472.275833,71.635236
17472.566111,72.361115
17472.894444,72.264331
17473.146111,72.303045
17473.417222,71.499739
17473.749722,72.148191
17474.004167,72.57404
17474.381389,71.528774
17474.719444,71.886874
17475.036944,71.819125
17475.2825,72.525648
17475.497222,71.867517
17475.794444,72.564361
17476.085,72.235296
17476.327778,72.506291
17476.925556,72.39015
17477.485833,71.344884
17477.766944,73.803195
17478.05,73.948371
17478.326667,73.328954
17478.717222,73.357989
17478.974444,73.958049
17479.256944,72.777286
17479.821389,72.138512
17479.999167,71.557809
17480.513611,71.935266
17480.646667,75.27431
17480.952778,70.880322
17481.222778,71.848161
17481.51,70.638362
17481.806667,71.383598
17482.092778,71.13196
17482.365,70.967427
17482.643611,70.986784
17482.950833,70.677076
17483.217778,70.977106
17483.478056,70.5319
17483.808333,70.77386
17484.059722,70.454473
17484.578889,71.006141
17485.175833,70.812573
17485.435,70.067337
17485.784722,70.512543
17486.064167,70.067337
17486.334722,70.444794
17486.723889,69.63181
17487.008333,71.209387
17487.270833,72.080442
17487.536944,72.806321
17487.846389,72.39015
17488.099167,71.809447
17488.328056,71.43199
17489.528056,72.341758
17489.861944,70.386724
17490.135278,70.270583
17490.413611,71.683628
17490.729444,70.909357
17491.011389,70.444794
17491.309722,69.738272
17491.558056,71.286814
17492.172778,70.144764
17492.411667,70.135086
17493.278333,69.893126
17493.854722,75.816299
17494.135833,75.109777
17494.421667,75.593696
17494.753611,74.645214
17495.28,74.606501
17495.530556,74.480682
17496.098056,71.944944
17496.379167,71.877196
17496.723889,72.57404
17496.983333,73.803195
17497.228889,73.628984
17497.504722,74.683928
17497.860556,75.429164
17498.1325,75.409807
17498.425278,75.942118
17498.935556,76.058259
17499.456667,78.477856
17499.751667,74.596823
17499.999444,74.906531
17500.275278,74.238722
17500.5225,73.735446
17500.854722,73.106351
17501.131111,73.164421
17501.403333,74.354863
17501.732222,73.503165
17501.988333,72.951497
17502.274167,74.529074
17502.508611,73.83223
17502.810556,75.071064
17503.056944,75.071064
17503.061944,73.929014
17503.325833,74.151617
17503.591111,74.896853
17504.03,75.303345
17504.103333,75.303345
17504.425,75.613053
17504.7225,74.97428
17504.994444,74.712963
17505.23,75.303345
17505.478333,76.706711
17505.769444,75.477556
17505.998333,74.529074
17506.273611,75.264631
17506.545278,75.825978
17506.827222,75.216239
17507.073889,73.861265
17507.300278,73.599949
17507.560833,73.154743
17507.868333,74.451647
17508.131389,74.306471
17508.402778,74.67425
17508.740278,74.43229
17509.256111,74.238722
17509.57,74.712963
17509.905833,73.870944
17510.154444,73.880622
17510.446667,74.180652
17510.766667,74.780712
17511.035,72.680502
17511.269444,72.941818
17511.861667,72.651467
17512.394167,68.993036
17512.734722,71.43199
17513.002778,71.267457
17513.524167,73.328954
17513.870556,71.548131
17514.1525,72.109477
17514.338889,71.509417
17514.623611,71.857839
17514.948889,71.761055
17515.233889,71.044854
17515.491389,71.451347
17515.791111,70.83193
17516.043611,69.302745
17516.602222,70.396403
17516.938333,70.657719
17517.192222,70.464151
17517.468611,71.567487
17517.791389,71.335206
17518.0475,71.335206
17518.313889,71.170673
17518.5725,70.957749
17518.865,70.580292
17519.109722,71.006141
17519.370556,70.377046
17519.625,70.754503
17519.925833,70.948071
17520.198333,71.344884
17520.463611,72.177226
17520.794444,71.906231
17521.052778,72.506291
17521.316111,72.651467
17521.605278,75.545304
17521.922222,72.399829
17522.194167,71.335206
17522.478611,71.306171
17522.763611,70.202835
17523.546667,69.660845
17523.844444,69.283388
17524.115833,69.554383
17524.372778,69.951197
17524.954167,69.418885
17525.225556,69.554383
17525.385,69.525348
17525.7125,70.541578
17525.983056,70.870643
17526.186389,70.609327
17526.387222,70.822252
17526.780833,70.580292
17527.052222,71.19003
17527.331667,70.58997
17527.590278,70.919035
17528.013889,69.960875
17528.553611,70.241548
17529.160278,69.651167
17529.7525,71.07389
17530.001667,71.054533
17530.275,72.206261
17530.556944,72.070763
17530.806667,72.303045
17531.355833,71.712663
17531.611944,71.567487
17531.916667,70.415759
17532.178889,70.47383
17532.459167,70.406081
17532.803056,73.667697
17533.073611,73.706411
17533.338889,73.783838
17533.602222,73.416059
17533.94,73.706411
17534.207778,73.367667
17534.435833,73.687054
17534.739444,72.970853
17534.985,73.357989
17535.250833,74.354863
17535.540833,74.219365
17535.872778,73.5322
17536.123056,73.5322
17536.146111,73.764481
17536.391944,74.712963
17536.704167,75.100099
17536.966944,74.49036
17537.134167,74.49036
17537.244444,73.929014
17537.463333,74.054833
17537.784444,74.345184
17538.064167,74.596823
17538.333889,74.519395
17538.617778,74.161295
17538.895833,74.13226
17539.167222,73.464451
17539.438611,73.929014
17539.768611,72.815999
17540.0325,73.59027
17540.315556,72.670823
17540.596389,72.33208
17540.906389,72.69018
17541.184444,71.993336
17541.4825,72.748251
17541.766111,73.348311
17542.018333,72.69018
17542.301667,73.357989
17542.57,72.27401
17542.905556,72.87407
17543.137222,72.148191
17543.841111,71.867517
17544.121111,71.828804
17544.416389,72.070763
17544.734444,71.606201
17544.996667,73.019245
17545.641111,73.125708
17545.996667,72.738572
17546.245833,72.138512
17546.479167,72.254653
17546.744444,71.577166
17547.025833,72.264331
17547.321667,72.661145
17547.587778,73.019245
17547.9125,74.877496
17548.173611,73.183778
17548.436944,74.422612
17548.788889,73.958049
17549.076667,75.39045
17549.358889,74.141938
17549.947778,74.703285
17550.249167,74.461325
17550.498611,74.741998
17550.815556,74.19033
17551.498333,73.406381
17552.753333,73.328954
17553.264167,72.206261
17553.556944,73.658019
17554.14,73.783838
17554.759444,73.958049
17555.018333,73.270884
17555.28,73.145064
17555.527222,73.212813
17555.799444,72.322402
17556.0875,72.63211
17556.583889,72.264331
17556.903056,71.915909
17557.158889,71.944944
17557.432778,72.864391
17557.743056,72.699859
17558.013056,72.961175
17558.526667,74.083868
17558.841111,74.548431
17559.133333,74.141938
17559.393056,74.180652
17559.724722,74.43229
17560.003611,75.758229
17560.284444,75.671124
17560.550556,76.300219
17560.816944,72.244974
17561.050556,72.612753
17561.329722,74.161295
17561.613333,73.609627
17561.909722,72.93214
17562.190556,70.686754
17562.456944,71.006141
17562.809444,71.257779
17563.373889,69.883448
17563.617222,70.164121
17563.947222,70.483508
17564.215556,70.512543
17564.495278,70.086694
17564.775833,70.502865
17565.026111,70.851287
17565.302778,70.938392
17566.183056,70.154443
17566.5125,69.796342
17566.8475,70.764181
17567.152778,69.883448
17567.404444,73.735446
17567.720278,74.025798
17568.095,73.551557
17568.355833,74.345184
17568.706389,74.345184
17569.161389,74.083868
17569.471111,74.712963
17569.777222,74.712963
17569.801111,74.896853
17570.154444,73.503165
17570.419444,73.106351
17570.719444,73.048281
17571.002778,73.570914
17571.310278,73.222492
17571.92,73.503165
17572.194167,72.970853
17572.479444,73.812873
17572.781389,73.570914
17573.012222,73.967727
17573.291111,74.529074
17573.567222,75.748551
17573.863056,75.225918
17574.137778,74.693606
17574.415278,75.33238
17574.717778,75.69048
17575.284167,75.951797
17575.533611,76.484108
17575.846667,76.329254
17576.0175,77.13256
17576.599444,78.671424
17576.928611,78.216539
17577.174722,75.342058
17577.413611,75.438842
17578.0675,74.800069
17578.465,74.761355
17578.880278,74.035476
17579.158056,73.299919
17579.421389,74.07419
17579.635,74.200009
17579.883611,73.561235
17580.148333,73.435416
17580.403889,73.522522
17580.648611,74.064511
17580.970278,73.929014
17581.228056,73.212813
17581.48,73.454773
17581.774444,73.696733
17581.987778,73.803195
17582.240833,73.716089
17582.509444,73.987084
17583.091389,73.745124
17583.636389,74.577466
17583.950556,73.599949
17584.236111,73.096673
17584.515278,73.145064
17584.828056,73.067637
17585.082222,74.112903
17585.344722,73.967727
17585.630833,70.754503
17585.947778,69.699559
17586.229167,70.260905
17586.515278,71.751377
17586.837222,70.299619
17587.061944,69.980232
17587.328333,69.815699
17587.610278,70.58997
17587.933056,70.541578
17588.124722,70.1738
17588.396667,70.367367
17588.735833,70.086694
17588.988889,70.260905
17589.236944,70.047981
17589.509722,69.767307
17589.831667,70.1738
17590.123056,70.009267
17590.371389,70.077016
17590.614444,71.054533
17590.9425,70.106051
17591.225,69.728594
17591.523333,70.202835
17591.872222,70.406081
17592.156111,70.493186
17592.406944,70.018945
17592.933056,70.89
17593.496667,72.022372
17594.359722,70.560935
17594.601111,71.557809
17594.917222,71.354563
17595.228056,70.435116
17595.537222,70.396403
17595.878611,70.396403
17596.408056,70.570613
17596.728333,71.054533
17597.021944,70.735146
17597.255278,70.667397
17597.527778,71.151317
17597.877222,70.522222
17598.153889,70.512543
17598.4425,70.83193
17599.035278,71.064211
17599.276667,70.135086
17599.543611,71.13196
17599.971389,70.793216
17600.387222,71.964301
17600.724444,72.099799
17601.110278,71.799769
17601.263889,71.799769
17601.395,72.080442
17601.729444,72.012693
17602.273333,72.012693
17602.2775,71.112603
17602.574444,71.402955
17602.923611,71.325528
17603.204167,71.538452
17603.508889,71.664271
17604.078333,71.528774
17604.363056,71.557809
17604.631389,72.322402
17604.941667,71.615879
17605.1925,71.286814
17605.451111,71.509417
17605.773611,71.867517
17606.033056,71.983658
17606.313889,70.415759
17606.596944,70.909357
17606.924722,70.986784
17607.209444,70.851287
17607.465,71.470703
17607.801944,70.348011
17608.0925,70.280262
17608.350833,70.038302
17608.640278,71.335206
17608.9725,70.657719
17609.253056,70.386724
17609.551389,71.025498
17609.833611,70.822252
17610.109167,71.325528
17610.649722,70.948071
17610.972222,70.493186
17611.203611,70.251227
17611.458333,70.764181
17611.783889,70.135086
17612.046111,70.464151
17612.5775,71.015819
17612.884167,71.025498
17613.178056,70.328654
17613.430278,70.938392
17613.7475,70.812573
17614.015556,71.344884
17614.273889,70.812573
17614.549444,71.277136
17614.875833,71.13196
17615.123889,71.044854
17615.405278,70.135086
17615.750556,70.425438
17616.297778,70.125408
17616.560556,70.493186
17616.853611,70.822252
17617.141667,70.541578
17617.376111,70.58997
17618.018611,71.093246
17618.28,70.802895
17618.546667,71.07389
17618.851389,70.551257
17619.136667,70.415759
17619.3725,70.144764
17619.616944,70.899679
17619.933611,70.977106
17620.235556,70.067337
17620.520556,70.28994
17620.827222,70.560935
17621.068333,70.77386
17621.627222,70.541578
17621.930833,70.696433
17622.301944,70.512543
17622.568056,70.957749
17622.897222,70.493186
17623.181111,70.193156
17623.441667,70.493186
17623.766944,69.641488
17623.906944,70.860965
17624.4625,70.793216
17624.860556,71.122282
17625.141389,70.754503
17625.411944,70.309297
17625.718611,70.938392
17625.986389,70.667397
17626.271389,70.667397
17626.530556,70.619005
17626.861667,70.938392
17627.154167,70.648041
17627.406389,70.367367
17627.650278,71.422312
17627.975556,71.296493
17628.5,71.296493
17628.794444,71.102925
17629.096667,71.064211
17629.374444,70.996463
17629.711667,70.522222
17629.973611,70.802895
17630.182778,70.309297
17630.448056,69.815699
17630.989722,69.844734
17631.573333,69.815699
17631.904722,70.551257
17632.162778,70.260905
17632.448056,69.854413
17632.776111,69.941518
17633.075556,70.328654
17633.317778,70.77386
17633.5925,70.77386
17633.603611,71.383598
17633.959722,71.064211
17634.2375,70.260905
17634.505556,70.444794
17634.725,70.444794
17634.839722,70.444794
17635.088889,69.951197
17635.300556,70.009267
17635.549444,70.657719
17635.905833,70.522222
17636.148056,70.493186
17636.429722,70.377046
17636.7375,69.854413
17637.271111,69.93184
17637.563889,70.328654
17637.898611,69.893126
17638.200556,70.086694
17638.47,70.009267
17638.798889,70.067337
17639.071389,70.318975
17639.345278,69.699559
17639.635833,69.68988
17640.202222,69.27371
17640.494722,69.670523
17640.793056,69.360815
17641.058056,69.457599
17641.578889,68.247801
17641.869444,68.547831
17642.13,68.160695
17642.400556,68.199409
17642.985278,67.880022
17643.223056,67.77356
17643.499167,68.102625
17644.356667,68.499439
17644.620556,68.780112
17644.938611,67.396102
17645.204722,67.299319
17645.469167,69.234996
17645.791111,68.460725
17645.991389,68.915609
17646.516111,68.228444
17646.821111,68.267157
17647.084167,68.683328
17647.362778,69.293066
17647.624444,69.854413
17647.991111,70.057659
17648.493056,70.067337
17648.778889,70.144764
17649.053333,69.864091
17649.336389,69.738272
17649.921111,67.5316
17650.201111,67.076716
17650.439167,66.496012
17650.748333,66.815399
17650.997222,66.767007
17651.279167,65.837882
17651.546389,66.786364
17651.854444,66.544404
17652.127222,66.650867
17652.738611,66.350837
17652.981389,66.621832
17653.226944,66.147591
17653.493889,66.679902
17653.780556,66.554083
17654.070556,66.496012
17654.334722,66.767007
17654.778889,66.118555
17655.045278,66.321801
17655.303889,66.263731
17655.584167,67.250927
17655.901667,66.147591
17656.169444,65.886274
17656.442222,66.341158
17656.770556,66.283088
17657.052778,66.950897
17657.372222,66.554083
17657.628056,66.941218
17657.934444,66.292766
17658.223333,66.999289
17658.400278,67.483208
17658.735278,67.1735
17659.243889,66.225018
17659.451389,66.418585
17659.765833,66.641188
17660.324722,66.137912
17660.922778,66.457299
17661.191389,63.892526
17661.473611,65.382998
17661.801389,64.966827
17662.088333,65.160395
17662.335278,65.170073
17662.598056,65.382998
17662.946111,64.444194
17664.644167,64.357089
17664.964167,64.879722
17665.223889,64.250627
17665.478333,64.076416
17666.056667,65.934666
17666.103333,65.934666
17666.369444,65.547531
17666.613056,66.176626
17667.117222,66.176626
17667.227222,64.628084
17667.512222,64.647441
17668.111111,65.73142
17668.365278,66.234696
17669.023056,66.999289
17669.223333,66.728294
17669.483889,67.008967
17669.813056,66.641188
17670.023333,67.599349
17670.268889,67.018645
17670.534444,69.941518
17670.852778,67.502565
17671.1475,69.109177
17671.609444,69.360815
17671.993056,70.106051
17672.507222,67.8897
17672.823889,64.937792
17673.089722,66.544404
17673.363333,66.38955
17673.945278,66.012093
17674.2025,65.218465
17674.491389,65.518495
17674.803056,64.260305
17675.182778,63.253753
17675.452222,63.602175
17675.828056,63.582818
17676.105278,62.67305
17676.3675,63.002115
17676.643333,63.844134
17676.959444,63.350537
17677.252778,63.679602
17677.519444,63.757029
17677.851389,63.757029
17678.119444,63.757029
17678.394167,63.118255
17678.719167,63.611853
17678.965278,63.33118
17679.192778,226.489431
17679.429444,272.326273
17679.641667,272.200454
17679.699444,272.219811
17679.746944,272.181097
17679.758889,272.190775
17679.776389,237.106622
17679.88,229.228415
17679.922222,225.163492
17679.938611,266.654738
17679.951667,267.36126
17680.118333,223.769804
17680.176389,223.731091
17680.429722,223.731091
17680.432222,225.792587
17680.483056,225.376417
17680.611389,222.405152
17680.643333,220.024269
17680.758611,221.243745
17680.881389,219.298389
17680.953333,215.910954
17681.154444,268.977551
17681.181389,247.61735
17681.22,225.608698
17681.2375,267.729039
17681.272222,269.064656
17681.285556,269.393722
17681.330556,230.970524
17681.421667,222.443865
17681.476111,222.443865
17681.567778,222.153514
17681.795278,222.153514
17681.889444,223.953694
17682.168333,223.866588
17682.434444,222.889071
17682.5775,261.728439
17682.781944,269.94539
17682.817222,269.94539
17682.998333,270.371239
17683.108333,270.371239
17683.180278,232.935237
17683.408333,224.727965
17683.736111,223.692377
17683.930833,224.147261
17684.115278,224.147261
17684.200556,224.311794
17684.371944,224.311794
17684.467778,224.81507
17685.084167,222.482579
17685.278889,221.776057
17685.453333,221.776057
17685.544167,222.71486
17685.754444,222.71486
17685.873333,232.160966
17686.146111,228.173471
17686.426667,229.741369
17686.745833,229.121952
17686.785833,229.121952
17687.037222,229.01549
17687.086944,229.01549
17687.338333,230.573711
17687.722222,230.21561
17688.029444,229.91558
17688.104444,229.91558
17688.340278,266.190175
17688.379444,266.190175
17689.384444,269.974425
17689.428056,269.974425
17689.707222,269.974425
17689.764167,270.177671
17690.071667,270.700304
17690.722778,270.700304
17691.004444,270.700304
17691.0125,272.026243
17691.388056,272.248846
17692.065556,272.248846
17692.085833,271.677821
17692.3275,271.677821
17693.031944,270.719661
17693.332222,270.719661
17693.340833,270.535771
17693.704722,270.535771
17693.707778,270.526093
17694.065833,270.632555
17694.435278,270.855158
17694.764167,270.855158
17694.770556,271.039047
17695.021667,271.039047
17695.095833,270.942264
17695.429722,271.116475
17695.842222,271.000334
17695.885278,271.000334
17695.8875,270.816445
17696.342222,270.816445
17696.807222,270.24542
17697.159167,270.487379
17697.389444,270.487379
17697.540556,270.564806
17697.736389,270.564806
17697.758611,270.739017
17697.924444,270.700304
17698.293889,270.787409
17698.716667,270.758374
17698.771944,270.758374
17699.047778,270.758374
17699.254722,270.758374
17699.605,270.777731
17699.976389,270.90355
17700.082778,270.90355
17700.269167,274.649086
17700.339722,274.649086
17700.586111,271.184223
17701.089444,270.835801
17701.397778,270.835801
17701.400556,270.96162
17701.753611,270.96162
17701.776667,271.184223
17702.056389,271.174545
17702.315,270.96162
17702.501111,270.932585
17702.758056,270.932585
17702.825,271.068083
17703.010278,271.068083
17703.104167,271.135831
17703.370556,271.20358
17703.638611,271.039047
17704.020278,271.039047
17704.2375,270.884193
17704.286111,270.884193
17708.7775,270.990655
17709.083333,271.097118
17709.404167,271.097118
17709.409167,271.26165
17709.626389,271.20358
17709.979722,271.14551
17710.253611,271.300364
17710.543056,271.281007
17711.260278,270.54545
17711.572778,270.564806
17711.8975,270.84548
17712.175556,270.884193
17712.489167,270.816445
17712.835556,270.951942
17713.839722,270.00346
17714.107778,270.119601
17714.425278,270.390595
17715.110278,270.438987
17715.451111,270.332525
17715.853611,270.158314
17716.205,270.438987
17716.541389,270.651912
17717.216944,270.690625
17717.550556,270.400274
17719.251944,270.777731
17719.582778,270.806766
17719.998056,271.000334
17720.508889,270.96162
17721.203333,270.835801
17721.453333,270.574485
17721.79,270.709982
17722.104167,270.884193
17722.63,271.14551
17722.996389,271.087439
17723.286944,271.251972
17723.561667,271.387469
17723.885556,271.426183
17724.151944,271.474575
17724.438889,271.493932
17724.743889,271.406826
17725.019722,271.50361
17725.280556,271.56168
17725.552222,271.677821
17725.883889,271.600394
17726.140278,271.552002
17726.745278,271.077761
17726.996389,271.039047
17727.278611,270.922907
17727.532778,270.797088
17727.874167,270.593842
17728.438056,270.922907
17728.751944,270.768053
17729.250833,271.029369
17729.5625,271.213258
17729.898611,270.990655
17730.196111,270.797088
17730.499444,270.739017
17730.803056,270.913228
17731.0725,271.077761
17731.349444,271.377791
17731.644722,271.116475
17732.285,271.387469
17732.880556,271.522967
17733.414722,271.668143
17734.064444,271.784283
17734.561667,271.968173
17734.925833,271.881067
17735.2,271.542324
17735.478056,271.435861
17735.778056,271.542324
17736.023611,271.687499
17736.3425,271.726213
17736.723889,271.997208
17737.066389,272.064956
17737.400833,272.132705
17737.793333,271.80364
17738.034444,271.697178
17738.618056,271.571359
17739.333056,271.44554
17739.735,271.435861
17740.082222,271.493932
17740.436111,271.50361
17741.505,271.552002
17741.949722,271.74557
17742.346111,271.793962
17742.545278,271.793962
17743.411111,271.968173
17744.046389,272.055278
17744.943889,271.900424
17745.329167,271.697178
17745.775278,271.474575
17746.535278,271.493932
17746.938611,271.251972
17750.287222,271.793962
17750.551667,271.522967
17750.891667,271.358434
17751.159722,271.174545
17751.426389,271.20358
17751.731389,271.029369
17751.953333,271.010012
17752.160833,271.164866
17752.284444,271.077761
17752.549444,271.271329
17752.893333,271.048726
17753.135556,271.426183
17753.425278,271.600394
17753.787222,271.426183
17754.095556,271.329399
17754.392222,271.50361
17754.737222,271.600394
17755.329444,271.648786
17755.633611,271.687499
17756.006389,271.842354
17756.316667,271.755248
17757.279444,271.706856
17757.559167,272.064956
17757.925,271.900424
17758.723056,271.697178
17759.107222,271.397148
17759.422222,271.493932
17760.369167,271.648786
17760.648333,271.677821
17761.011111,271.416505
17761.456389,271.919781
17761.822778,271.958494
17762.089444,272.035921
17762.3575,272.46177
17762.710556,271.910102
17763.326389,271.532645
17763.963333,271.552002
17764.284167,271.532645
17764.955556,271.832675
17765.258611,271.977851
17765.581667,272.210132
17765.981389,272.326273
17766.258333,272.355308
17767.238333,272.316595
17767.505278,272.171419
17767.844444,271.881067
17768.028611,271.813318
17768.63,271.542324
17769.001944,271.968173
17769.311111,272.248846
17769.513889,272.471449
17769.839167,272.752122
17770.129444,273.032795
17770.393889,273.381217
17770.717778,273.729639
17770.994444,273.971599
17771.261944,273.526393
17771.5325,273.313468
17771.854167,272.965046
17772.139167,272.858584
17772.423611,272.529519
17772.765833,272.142384
17773.041389,272.064956
17773.358611,272.084313
17773.612778,272.084313
17774.198611,272.181097
17774.489722,272.239167
17774.815278,272.10367
17775.372778,272.34563
17775.642778,272.442414
17775.986111,272.4037
17776.279167,272.355308
17776.553611,272.355308
17776.868056,272.142384
17777.124722,271.968173
17777.413056,272.123027
17777.749167,272.084313
17778.023889,272.316595
17778.290556,272.248846
17778.524444,272.239167
17778.845,272.16174
17779.099167,272.064956
17779.336667,272.035921
17779.636667,272.277881
17779.968611,272.771479
17780.2425,272.800514
17780.507222,272.70373
17780.828333,272.70373
17781.086667,272.519841
17781.319167,272.268203
17781.604167,272.297238
17781.923056,272.152062
17782.194722,272.152062
17782.408889,272.248846
17782.711111,272.142384
17782.995278,272.200454
17783.510556,272.432735
17783.85,272.548876
17784.451389,272.481127
17784.775278,272.848906
17785.064444,272.839227
17785.344722,272.781157
17785.621667,272.655338
17785.930556,272.529519
17786.197778,272.481127
17786.468333,272.374665
17786.797222,272.258524
17787.351389,272.006886
17787.590833,271.929459
17787.892778,271.977851
17788.176667,272.064956
17788.437222,272.297238
17788.765833,272.355308
17789.048056,272.423057
17789.330278,272.684373
17789.625278,272.432735
17789.919167,272.306916
17790.178889,272.423057
17790.440556,272.258524
17790.733333,272.0456
17791.000833,271.929459
17791.276667,271.80364
17791.541667,271.668143
17792.038889,271.387469
17792.800278,271.542324
17793.063056,271.668143
17793.338333,271.774605
17793.612778,272.074635
17794.207222,272.268203
17794.484167,272.181097
17795.05,271.987529
17795.338611,271.813318
17795.591667,271.687499
17795.912778,271.735891
17796.18,271.590715
17796.436667,271.764926
17796.795833,271.677821
17797.345556,271.764926
17797.6275,271.832675
17797.956944,272.142384
17798.176389,271.910102
17798.769722,272.016565
17799.052778,271.958494
17799.341111,271.793962
17799.734167,271.590715
17800.054444,271.658464
17800.270833,271.871389
17800.528611,272.035921
17800.912778,271.948816
17801.185556,271.997208
17801.449167,272.10367
17801.891389,272.210132
17802.163333,272.355308
17802.419722,272.423057
17802.722222,272.616625
17803.000833,272.810192
17803.58,272.616625
17803.911944,272.519841
17804.173889,272.529519
17804.414444,272.423057
17804.7775,272.413378
17805.054167,272.171419
17805.753333,272.16174
17805.996944,272.248846
17806.286111,272.16174
17806.888333,272.006886
17807.115,272.132705
17807.433611,272.200454
17807.811944,272.500484
17808.093333,272.394022
17808.366111,272.423057
17808.639444,272.481127
17809.015,272.364986
17809.280556,272.335951
17809.937222,271.900424
17810.229444,271.842354
17810.501389,272.297238
17810.828056,272.016565
17811.128889,272.035921
17811.445556,271.890745
17811.783611,271.987529
17812.072778,272.248846
17812.350278,272.432735
17812.990278,272.955368
17813.405556,272.452092
17813.730833,272.394022
17814.005833,272.210132
17814.584167,271.948816
17815.247778,271.784283
17816.408056,272.64566
17816.723333,272.742444
17817.033889,272.790835
17817.309167,272.926333
17817.493889,272.926333
17817.971389,272.781157
17818.506111,272.577911
17818.783611,272.519841
17819.063611,272.210132
17819.339167,272.219811
17819.595556,272.171419
17819.926944,272.287559
17820.197778,272.016565
17820.450833,272.084313
17820.79,271.977851
17821.051667,272.10367
17821.311944,272.490805
17821.575278,272.268203
17821.872222,272.200454
17822.2025,272.171419
17822.471667,272.016565
17822.7875,271.919781
17823.045278,271.929459
17823.521944,271.822997
17823.826389,271.890745
17824.344167,272.152062
17824.535,272.335951
17825.01,272.432735
17825.540833,272.723087
17826.180278,272.713408
17826.491389,272.897298
17826.834722,272.916655
17827.115278,272.64566
17827.402222,272.732765
17827.7475,273.071509
17828.0175,272.994082
17828.979167,272.916655
17829.291111,272.887619
17829.572778,272.70373
17830.249167,272.742444
17830.538056,272.936011
17830.904722,272.858584
17831.196944,273.00376
17831.491667,273.00376
17831.816667,272.723087
17832.105,272.577911
17832.391944,272.568233
17832.6325,272.626303
17833.28,272.70373
17833.618056,272.723087
17833.951389,272.616625
17834.273333,272.64566
17834.5725,272.858584
17834.896944,273.284433
17835.4975,273.236041
17835.8425,273.226363
17836.13,273.119901
17836.429722,273.032795
17836.733333,272.877941
17836.995556,272.364986
17837.298056,272.190775
17837.573889,272.229489
17837.923333,272.355308
17838.220833,272.46177
17838.4725,272.519841
17838.788889,272.481127
17839.071111,272.384343
17839.601944,272.529519
17840.102222,272.384343
17840.505556,272.46177
17840.850556,272.519841
17841.086389,272.529519
17841.356389,272.655338
17841.5825,272.46177
17842.182222,272.132705
17842.480833,272.0456
17842.807778,272.006886
17843.350833,272.0456
17843.639444,272.219811
17843.95,272.287559
17844.217778,272.4037
17844.486667,272.694052
17844.834444,273.148936
17845.091111,273.371539
17845.366944,273.371539
17845.720833,272.984403
17845.996111,272.974725
17846.254444,272.936011
17846.52,272.877941
17846.852778,272.858584
17847.443056,272.713408
17847.788333,272.732765
17848.141667,272.965046
17848.348611,273.352182
17848.593056,273.584463
17848.928056,273.468323
17849.190556,273.410252
17849.493056,273.458644
17849.806389,273.555428
17850.061944,273.507036
17850.362778,273.371539
17850.630833,273.197328
17850.967222,273.419931
17851.218056,274.494232
17851.527778,274.523267
17851.86,274.755548
17852.137778,274.465196
17852.396389,274.484553
17852.953611,272.936011
17853.798889,273.119901
17854.095,273.400574
17854.374444,273.294112
17854.645833,273.352182
17854.990278,273.294112
17855.546944,273.342504
17855.866667,273.24572
17856.142778,273.274755
17856.456111,273.439287
17856.780278,273.390896
17857.008889,273.332825
17857.311667,273.371539
17857.59,273.216685
17857.946389,273.323147
17858.226111,273.390896
17858.781389,273.507036
17859.3775,273.36186
17859.724444,273.536071
17860.017222,273.497358
17861.1275,273.323147
17861.4375,273.158614
17861.757778,273.052152
17862.334167,272.897298
17862.627778,272.994082
17862.981389,273.119901
17863.288056,273.207006
17863.5375,273.419931
17863.839722,273.565106
17864.963333,273.739317
17865.225556,273.439287
17865.475833,273.00376
17865.798333,273.284433
17866.548333,272.626303
17866.873889,272.423057
17867.390278,272.597268
17867.758611,272.713408
17868.02,272.7618
17868.263056,273.168293
17868.566667,273.332825
17868.902222,273.700604
17869.1625,273.768353
17869.417778,273.923207
17869.728611,273.623177
17870.023889,273.584463
17870.2775,273.652212
17870.905,273.36186
17871.160833,273.294112
17871.4625,273.139257
17872.311111,273.042474
17872.545,272.984403
17873.750556,273.207006
17874.032778,273.448966
17874.276389,273.468323
17874.519444,273.952242
17875.166389,274.010312
17875.428333,273.865136
17875.766111,273.894172
17876.035278,273.555428
17876.330833,273.555428
17876.639722,273.478001
17876.903333,273.265076
17877.188333,273.236041
17877.406111,273.168293
17878.276667,273.129579
17878.553333,273.207006
17878.868333,273.294112
17879.13,273.265076
17879.391667,273.081187
17879.730556,273.158614
17879.951944,273.323147
17880.203056,273.284433
17880.476944,273.439287
17880.799167,273.516715
17881.094167,273.274755
17881.311667,273.265076
17881.555556,273.236041
17881.87,273.168293
17882.133333,273.023117
17882.730833,272.471449
17883.018611,272.34563
17883.305556,272.355308
17883.555556,272.481127
17883.874444,272.7618
17884.140833,272.916655
17884.412778,273.255398
17884.637222,273.381217
17885.2475,273.177971
17885.834167,272.616625
17886.390833,272.084313
17886.708056,272.200454
17886.978333,272.364986
17887.226389,272.4037
17887.5,272.364986
17887.82,272.306916
17888.952778,272.558554
17889.233611,272.800514
17889.516944,272.752122
17889.840556,272.268203
17890.14,272.219811
17890.933611,271.813318
17891.195833,271.774605
17891.465833,271.687499
17891.807778,271.697178
17892.065,271.648786
17892.334722,271.639107
17892.621389,271.735891
17892.925833,272.035921
17893.437778,272.742444
17893.760278,272.577911
17894.038889,272.297238
17894.311667,271.987529
17894.913889,271.629429
17895.143611,271.484253
17895.45,271.377791
17895.763611,271.310042
17896.036667,271.281007
17896.271944,271.222937
17896.53,271.26165
17896.795278,271.484253
17897.082778,271.80364
17897.340833,271.793962
17897.607778,271.735891
17897.928333,271.755248
17898.214167,271.735891
17898.490833,271.784283
17898.786389,271.793962
17899.062222,271.813318
17899.636389,272.132705
17899.959444,272.035921
17900.229167,272.277881
17900.488056,272.277881
17900.794722,272.219811
17901.081389,272.026243
17901.346667,271.706856
17901.585278,271.619751
17901.909444,271.242294
17902.128611,271.155188
17902.388333,271.184223
17902.723889,271.310042
17902.975833,271.26165
17903.235278,271.377791
17903.503611,271.435861
17904.078333,271.174545
17904.382222,270.835801
17904.649167,270.700304
17904.996111,270.671269
17905.263056,270.651912
17905.516667,270.922907
17905.834444,271.14551
17906.116944,271.14551
17906.7075,271.193902
17906.988611,271.281007
17907.277222,271.26165
17907.529167,271.348756
17907.8175,271.310042
17908.085556,271.184223
17908.386389,271.310042
17908.741389,271.339077
17908.990833,271.377791
17909.276389,271.377791
17909.539444,271.290685
17909.845556,271.290685
17910.141111,271.242294
17910.734167,271.077761
17911.283889,271.019691
17911.543333,271.087439
17911.981667,271.048726
17912.3875,271.319721
17912.639167,271.339077
17912.973056,271.20358
17913.229722,271.097118
17913.497222,270.932585
17913.828056,271.368113
17914.097778,271.310042
17914.623333,271.14551
17914.969444,271.000334
17915.266111,270.980977
17915.542778,270.980977
17916.145556,271.077761
17916.438056,271.116475
17916.798333,271.029369
17917.1,271.097118
17917.3825,271.213258
17917.641667,271.368113
17917.984167,271.164866
17918.261389,270.932585
17918.557222,270.719661
17919.126111,271.56168
17919.395833,271.629429
17919.715,271.348756
17920.001389,271.164866
17920.272222,270.448666
17921.373333,270.700304
17922.011389,270.797088
17922.300278,271.097118
17922.573056,271.222937
17922.889444,271.155188
17923.164167,271.116475
17923.409444,271.019691
17923.752222,270.874515
17924.046111,270.84548
17924.869167,270.787409
17925.148333,270.66159
17925.448056,270.584163
17925.769167,270.487379
17926.024444,270.526093
17926.310278,270.555128
17927.452778,271.029369
17927.784444,270.951942
17928.042778,270.932585
17928.2925,270.864836
17928.903333,270.719661
17929.165278,270.748696
17929.431389,270.719661
17929.764722,270.709982
17930.068611,270.787409
17930.349722,270.787409
17930.955556,271.184223
17931.8025,271.455218
17932.104722,271.455218
17932.366389,270.971299
17932.625278,270.84548
17933.217778,270.177671
17933.789722,270.051852
17934.061111,269.916355
17934.314722,270.409952
17934.931111,270.526093
17935.191389,270.516415
17935.48,270.158314
17936.066111,270.032495
17936.542222,270.90355
17936.874722,270.806766
17937.404722,270.642234
17937.73,270.400274
17937.936667,270.206706
17938.211111,269.993782
17938.473611,269.848606
17938.783333,269.7615
17939.073333,269.732465
17939.337222,269.722787
17939.624167,269.916355
17939.933889,270.080887
17940.210833,270.138957
17940.468056,270.167993
17940.824444,270.206706
17941.049167,270.216385
17941.4075,270.24542
17941.753056,270.264776
17942.063611,270.274455
17942.345833,270.24542
17942.611667,270.226063
17942.962778,270.080887
17943.198056,270.071209
17946.929444,269.809892
17947.206667,269.70343
17947.486667,269.674395
17947.816389,269.558254
17948.105556,269.664716
17948.380278,269.548576
17948.607778,269.471149
17949.259167,269.538897
17949.600278,269.655038
17949.9475,269.7615
17950.2525,269.7615
17950.535,269.848606
17950.8775,269.819571
17951.164722,269.829249
17951.798333,269.829249
17952.0675,269.70343
17952.343611,269.558254
17952.625833,269.558254
17953.205,269.548576
17953.458333,269.529219
17953.794722,269.529219
17954.082222,269.538897
17954.360278,269.684073
17954.651944,269.664716
17955.011111,269.684073
17955.258333,269.751822
17955.519167,269.771179
17955.860278,269.838927
17956.416111,269.955068
17956.731111,270.013138
17957.119722,269.974425
17957.391667,269.829249
17957.736389,269.538897
17958.024444,269.277581
17958.291111,269.122727
17958.556111,269.093692
17959.140833,269.132405
17959.4025,269.074335
17959.728889,269.064656
17960.019444,269.025943
17960.547222,269.035621
17961.161944,269.248546
17961.425833,269.200154
17961.766667,269.190475
17962.019444,269.558254
17962.305,269.935711
17962.567222,270.516415
17962.896111,270.419631
17963.138611,270.255098
17963.4,270.167993
17963.723056,269.877641
17963.998611,269.655038
17964.266389,269.509862
17964.522778,269.374365
17964.843333,269.34533
17965.046111,269.335651
17965.274167,269.277581
17965.545556,269.229189
17965.816389,269.180797
17966.040556,269.074335
17966.290833,269.025943
17966.581667,269.016264
17966.890278,269.025943
17967.153333,268.967873
17967.4575,269.025943
17967.801667,269.229189
17968.084444,269.209832
17968.308056,269.171119
17968.576389,269.180797
17968.896389,269.0453
17969.190556,268.977551
17969.81,268.929159
17970.088889,268.871089
17970.5875,268.909802
17970.931389,269.016264
17971.471111,268.948516
17971.797222,268.909802
17972.072222,268.86141
17972.341111,268.851732
17972.596389,268.793662
17972.941111,268.735591
17973.207778,268.706556
17973.499722,268.648486
17973.831389,268.571059
17974.275278,268.542024
17974.546944,268.512988
17974.892778,268.435561
17975.1375,268.387169
17975.413056,268.309742
17975.7125,268.212958
17975.997778,268.174245
17976.291667,268.087139
17976.565833,268.067783
17976.876944,268.019391
17977.136667,268.029069
17977.392778,268.048426
17978.03,268.077461
17978.260278,268.125853
17978.502778,268.125853
17978.8325,268.087139
17979.111667,268.067783
17979.386389,268.029069
17979.645,268.029069
17979.981944,267.941964
17980.237222,267.912928
17980.494167,267.84518
17980.826389,267.806466
17981.119722,267.758074
17981.425,267.738717
17981.706389,267.767753
17982.186944,267.758074
17982.465833,267.874215
17982.805833,268.009712
17983.39,268.067783
17983.708611,268.048426
17984.019444,268.019391
17984.537222,267.854858
17984.858056,267.719361
17985.161667,267.700004
17985.405278,267.593542
17985.740556,267.535471
17985.991944,267.487079
17986.2725,267.419331
17986.5575,267.419331
17986.88,267.351582
17987.428056,267.554828
17987.7525,267.767753
17988.024722,267.758074
17988.300278,267.738717
17988.895833,267.883893
17989.160556,267.700004
17989.419444,267.496758
17989.7275,267.36126
17989.986111,267.283833
17990.244167,267.293512
17990.863333,267.187049
17991.126944,267.070909
17991.403056,267.070909
17991.728333,267.690325
17991.983056,267.951642
17992.559444,267.709682
17992.9125,267.622577
17993.157222,267.622577
17993.420278,267.680647
17993.739722,269.054978
17993.996667,270.032495
17994.27,270.419631
17994.540833,270.651912
17995.096667,270.787409
17995.363056,270.380917
17995.620833,270.30349
17995.966111,270.032495
17996.254167,270.00346
17996.522222,269.906676
17996.867222,269.916355
17997.168056,269.964746
17997.433611,270.080887
17997.763333,270.216385
17998.01,270.351882
17998.215278,270.409952
17998.465833,269.529219
17998.811389,268.793662
17999.106389,268.532345
17999.359722,268.493632
17999.6,268.493632
17999.939167,268.416204
18000.191111,268.193602
18000.401667,268.038747
18000.586667,267.912928
18000.989444,267.670969
18001.534722,267.506436
18001.846667,267.332225
18002.08,267.216084
18002.336389,267.070909
18002.61,266.983803
18002.957778,266.896698
18003.2325,266.809592
18003.508333,267.00316
18004.1375,269.587289
18004.723611,269.926033
18005.318333,269.771179
18005.606111,268.900124
18005.940556,268.464596
18006.456389,268.067783
18006.781667,267.922607
18007.0475,267.767753
18007.294722,267.680647
18007.5225,267.670969
18007.841111,267.632255
18008.040278,267.641934
18009.244722,267.574185
18009.491667,267.583863
18009.806944,267.738717
18010.061389,267.767753
18010.329167,267.738717
18010.607222,267.738717
18010.934167,267.738717
18011.175556,267.729039
18011.455278,267.670969
18011.806944,267.719361
18012.078889,267.680647
18012.365278,267.66129
18012.635,267.632255
18013.244722,267.66129
18013.504444,267.700004
18013.821389,267.738717
18014.072778,267.719361
18014.334167,267.641934
18014.605278,267.641934
18014.929167,267.622577
18015.481667,267.564506
18015.795556,267.506436
18016.051667,267.487079
18016.922222,267.525793
18017.188889,267.487079
18017.469444,267.506436
18017.791389,267.535471
18018.173333,267.554828
18018.445556,267.593542
18018.776111,267.632255
18019.350833,267.932285
18019.599722,267.893572
18020.1825,267.84518
18020.446944,267.796788
18020.754722,267.690325
18021.039444,267.709682
18021.596944,267.680647
18021.99,267.564506
18022.270556,267.525793
18022.534722,267.487079
18022.871111,267.467723
18023.143333,267.448366
18023.398611,267.458044
18023.750278,267.458044
18023.976944,267.467723
18024.541389,267.583863
18024.879722,267.680647
18025.443056,267.825823
18025.763056,267.893572
18026.289722,267.825823
18026.570278,267.825823
18027.182222,267.516114
18027.783889,267.351582
18028.103889,267.312868
18028.34,267.322547
18028.613056,267.312868
18028.951389,267.341904
18029.229722,267.322547
18029.514167,267.351582
18029.788889,267.419331
18030.0675,267.429009
18030.340833,267.390295
18030.598611,267.351582
18030.927778,267.283833
18031.604167,267.032195
18032.056667,267.012838
18032.464444,266.896698
18032.7925,266.867663
18033.343056,266.887019
18033.591944,266.935411
18033.914722,266.916054
18034.166111,266.935411
18034.411667,266.964446
18034.770278,267.041874
18035.051944,267.080587
18035.406111,267.30319
18035.745833,267.351582
18036.011667,267.332225
18036.218333,267.225763
18036.500833,267.119301
18036.8525,267.051552
18037.108333,266.993482
18037.361667,266.964446
18037.652222,267.00316
18037.965,267.00316
18038.225556,267.051552
18038.448333,267.051552
18038.792222,267.041874
18039.088333,267.109622
18039.359444,267.119301
18039.608056,267.187049
18039.941389,267.187049
18040.201944,267.206406
18040.813056,267.177371
18041.111667,267.148336
18041.391944,267.00316
18041.729722,266.887019
18041.986667,266.7612
18042.495833,266.625703
18042.814722,266.519241
18043.400556,266.422457
18043.7375,266.364386
18044.034444,266.354708
18044.561667,266.335351
18044.806944,266.306316
18045.070278,266.248246
18045.331667,266.199854
18045.620833,266.190175
18045.9475,266.170819
18046.513611,266.141783
18046.835556,266.151462
18047.097778,266.199854
18047.385833,266.16114
18047.710556,266.064356
18048.290833,265.948216
18048.593889,265.880467
18048.934722,265.851432
18049.241667,265.812718
18049.539722,265.812718
18049.885833,265.86111
18050.154444,266.180497
18050.451667,266.34503
18050.787778,266.557954
18051.106111,266.616024
18052.116944,266.799914
18052.392778,266.7612
18052.733333,266.693452
18053.633056,266.586989
18053.982778,266.635381
18054.304444,266.635381
18054.966944,266.664416
18055.279722,266.635381
18055.514722,266.683773
18056.480833,266.625703
18056.609444,266.635381
18057.263333,266.654738
18057.503611,266.664416
18057.528611,266.693452
18057.6,266.654738
18057.714444,266.683773
18058.0125,266.70313
18058.298611,266.664416
18058.550833,266.664416
18058.866667,266.712808
18059.126389,266.741844
18059.418889,266.7612
18059.752778,266.770879
18060.072778,266.780557
18060.605278,266.877341
18061.587778,266.46117
18061.924167,266.335351
18062.208889,266.074035
18062.798611,265.783683
18063.085278,265.686899
18063.374167,265.619151
18063.932222,265.522367
18064.230278,265.512688
18064.481111,265.493332
18064.778889,265.454618
18065.021111,265.454618
18065.555278,265.396548
18065.885,265.396548
18066.151667,265.367513
18066.432222,265.367513
18067.031389,265.377191
18067.284167,265.367513
18067.5825,265.357834
18067.924444,265.357834
18068.209444,265.309442
18068.988611,265.232015
18069.341111,265.241693
18069.628889,265.222337
18069.936667,265.212658
18070.234444,265.183623
18070.497222,265.193302
18071.101667,265.164266
18071.383333,265.222337
18072.579167,266.674095
18073.195833,266.780557
18073.4675,266.790235
18073.783611,266.770879
18074.070278,266.780557
18074.348611,266.780557
18074.603333,266.790235
18074.933333,266.712808
18075.499444,266.7612
18076.099444,266.896698
18076.395278,267.051552
18076.647778,267.080587
18076.981111,267.216084
18077.236944,267.254798
18077.513056,267.274155
18077.841111,267.041874
18078.1275,266.916054
18078.726667,266.654738
18078.992778,266.557954
18079.218056,266.490205
18079.483333,266.441813
18079.966944,266.364386
18080.928611,266.306316
18081.4875,266.335351
18081.835,266.315994
18082.29,266.335351
18082.571111,266.325673
18082.908611,266.335351
18083.19,266.354708
18083.485278,266.364386
18084.02,266.374065
18084.3125,266.34503
18084.602222,266.286959
18084.935278,266.257924
18085.204167,266.277281
18085.487222,266.257924
18085.801389,266.238567
18086.074722,266.219211
18086.367778,266.180497
18086.958333,266.190175
18087.464722,266.16114
18087.799444,266.16114
18088.069444,266.141783
18088.336111,266.132105
18088.946111,266.093392
18089.203056,266.035321
18089.458611,266.006286
18089.796667,266.015964
18090.183611,265.957894
18090.826111,265.86111
18091.120556,265.870789
18091.453333,265.870789
18091.790278,265.899824
18092.047778,265.957894
18092.315556,266.393422
18092.879167,267.225763
18093.145278,267.167693
18093.441667,266.993482
18093.76,266.596668
18093.998889,266.364386
18094.834167,266.083713
18095.114167,266.093392
18095.423056,266.054678
18095.768889,266.054678
18096.025,266.045
18096.285278,266.035321
18096.567778,266.015964
18096.906667,266.025643
18097.145833,265.996608
18097.429167,266.015964
18097.75,265.967573
18098.001944,265.967573
18098.255556,265.957894
18098.528611,265.899824
18098.869167,265.909502
18099.128889,265.938537
18099.746667,265.967573
18099.990833,265.928859
18100.259167,265.870789
18100.5375,265.909502
18100.877222,265.870789
18101.147222,265.832075
18101.413889,265.832075
18101.724722,265.812718
18102.013889,265.783683
18102.279444,265.783683
18102.556667,265.793362
18102.881944,265.774005
18103.153056,265.774005
18103.404722,265.754648
18103.746389,265.715934
18104.060556,265.715934
18104.530833,265.735291
18104.838056,265.725613
18105.088889,265.764326
18105.394167,265.764326
18105.741667,265.735291
18106.017222,265.754648
18106.285278,265.80304
18106.528889,265.774005
18106.9025,265.74497
18107.156389,265.706256
18107.420278,265.686899
18107.7075,265.638507
18107.975556,265.628829
18108.206111,265.590115
18108.4725,265.541723
18108.771111,265.396548
18108.992778,265.338477
18109.268889,265.319121
18109.501111,265.319121
18109.787222,265.309442
18110.067778,265.299764
18110.3425,265.299764
18110.615556,265.241693
18110.9325,265.212658
18111.199722,265.164266
18111.458056,265.173945
18111.887778,265.115874
18112.162222,265.106196
18112.425,265.057804
18112.725278,265.067483
18113.281389,265.077161
18113.5575,265.067483
18113.866944,265.077161
18114.121944,265.106196
18114.726944,265.067483
18115.016667,265.048126
18115.245,265.057804
18115.485,265.048126
18115.813333,265.048126
18116.114167,265.115874
18116.646111,265.251372
18116.936944,265.241693
18117.193333,265.270729
18117.466389,265.280407
18117.7425,265.319121
18118.003056,265.357834
18118.270833,265.348156
18118.558333,265.386869
18118.876667,265.386869
18119.125278,265.367513
18119.343611,265.348156
18119.955,265.386869
18120.221111,265.348156
18120.489167,265.348156
18120.829722,265.338477
18121.405556,265.299764
18121.747222,265.299764
18121.985556,265.299764
18122.286667,265.319121
18122.535,265.338477
18122.856111,265.309442
18123.128611,265.319121
18123.3975,265.357834
18123.736667,265.580437
18123.986667,265.841753
18124.254722,266.083713
18124.512778,266.170819
18124.81,266.112748
18125.070833,265.938537
18125.358056,265.822397
18125.718611,265.754648
18125.920556,265.725613
18126.179167,265.706256
18126.434444,265.667543
18126.731389,265.628829
18126.993056,265.609472
18127.258889,265.551402
18127.523889,265.532045
18127.798056,265.493332
18128.594167,265.464296
18128.905556,265.473975
18129.167222,265.473975
18129.421389,265.473975
18129.747778,265.50301
18130.019722,265.50301
18130.265278,265.483653
18130.525,265.493332
18130.830833,265.44494
18131.120278,265.396548
18131.356944,265.357834
18131.948889,265.280407
18132.231944,265.26105
18132.525556,265.280407
18132.843056,265.270729
18133.092778,265.270729
18133.345,265.290085
18133.710278,265.280407
18134.579167,265.251372
18134.921944,265.222337
18135.203056,265.212658
18135.801944,265.173945
18136.050833,265.164266
18136.316389,265.173945
18136.551667,265.164266
18136.878611,265.222337
18137.151389,265.241693
18137.740833,265.319121
18138.024722,265.357834
18138.293333,265.348156
18138.54,265.377191
18138.883611,265.396548
18139.17,265.377191
18139.47,265.309442
18139.785278,265.338477
18140.033056,265.280407
18140.306944,265.241693
18140.906944,265.183623
18141.143333,265.193302
18141.42,265.193302
18141.717222,265.154588
18141.962778,265.193302
18142.210833,265.164266
18142.472222,265.173945
18142.795556,265.183623
18143.32,265.20298
18143.582778,265.135231
18143.868333,265.135231
18144.168889,265.077161
18144.436944,265.077161
18144.744444,265.009412
18145.003611,265.048126
18145.2625,265.048126
18145.521111,265.067483
18145.832778,265.086839
18146.077222,265.115874
18146.348333,265.135231
18146.582778,265.115874
18146.904444,265.115874
18147.438611,265.077161
18147.761389,265.086839
18148.021111,265.057804
18148.291389,264.980377
18148.574722,264.990055
18149.134167,264.941663
18149.413889,264.96102
18149.756389,264.951342
18150.019444,264.941663
18150.276389,264.912628
18150.569167,264.864236
18151.152222,264.806166
18151.410833,264.796488
18151.7375,264.815844
18152.009167,264.84488
18152.794444,264.883593
18153.072222,264.873915
18153.309167,264.864236
18153.5775,264.835201
18153.915278,264.835201
18154.16,264.825523
18154.403333,264.786809
18154.7375,264.796488
18155.018056,264.757774
18155.307778,264.786809
18155.5625,265.019091
18155.8775,265.551402
18156.165833,265.793362
18156.42,265.899824
18156.759167,266.015964
18157.001111,265.948216
18157.270278,265.948216
18157.561389,265.919181
18158.1425,265.80304
18158.725833,265.715934
18159.123056,265.396548
18159.404167,265.183623
18159.741667,264.96102
18160.063333,264.835201
18160.367222,264.777131
18160.646389,264.767453
18160.989722,264.757774
18161.295,264.709382
18161.546389,264.719061
18162.173333,264.651312
18162.440556,264.641633
18162.968333,264.651312
18163.230278,264.670669
18163.466667,264.719061
18163.791111,264.699704
18164.363889,266.374065
18164.716944,266.616024
18165.113889,265.899824
18165.394167,265.425583
18165.776111,264.670669
18166.34,264.012538
18166.621111,263.857684
18166.918611,263.722187
18167.446944,263.615724
18167.778333,263.518941
18168.0675,263.480227
18168.268611,263.547976
18168.528333,263.64476
18168.860833,263.683473
18169.170833,263.654438
18169.441389,263.625403
18169.756111,263.567333
18170.025278,263.547976
18170.297778,263.509262
18170.562222,263.528619
18170.817778,263.528619
18171.403056,263.46087
18172.002222,263.422157
18172.263611,263.383443
18172.544444,263.4028
18173.141389,263.46087
18173.403889,263.441513
18173.724722,263.383443
18174.002778,263.364086
18174.288333,263.306016
18174.554722,263.315694
18174.863889,263.315694
18175.419167,263.286659
18175.772222,263.257624
18176.08,263.228589
18176.8975,263.180197
18177.187778,263.151162
18177.466667,263.151162
18177.799167,263.141483
18178.055556,263.131805
18178.316944,263.151162
18178.575556,263.16084
18178.876667,263.170519
18179.136111,263.180197
18179.436667,263.189875
18179.767778,263.383443
18180.051667,263.4028
18180.322778,263.373765
18180.620278,263.412478
18180.915,263.373765
18181.1625,263.364086
18181.428611,263.335051
18181.758611,263.315694
18182.023333,263.306016
18182.288056,263.296338
18182.563333,263.296338
18182.890278,263.325373
18183.428056,263.257624
18183.735,263.247946
18184.018056,263.238267
18184.289167,263.218911
18184.556667,263.199554
18184.906667,263.189875
18185.207222,263.083413
18185.475833,263.083413
18185.793611,263.015664
18186.085833,263.015664
18186.341667,263.005986
18186.606111,263.122127
18186.958333,263.654438
18187.204167,263.886719
18187.481944,264.06093
18188.117222,264.196428
18188.406111,264.196428
18188.620278,264.215784
18188.957222,264.235141
18189.215556,264.215784
18189.479444,264.177071
18189.835556,264.186749
18190.401667,264.148036
18190.771667,264.157714
18190.964167,264.148036
18191.257778,264.128679
18191.538333,264.138357
18191.906111,264.119001
18192.181111,264.109322
18192.473889,264.119001
18192.825556,264.089965
18193.111389,264.128679
18193.372778,264.051252
18193.718333,264.031895
18193.989444,264.051252
18194.260556,264.031895
18194.548889,264.070609
18196.015,263.993182
18196.356389,263.954468
18196.938889,263.896398
18197.194722,263.925433
18197.453333,263.94479
18197.798611,263.925433
18198.363333,263.818971
18198.645278,263.799614
18199.820278,263.751222
18199.976389,263.741543
18200.885556,263.693152
18201.186667,263.712508
18201.463333,263.693152
18201.793611,263.673795
18202.075556,263.683473
18202.345833,263.693152
18202.576667,263.664116
18202.907222,263.70283
18203.170556,263.693152
18203.407778,263.712508
18203.742222,263.712508
18204.004167,263.741543
18204.246944,263.741543
18204.555833,263.712508
18204.883056,263.722187
18205.164722,263.848006
18205.388611,263.877041
18205.640833,263.838327
18205.923056,263.848006
18206.237222,263.818971
18206.879444,263.780257
18207.141944,263.770579
18207.858889,263.70283
18208.120556,263.683473
18208.400278,263.606046
18208.756389,263.557654
18208.993611,263.518941
18209.263056,263.567333
18209.536944,263.518941
18209.865556,263.509262
18210.1325,263.46087
18210.378611,263.46087
18210.599167,263.46087
18210.936389,263.431835
18211.195833,263.441513
18211.483611,263.431835
18211.845833,263.412478
18212.1075,263.4028
18212.375833,263.393122
18212.961389,263.383443
18213.241944,263.4028
18213.492778,263.412478
18213.83,263.393122
18214.115278,263.383443
18214.385833,263.373765
18214.731944,263.422157
18215.2225,263.412478
18215.521111,263.383443
18216.137222,263.325373
18216.744722,263.306016
18217.0225,263.286659
18217.2625,263.296338
18217.845556,263.257624
18218.139444,263.286659
18218.425278,263.451192
18218.726389,263.567333
18218.998889,263.567333
18219.261944,263.547976
18219.526944,263.547976
18219.836944,263.441513
18220.363056,263.325373
18220.633611,263.296338
18220.9375,263.373765
18221.198333,263.383443
18221.485,263.393122
18222.186667,263.431835
18222.55,263.422157
18223.810833,263.383443
18224.022222,263.364086
18224.736667,263.276981
18224.983889,263.228589
18225.222778,263.228589
18225.507778,263.209232
18225.810278,263.228589
18226.076667,263.209232
18226.948889,263.180197
18227.466389,263.151162
18227.797222,263.112448
18228.063611,263.054378
18228.326667,263.025343
18228.749167,262.986629
18229.007778,262.996308
18229.2825,262.986629
18229.534167,262.986629
18229.8675,262.996308
18230.378889,262.996308
18231.013611,262.967272
18231.281944,262.918881
18232.105278,262.831775
18232.647778,262.831775
18232.960556,262.831775
18233.4625,262.812418
18233.794444,262.822097
18234.056111,262.822097
18234.321667,262.80274
18234.604722,262.764026
18234.927222,262.764026
18235.393611,262.74467
18235.646111,262.715634
18235.985278,262.647886
18236.274167,262.618851
18236.553889,262.667242
18236.848611,262.734991
18237.112778,262.754348
18237.510556,262.793062
18237.850556,262.80274
18238.152778,262.783383
18238.384722,262.793062
18238.9275,262.812418
18239.183611,262.783383
18239.456389,262.754348
18239.761667,262.705956
18240.020278,262.725313
18240.277778,262.764026
18240.539167,262.74467
18240.859444,262.74467
18241.391667,262.696278
18241.754167,262.705956
18242.015833,262.667242
18242.721667,262.647886
18243.016389,262.657564
18243.296944,262.657564
18243.592222,262.667242
18243.854167,262.676921
18244.1375,262.705956
18244.409167,262.647886
18244.730556,262.647886
18245.017778,262.551102
18245.278889,262.473675
18245.564444,262.357534
18245.865556,262.270429
18246.136667,262.241393
18246.391944,262.231715
18247.003333,262.241393
18247.2875,262.231715
18247.865,262.289785
18248.129722,262.26075
18248.632778,262.241393
18248.963056,262.222037
18249.2125,262.193002
18249.768889,262.251072
18250.321944,262.667242
18250.6,262.715634
18250.937778,262.705956
18251.167222,262.647886
18251.426944,262.599494
18252.077778,262.512388
18252.34,262.454318
18252.617778,262.425283
18252.953611,262.280107
18253.491389,262.163966
18253.809444,262.086539
18254.196667,262.067182
18255.009167,261.970399
18255.276389,261.980077
18255.536111,261.970399
18255.868889,261.931685
18256.158056,261.922007
18256.424444,261.863936
18256.753056,261.854258
18257.016111,261.892972
18257.267222,261.96072
18257.528611,262.231715
18257.865,262.396248
18258.410556,262.473675
18258.734722,262.493032
18259.010556,262.493032
18259.256667,262.483353
18259.528333,262.493032
18260.140833,262.580137
18260.386667,262.541423
18260.725278,262.580137
18261.001389,262.570459
18261.463889,262.541423
18261.775278,262.56078
18262.057222,262.580137
18262.344167,262.541423
18262.954444,262.580137
18263.216667,262.580137
18263.490556,262.56078
18263.843889,262.56078
18264.125,262.551102
18264.710556,262.512388
18265.208333,262.483353
18265.469722,262.454318
18265.7925,262.463996
18266.050556,262.44464
18266.321111,262.425283
18266.577778,262.434961
18266.901667,262.405926
18267.182222,262.396248
18267.423889,262.367212
18267.626389,262.376891
18267.956944,262.357534
18268.262222,262.367212
18268.5275,262.328499
18268.874444,262.328499
18269.124444,262.338177
18269.382222,262.318821
18269.652778,262.328499
18270.274167,262.318821
18270.545278,262.338177
18270.866944,262.299464
18271.100833,262.309142
18271.408611,262.299464
18271.6075,262.309142
18271.942222,262.289785
18272.198889,262.280107
18272.450556,262.26075
18272.796944,262.231715
18273.06,262.183323
18273.746667,262.067182
18274.023333,262.047826
18274.3025,262.067182
18274.595556,262.047826
18274.925,262.038147
18275.129167,262.018791
18275.411667,261.989755
18275.740833,261.980077
18276.000278,261.96072
18276.259722,261.931685
18276.531944,261.90265
18276.844167,261.931685
18277.107778,261.84458
18277.355556,261.776831
18277.645278,261.738117
18277.962222,261.709082
18278.278889,261.66069
18278.839722,261.641333
18279.125,261.641333
18279.396111,261.641333
18279.708056,261.621977
18280.024167,261.554228
18280.270556,261.573585
18280.533611,261.54455
18280.856944,261.534871
18281.130278,261.515514
18281.38,261.525193
18281.713889,261.496158
18282.105556,263.751222
18282.3425,267.409652
18282.605278,268.677521
18282.956944,267.467723
18283.214722,267.758074
18283.464722,269.4034
18284.078333,270.555128
18284.367222,270.787409
18284.613056,271.048726
18284.945556,271.348756
18285.219444,271.368113
18285.503611,271.300364
18285.926389,271.174545
18286.205278,271.068083
18286.429444,271.000334
18286.739444,270.893872
18287.011667,270.990655
18287.299167,271.077761
18287.573056,271.116475
18287.922778,270.922907
18288.175833,270.874515
18288.444444,270.84548
18289.066667,270.593842
18289.328333,270.293812
18289.59,270.24542
18289.908056,270.051852
18290.199167,268.783983
18290.754167,267.796788
18291.303611,268.435561
18291.58,268.309742
18292.163333,267.496758
18292.436944,267.690325
18292.845556,269.132405
18293.4075,269.180797
18293.751111,269.064656
18294.002778,267.748396
18294.263889,267.128979
18294.574167,266.799914
18294.918056,266.480527
18295.173333,266.325673
18295.448889,266.180497
18295.799444,265.986929
18296.060278,265.957894
18296.306944,265.851432
18296.618889,265.764326
18296.938889,265.715934
18297.217778,265.667543
18297.446389,265.677221
18297.788889,265.638507
18298.078611,265.609472
18298.345278,265.686899
18298.621667,265.764326
18298.939167,265.919181
18299.186111,265.967573
18299.4625,265.928859
18300.065278,265.890145
18300.329444,265.851432
18300.594167,265.841753
18300.905278,265.851432
18301.201667,265.822397
18301.475833,265.832075
18301.794722,265.909502
18302.202778,265.899824
18302.637222,265.80304
18302.950833,265.783683
18303.265556,265.764326
18303.548333,265.590115
18303.8225,265.483653
18304.098333,265.473975
18304.366667,265.454618
18304.618333,265.415904
18305.231667,265.357834
18305.470833,265.290085
18305.781667,265.241693
18306.053611,265.173945
18306.577778,265.193302
18306.917222,265.14491
18307.201111,265.106196
18307.473333,265.106196
18307.793056,265.086839
18308.116667,265.048126
18308.417778,264.951342
18308.777222,264.980377
18309.048056,264.96102
18309.584722,264.941663
18309.913889,265.086839
18310.143611,265.251372
18310.393611,265.319121
18310.721111,265.367513
18311.093611,265.396548
18311.376944,265.338477
18312.056944,265.20298
18312.35,265.222337
18312.634722,265.299764
18312.971667,265.386869
18313.258889,265.357834
18313.537778,265.377191
18313.856944,265.406226
18314.134167,265.328799
18314.389444,265.26105
18314.713333,265.20298
18315.071667,265.173945
18315.352222,265.14491
18315.946111,265.106196
18316.189444,265.077161
18316.448611,264.999734
18317.067778,264.96102
18317.3275,264.951342
18317.608611,264.96102
18317.952778,264.980377
18318.203056,264.912628
18319.020278,264.641633
18319.270833,264.554528
18319.537222,264.477101
18319.8675,264.380317
18320.125,264.30289
18320.345,264.264176
18320.564444,264.225463
18320.884722,264.235141
18321.143889,264.177071
18321.378611,264.186749
18321.710278,264.177071
18322.009444,264.138357
18322.265833,264.109322
18322.524167,264.119001
18323.226389,264.031895
18323.473889,263.993182
18323.805833,263.964146
18324.055556,263.94479
18324.310556,263.915754
18324.715,263.877041
18325.241389,263.818971
18325.508611,263.809292
18326.222222,263.722187
18326.930556,263.693152
18327.178889,263.664116
18327.433056,263.664116
18327.728333,263.654438
18327.965833,263.64476
18328.3525,263.664116
18328.6225,263.586689
18328.949722,263.557654
18329.208056,263.567333
18329.465556,263.567333
18329.775,263.557654
18330.261389,263.547976
18330.502222,263.509262
18330.825278,263.499584
18331.089167,263.489905
18331.360833,263.499584
18331.628056,263.528619
18331.963611,263.528619
18332.498889,263.528619
18332.805278,263.528619
18333.046111,263.470549
18333.340278,263.441513
18333.642778,263.4028
18333.976111,263.364086
18334.331389,263.364086
18334.588056,263.34473
18334.926667,263.34473
18335.222222,263.335051
18335.452778,263.335051
18335.790556,263.315694
18336.070556,263.296338
18336.356944,263.276981
18336.597778,263.267302
18336.915,263.276981
18337.175278,263.228589
18337.473056,263.189875
18337.745278,263.151162
18338.0425,263.10277
18338.618611,263.073735
18338.942222,263.035021
18339.230556,262.967272
18339.819722,262.938237
18340.105278,262.957594
18340.306389,262.976951
18340.580556,262.957594
18340.899722,262.947916
18341.183889,262.947916
18341.457778,262.928559
18341.76,262.880167
18342.003611,262.851132
18342.258889,262.851132
18342.512778,262.841453
18342.794444,262.851132
18343.090833,262.831775
18343.361111,262.851132
18343.607222,262.86081
18343.944722,263.935111
18344.193611,264.177071
18345.035833,263.34473
18345.314722,263.267302
18345.580556,263.112448
18346.2225,262.928559
18346.465278,262.889845
18346.835833,262.86081
18347.085556,262.870489
18347.621389,262.851132
18347.979444,262.812418
18348.270278,262.812418
18348.556944,262.783383
18348.863333,262.764026
18349.113056,262.696278
18349.410556,262.676921
18350.194167,262.618851
18350.889444,262.522067
18351.223889,262.531745
18351.503889,262.512388
18351.848611,262.50271
18352.118611,262.522067
18352.345556,262.50271
18352.602778,262.483353
18353.235,262.425283
18353.833889,262.386569
18354.107222,262.386569
18354.3925,262.405926
18354.620833,262.376891
18354.912778,262.386569
18355.494444,262.328499
18355.840278,262.26075
18356.113056,262.241393
18356.381944,262.20268
18356.709722,262.193002
18357.010556,262.193002
18357.266111,262.193002
18357.500556,262.163966
18357.843611,262.134931
18358.119722,262.14461
18358.396667,262.067182
18358.6475,262.067182
18358.976111,262.038147
18359.251944,262.028469
18359.534444,261.970399
18359.804444,261.970399
18362.354444,261.84458
18362.642222,261.815544
18362.970833,261.776831
18363.526111,261.796188
18363.841667,261.796188
18364.103333,261.825223
18364.390278,261.805866
18364.636111,261.805866
18364.963889,261.815544
18365.501111,261.796188
18365.828611,261.767152
18366.098333,261.776831
18366.353333,261.757474
18366.630278,261.728439
18366.9475,261.709082
18367.230278,261.651012
18367.503889,261.651012
18367.818889,261.670369
18368.049167,261.641333
18368.345,261.631655
18368.568611,261.631655
18368.839444,261.651012
18369.375556,261.573585
18369.634167,261.573585
18369.973333,261.583263
18373.948333,258.941063
18375.001111,259.163666
18375.1975,259.221737
18375.396667,259.231415
18375.698611,259.376591
18375.914167,259.337877
18376.285,259.308842
18376.566389,259.308842
18376.955556,259.328199
18377.487222,259.192701
18377.815833,259.115274
18378.112222,259.066882
18378.363611,259.047526
18378.632222,259.037847
18378.994722,258.999134
18379.251111,258.96042
18379.807778,258.921707
18380.287222,258.863636
18380.633611,258.824923
18380.978611,258.805566
18381.279722,258.786209
18381.536111,258.776531
18381.838611,258.757174
18382.399722,258.737817
18382.766667,258.737817
18383.055,258.747496
18383.319444,258.718461
18383.604722,258.737817
18383.941111,258.737817
18384.450556,258.708782
18384.764167,258.699104
18385.0275,258.718461
18385.612778,258.699104
18385.988056,258.689425
18386.258611,258.689425
18386.513333,258.679747
18386.8325,258.650712
18387.093889,258.641033
18387.311111,258.641033
18387.585556,258.641033
18387.9275,258.641033
18388.199444,258.621677
18388.466667,258.621677
18388.761389,258.60232
18389.0225,258.563606
18389.307778,258.553928
18389.594167,258.563606
18389.915556,258.515214
18390.182222,258.553928
18390.442778,258.54425
18390.739167,258.524893
18390.993889,258.534571
18391.261944,258.505536
18391.538889,258.495858
18391.871389,258.495858
18392.140833,258.476501
18392.408333,258.466822
18392.737222,258.437787
18393.009167,258.437787
18393.325278,258.447466
18393.562222,258.447466
18393.887222,258.399074
18394.031389,258.447466
18394.272778,258.515214
18394.531667,258.718461
18394.870278,258.921707
18395.1275,259.095918
18395.383333,259.347556
18395.7375,259.821797
18395.986389,260.363786
18396.271944,260.092791
18396.530833,259.986329
18397.150833,259.947616
18397.430833,259.947616
18397.748889,259.957294
18397.932222,259.947616
18398.226389,260.218611
18398.473056,260.218611
18398.475556,260.276681
18398.831389,260.4025
18399.340833,260.547676
18399.517222,260.547676
18399.595556,260.634781
18399.814167,260.634781
18399.916944,260.692852
18400.228611,260.750922
18400.515833,260.838027
18400.830278,260.838027
18400.842222,260.896098
18401.099722,260.896098
18401.105,260.934811
18401.389722,261.012238
18401.726389,261.06063
18401.983056,261.118701
18402.131111,261.118701
18402.381389,261.118701
18402.385278,261.225163
18402.781111,261.312268
18403.031667,261.389695
18403.319444,261.612298
18403.479444,261.612298
18403.572778,261.66069
18403.833056,261.66069
18403.919167,261.728439
18404.203333,261.767152
18404.459722,261.805866
18404.775,261.84458
18404.920278,261.84458
18405.284167,261.84458
18405.407222,261.931685
18405.738333,262.347856
18406.290833,262.347856
18406.298333,264.912628
18406.576944,264.912628
18406.605833,265.425583
18406.926389,264.922307
18407.200556,264.235141
18407.47,263.518941
18407.810278,263.0447
18408.338889,262.551102
18408.605556,262.415604
18408.960278,262.289785
18409.244444,262.20268
18409.515833,262.067182
18409.858056,261.883293
18410.15,261.757474
18410.411111,261.66069
18410.812778,261.515514
18411.104167,261.447766
18411.391389,261.370339
18411.714167,261.273555
18412.014444,261.205806
18412.244722,261.167092
18412.508889,261.079987
18412.848056,261.041273
18413.118056,260.983203
18413.331944,260.973525
18413.629722,260.963846
18413.977222,260.934811
18414.282778,260.896098
18414.539167,260.867062
18414.886111,260.867062
18415.165278,260.847706
18415.450278,260.789635
18415.768333,260.799314
18416.050278,260.770279
18416.313333,260.750922
18416.584444,260.712208
18416.8925,260.70253
18417.186667,260.70253
18417.447222,260.64446
18417.756667,260.615424
18418.048889,260.605746
18418.628889,260.567032
18418.944167,260.557354
18419.138611,260.508962
18419.431389,260.479927
18419.652222,260.479927
18419.985833,260.450892
18420.564167,260.421857
18420.868611,260.392822
18421.135833,260.392822
18421.397778,260.354108
18421.75,260.363786
18422.005833,260.334751
18422.163056,260.334751
18422.860833,260.334751
18423.151111,260.34443
18423.766389,260.305716
18424.046111,260.296038
18424.330556,260.296038
18424.5775,260.286359
18424.893611,260.247646
18425.123333,260.305716
18425.400278,260.276681
18425.645833,260.247646
18425.966389,260.237967
18426.2275,260.208932
18426.475,260.179897
18426.800556,260.170219
18427.035278,260.170219
18427.321944,260.16054
18427.599444,260.16054
18427.905,260.150862
18428.196389,260.121827
18428.471944,260.131505
18428.789167,260.092791
18429.069722,260.10247
18429.266389,260.092791
18429.542222,260.073435
18429.876944,260.10247
18430.083611,260.0444
18430.399444,260.063756
18430.6325,260.10247
18430.954722,260.10247
18431.211944,260.092791
18431.456944,260.092791
18431.7975,260.063756
18432.320556,260.073435
18432.914167,260.0444
18433.183611,260.005686
18433.435833,259.986329
18433.76,259.976651
18433.972778,259.966972
18434.249444,259.937937
18434.533889,259.937937
18434.857222,259.918581
18435.1325,259.928259
18435.401944,259.918581
18435.736111,259.928259
18435.983611,259.908902
18436.245556,259.918581
18436.513333,259.937937
18436.844167,259.918581
18437.394444,259.928259
18437.713056,259.879867
18438.266944,259.850832
18438.550556,259.831475
18438.856389,259.850832
18439.145556,259.831475
18439.421667,259.80244
18439.733056,259.812118
18440.0025,259.773405
18440.257222,259.783083
18440.521111,259.763726
18441.100278,259.763726
18441.645833,259.725013
18442.170556,259.773405
18442.612222,259.773405
18443.336944,259.725013
18443.634167,259.725013
18443.988056,259.725013
18444.268889,259.705656
18444.541111,259.705656
18445.334722,259.715334
18445.5875,259.725013
18445.9275,259.715334
18446.192222,259.666942
18446.754722,259.686299
18447.037222,259.676621
18447.328889,259.657264
18447.598056,259.666942
18447.920278,259.647586
18448.126944,259.618551
18448.332222,259.647586
18448.621389,259.637907
18449.099167,259.666942
18449.388611,259.763726
18449.785556,259.725013
18450.082222,259.725013
18450.304722,259.74437
18450.630833,259.773405
18450.890278,259.657264
18451.186667,259.608872
18451.779444,259.541123
18451.99,259.521767
18452.294167,259.492731
18452.618611,259.463696
18452.950556,259.434661
18453.216667,259.415304
18453.520833,259.415304
18453.859722,259.395948
18454.146111,259.415304
18454.613056,259.415304
18454.969444,259.415304
18455.235278,259.405626
18455.552222,259.395948
18455.869167,259.386269
18456.144722,259.357234
18456.437778,259.328199
18456.783611,259.318521
18457.089722,259.308842
18457.728056,259.299164
18458.011389,259.270129
18458.278056,259.299164
18458.5725,259.299164
18458.91,259.299164
18459.202778,259.289485
18459.395,259.279807
18459.633056,259.289485
18459.967222,259.289485
18460.248889,259.270129
18460.527222,259.250772
18461.44,259.212058
18461.7925,259.221737
18462.022222,259.183023
18462.564167,259.192701
18463.1775,259.14431
18463.381944,259.14431
18463.723889,259.183023
18464.256667,259.153988
18464.525556,259.124953
18464.821111,259.115274
18465.113611,259.095918
18465.394722,259.057204
18465.723889,259.095918
18465.998333,259.076561
18466.287778,259.057204
18466.583611,259.066882
18466.938333,259.028169
18467.184167,259.008812
18467.438056,259.008812
18468.062778,258.989455
18468.356111,258.970099
18468.928333,258.970099
18469.313611,258.921707
18469.604444,258.90235
18469.898333,258.882993
18470.251944,258.892671
18471.357222,258.853958
18471.715833,258.863636
18472.000278,258.84428
18472.250833,258.863636
18472.520278,258.863636
18472.786667,258.873315
18472.998889,258.853958
18473.299444,258.863636
18473.5175,258.84428
18473.905,258.815244
18474.196944,258.815244
18474.464722,258.824923
18474.774167,258.805566
18475.063889,258.824923
18475.600833,258.795888
18475.944722,258.786209
18476.203611,258.795888
18476.498611,258.737817
18476.807778,258.757174
18477.076667,258.728139
18477.303889,258.689425
18477.600278,258.699104
18477.934167,258.689425
18478.2325,258.679747
18478.825278,258.611998
18479.096111,258.611998
18479.375,258.611998
18479.628333,258.611998
18479.929722,258.592641
18480.178611,258.563606
18480.438889,258.573285
18480.760278,258.563606
18481.023056,258.553928
18481.274167,258.563606
18481.5175,258.524893
18481.866944,258.515214
18482.408056,259.50241
18482.703611,259.686299
18482.971944,259.763726
18483.241389,259.841153
18483.531944,259.86051
18484.136111,259.841153
18484.405556,259.86051
18484.719444,259.850832
18484.939444,259.841153
18485.203611,259.86051
18485.469444,259.831475
18485.796667,259.763726
18486.091389,259.734691
18486.366944,259.666942
18486.732222,259.763726
18486.986389,259.841153
18487.286389,259.899224
18487.588889,259.947616
18487.919167,259.957294
18488.185833,259.976651
18488.498333,260.025043
18488.835833,260.034721
18489.140556,260.054078
18489.422222,260.0444
18489.775556,260.054078
18490.058333,260.092791
18490.319444,260.073435
18490.642778,260.054078
18490.993333,260.0444
18491.246111,259.986329
18491.497222,259.918581
18491.813611,259.908902
18492.015,259.899224
18492.284444,259.841153
18492.572778,259.725013
18493.025833,259.579837
18493.313056,259.50241
18493.721111,259.357234
18493.993889,259.212058
18494.821944,258.941063
18495.090833,258.853958
18495.329444,258.766852
18495.581667,258.689425
18495.914167,258.611998
18496.184722,258.553928
18497.062778,258.428109
18497.3325,258.379717
18497.910833,258.282933
18498.170833,258.292611
18498.5825,258.234541
18498.915,258.205506
18499.180556,258.205506
18499.458611,258.147436
18499.789167,258.147436
18500.069167,258.137757
18500.342222,258.118401
18500.609722,258.06033
18500.949444,258.031295
18501.222222,258.031295
18501.510278,257.992581
18501.828333,258.00226
18502.111944,257.982903
18502.766944,257.934511
18503.0725,257.934511
18503.372778,257.895798
18503.723889,257.895798
18503.998056,257.915154
18504.229444,257.905476
18504.903611,257.866762
18505.191667,257.866762
18505.481667,257.857084
18505.875278,257.837727
18506.203889,257.828049
18506.906389,257.818371
18507.2925,257.779657
18507.638889,257.769979
18508.003889,257.789335
18508.288333,257.7603
18508.601944,257.779657
18508.978333,257.769979
18509.286944,257.779657
18509.626389,257.779657
18510.303611,257.750622
18511.2975,257.731265
18511.6275,257.711908
18511.973333,257.692551
18512.270278,257.70223
18512.578889,257.711908
18513.273889,257.653838
18513.592222,257.682873
18513.971944,257.653838
18514.284444,257.634481
18514.550833,257.624803
18514.8475,257.615124
18515.136667,257.615124
18515.418333,257.605446
18515.757222,257.595768
18516.032778,257.576411
18516.288056,257.595768
18516.833611,257.576411
18517.105556,257.64416
18517.367222,257.740943
18517.642222,257.828049
18518.0025,257.886119
18518.885833,258.011938
18519.157778,257.963546
18519.440556,257.973225
18519.767222,257.953868
18520.053611,257.953868
18520.330556,257.973225
18520.587222,257.953868
18520.930833,257.94419
18521.188056,257.963546
18521.453056,257.94419
18521.793056,257.963546
18522.075278,257.94419
18522.369444,257.94419
18523.535556,257.934511
18523.944167,257.934511
18524.265278,257.915154
18524.564722,257.895798
18524.973611,257.895798
18525.383056,257.876441
18525.804722,257.866762
18526.129722,257.857084
18526.433889,257.866762
18526.819167,257.847406
18527.120833,257.837727
18527.413056,257.866762
18527.789444,257.847406
18528.111389,257.828049
18528.428056,257.847406
18529.117778,257.818371
18529.451389,257.779657
18529.818889,257.818371
18530.101944,257.799014
18530.416111,257.769979
18530.807222,257.799014
18531.093333,257.7603
18531.415556,257.7603
18531.754167,257.731265
18532.078611,257.740943
18532.375278,257.740943
18532.738056,257.750622
18533.057778,257.721587
18533.723611,257.731265
18534.039444,257.711908
18534.345,257.711908
18534.639167,257.673195
18535.026389,257.70223
18535.298889,257.692551
18535.631944,257.663516
18536.015,257.653838
18536.296944,257.64416
18536.610556,257.653838
18537.263889,257.624803
18537.542222,257.624803
18537.885556,257.64416
18538.069722,257.634481
18538.360278,257.634481
18538.619444,257.624803
18538.944167,257.605446
18539.193611,257.605446
18539.486111,257.615124
18539.796111,257.615124
18539.821389,257.711908
18540.081667,257.682873
18540.596944,257.721587
18540.813056,257.721587
18540.848333,257.731265
18541.086944,257.731265
18541.119444,257.731265
18541.619722,257.721587
18541.934722,257.673195
18542.121111,257.673195
18542.556667,257.673195
18542.792778,257.682873
18543.081944,257.673195
18543.341944,257.64416
18543.5925,257.64416
18543.616111,257.653838
18543.856389,257.653838
18544.181111,257.653838
18544.466944,257.64416
18544.773889,257.624803
18544.9475,257.624803
18545.043611,257.624803
18545.219167,257.624803
18545.315833,257.615124
18545.590278,257.615124
18546.196944,257.605446
18546.236944,257.605446
18546.468611,257.624803
18546.516667,257.624803
18546.829444,257.615124
18547.079722,257.595768
18547.350556,257.537697
18547.523611,257.537697
18547.625556,257.566732
18547.853611,257.566732
18547.959722,257.547376
18548.234722,257.547376
18548.524722,257.537697
18548.878056,257.537697
18548.886667,257.557054
18549.131667,257.557054
18549.169722,257.547376
18549.416111,257.566732
18549.770556,257.537697
18550.038611,257.537697
18550.219167,257.537697
18550.327222,257.547376
18550.495556,257.547376
18550.587222,257.557054
18550.926944,257.537697
18551.193056,257.508662
18551.478056,257.508662
18551.529167,257.508662
18551.782222,257.508662
18551.783889,257.508662
18552.354722,257.537697
18552.618056,257.489305
18552.836667,257.489305
18552.927778,257.498984
18553.108333,257.498984
18553.473611,257.498984
18553.793611,257.479627
18554.234722,257.479627
18554.505556,257.479627
18554.5925,257.469949
18554.9075,257.498984
18555.197778,257.479627
18555.4725,257.479627
18555.523889,257.479627
18555.794722,257.479627
18555.818611,257.489305
18556.068611,257.489305
18556.356389,257.498984
18556.885,257.498984
18556.976111,257.479627
18557.162222,257.479627
18557.2675,257.498984
18557.538333,257.469949
18557.89,257.469949
18558.211389,257.469949
18558.421111,257.450592
18558.465833,257.450592
18558.759722,257.450592
18559.040833,257.431235
18559.327222,257.440913
18559.513889,257.440913
18559.610556,257.440913
18559.849722,257.440913
18559.993333,257.421557
18560.253056,257.392521
18560.519167,257.4022
18560.845278,257.392521
18560.883056,257.392521
18561.111667,257.382843
18561.157222,257.382843
18561.401667,257.363486
18561.753056,257.373165
18562.034167,257.373165
18562.036111,257.34413
18562.305278,257.34413
18562.581389,257.334451
18562.846389,257.334451
18563.083889,257.334451
18563.151667,257.334451
18563.395278,257.315094
18563.74,257.334451
18564.031667,257.315094
18564.183056,257.315094
18564.288889,257.324773
18564.440833,257.324773
18564.5525,257.324773
18564.868056,257.324773
18565.148889,257.305416
18565.401389,257.324773
18565.442222,257.324773
18565.638889,257.305416
18565.732222,257.305416
18565.946667,257.315094
18566.245833,257.286059
18566.7575,257.286059
18567.003333,257.295738
18567.283333,257.266702
18567.517222,257.411878
18567.770833,257.450592
18568.039444,257.440913
18568.0975,257.440913
18568.321944,257.431235
18568.584444,257.469949
18568.950833,257.440913
18569.135278,257.440913
18569.214167,257.469949
18569.391111,257.469949
18569.419167,257.469949
18569.728611,257.46027
18569.99,257.479627
18570.253056,257.46027
18570.450556,257.46027
18570.541944,257.469949
18570.771111,257.469949
18571.143889,257.450592
18571.762222,257.440913
18571.81,257.440913
18572.005556,257.450592
18572.066111,257.450592
18572.285833,257.431235
18572.542778,257.440913
18572.876111,257.440913
18573.118889,257.440913
18573.379167,257.440913
18573.389444,257.431235
18573.974167,257.469949
18574.253611,257.431235
18574.423056,257.431235
18574.528889,257.440913
18574.771389,257.440913
18574.876111,257.431235
18575.131111,257.421557
18575.412222,257.421557
18575.772222,257.411878
18575.810556,257.411878
18576.039722,257.392521
18576.076667,257.392521
18576.316111,257.4022
18576.588056,257.392521
18576.940833,257.373165
18577.095556,257.373165
18577.138889,257.373165
18577.329722,257.363486
18577.381111,257.363486
18577.620556,257.373165
18577.965833,257.34413
18578.228333,257.373165
18578.401111,257.373165
18578.727222,257.373165
18578.958889,257.373165
18579.121944,257.392521
18579.607778,257.4022
18579.823056,257.4022
18579.912778,257.392521
18580.090556,257.392521
18580.195,257.4022
18580.438333,257.4022
18580.768333,257.392521
18581.094167,257.392521
18581.449722,257.392521
18581.452222,257.392521
18581.788333,257.382843
18582.327222,257.373165
18582.4875,257.373165
18582.832222,257.373165
18582.921667,257.334451
18583.191389,257.353808
18583.454444,257.334451
18583.776944,257.315094
18583.937778,257.315094
18584.178333,257.305416
18584.219444,257.305416
18584.453889,257.305416
18585.110278,257.276381
18585.233611,257.276381
18585.410556,257.295738
18585.519722,257.295738
18585.720556,257.295738
18585.9925,257.276381
18586.335278,257.286059
18586.582778,257.286059
18586.6125,257.266702
18586.878056,257.266702
18586.896389,257.276381
18587.140278,257.276381
18587.406389,257.276381
18587.610833,257.247346
18587.924722,257.266702
18588.193333,257.227989
18588.484444,257.237667
18588.812222,257.227989
18589.073056,257.227989
18589.344167,257.189275
18589.646389,257.189275
18589.973056,257.198954
18590.251667,257.198954
18590.810833,257.179597
18591.051111,257.179597
18591.306389,257.179597
18591.635556,257.198954
18592.209444,257.169919
18593.100278,257.16024
18593.293333,257.150562
18593.541389,257.16024
18593.871111,257.16024
18594.131111,257.150562
18594.999722,257.150562
18595.271111,257.16024
18595.539167,257.131205
18595.906667,257.131205
18596.187778,257.131205
18596.448611,257.121527
18596.811389,257.131205
18597.0775,257.111848
18597.353056,257.111848
18597.711667,257.111848
18598.283611,257.073135
18598.576944,257.063456
18598.941944,257.073135
18599.556389,257.092491
18599.933333,257.073135
18600.254722,257.053778
18600.563889,257.10217
18600.881111,257.0441
18601.222222,257.0441
18601.559444,257.0441
18602.128889,257.015064
18602.472222,257.024743
18602.822778,257.005386
18603.098056,257.015064
18603.812222,257.034421
18604.389444,256.986029
18604.778333,257.005386
18605.085278,257.005386
18605.393333,257.015064
18605.745556,257.024743
18605.993056,257.034421
18606.271389,257.024743
18606.476389,256.986029
18606.856944,257.024743
18607.076111,257.015064
18607.288056,257.024743
18607.498889,257.024743
18607.795,257.015064
18608.036667,257.024743
18608.266111,257.015064
18608.566944,256.995708
18608.959444,256.986029
18609.248333,257.005386
18609.553889,256.995708
18609.807778,256.986029
18610.082222,256.995708
18610.333611,257.005386
18610.617778,256.986029
18610.945556,256.976351
18610.985278,256.976351
18611.227222,256.976351
18611.511111,256.976351
18611.632778,256.976351
18611.790556,256.976351
18612.051667,256.976351
18612.337778,256.995708
18612.615278,256.976351
18612.982778,256.956994
18613.262222,256.976351
18613.531111,257.005386
18613.831111,256.976351
18614.288889,256.976351
18614.758889,256.986029
18614.995278,256.986029
18615.022222,256.976351
18615.289722,256.995708
18615.552222,257.005386
18615.814444,256.976351
18615.998333,256.976351
18616.020833,256.995708
18616.255278,256.995708
18616.5075,256.976351
18616.869722,256.976351
18617.1925,256.976351
18617.352778,256.976351
18617.480833,256.976351
18617.623056,256.976351
18617.804444,257.005386
18618.079167,256.966672
18618.735833,256.966672
18618.935278,256.986029
18619.011111,256.986029
18619.146667,256.976351
18619.42,256.976351
18619.631389,256.995708
18620.011944,256.995708
18620.018333,256.966672
18620.326111,256.966672
18620.333611,256.976351
18620.725278,256.966672
18621.395,256.966672
18621.403333,256.966672
18621.644167,256.947316
18621.884167,256.947316
18621.957778,256.947316
18622.232222,256.966672
18622.562222,256.947316
18622.943889,256.947316
18623.258889,256.947316
18623.266944,256.966672
18623.594444,256.947316
18623.989722,256.956994
18624.284722,256.956994
18624.611944,256.956994
18624.705556,256.937637
18625.377778,256.956994
18625.716111,256.956994
18625.760556,256.947316
18625.97,256.947316
18626.298611,256.947316
18626.605,256.908602
18626.991111,256.908602
18627.301667,256.908602
18627.568056,256.947316
18628.143333,256.966672
18628.362222,256.966672
18628.381389,256.947316
18628.619722,256.947316
18628.8175,256.918281
18629.070278,256.918281
18629.296944,256.918281
18629.54,256.898924
18629.643333,256.898924
18629.872222,256.947316
18629.927778,256.947316
18630.226111,256.937637
18630.488889,256.937637
18630.816667,256.918281
18631.048889,256.918281
18631.3125,256.918281
18631.333889,256.937637
18631.743611,256.908602
18632.049444,256.918281
18632.356111,256.918281
18632.363333,256.927959
18632.633333,256.927959
18632.749444,256.918281
18633.060833,256.918281
18633.274167,256.918281
18633.516389,256.908602
18633.762222,256.908602
18634.013056,256.898924
18634.063889,256.898924
18634.240556,256.898924
18634.541111,256.898924
18634.824444,256.918281
18635.025278,256.898924
18635.326667,256.908602
18635.866944,256.879567
18635.909722,256.879567
18636.049722,256.879567
18636.260833,256.889245
18636.456111,256.898924
18637.009444,256.898924
18637.046944,256.908602
18637.281389,256.908602
18637.375,256.908602
18637.733056,256.918281
18638.001111,256.937637
18638.340833,256.937637
18638.595,256.937637
18638.764722,258.776531
18639.026944,259.434661
18639.311944,259.918581
18639.589167,260.305716
18639.626111,260.305716
18639.903056,260.305716
18639.908056,260.64446
18640.178889,260.828349
18640.446944,261.012238
18640.801944,261.167092
18640.962222,261.167092
18641.089444,261.292912
18641.224167,261.292912
18641.3425,261.409052
18641.600833,261.457444
18642.198333,261.621977
18642.244167,261.621977
18642.493889,261.66069
18642.528333,261.66069
18642.834444,261.370339
18643.102778,261.234841
18643.381111,261.167092
18643.564444,261.167092
18643.739722,261.138057
18643.925,261.138057
18644.027778,261.118701
18644.266111,261.079987
18644.5425,261.06063
18644.931389,261.06063
18645.151667,261.099344
18645.196944,261.099344
18645.4,261.031595
18645.750278,261.012238
18646.006667,260.896098
18646.258611,260.896098
18646.289722,260.721887
18646.550556,260.721887
18646.56,260.315394
18646.900556,259.899224
18647.182778,259.608872
18647.410278,259.434661
18647.616944,259.434661
18647.771111,259.250772
18647.970278,259.250772
18647.986944,259.076561
18648.255556,258.979777
18648.893611,258.699104
18649.076944,258.699104
18649.192778,258.631355
18649.356389,258.631355
18649.446944,258.553928
18649.780833,259.173345
18650.0425,259.705656
18650.35,260.141183
18650.386944,260.141183
18650.621389,260.354108
18650.708889,260.354108
18650.924444,260.257324
18651.183333,259.870189
18651.453611,259.618551
18651.719444,259.618551
18651.795833,259.424983
18651.973056,259.424983
18652.092222,259.318521
18652.368889,259.20238
18652.983611,259.20238
18653.0025,259.037847
18653.237778,259.037847
18653.247778,259.037847
18653.513056,259.018491
18653.841944,258.950742
18654.115,258.941063
18654.289444,258.941063
18654.565278,258.941063
18654.714722,258.892671
18655.023056,258.863636
18655.280833,258.863636
18655.548611,258.892671
18655.602778,258.892671
18655.855556,258.892671
18655.864167,258.853958
18656.138056,258.815244
18656.419167,258.805566
18656.765833,258.795888
18656.901667,258.795888
18657.0225,258.776531
18657.170833,258.776531
18657.530556,258.776531
18657.863889,258.757174
18658.163056,258.757174
18658.218056,258.757174
18658.475278,258.757174
18658.482778,258.737817
18658.813889,258.708782
18659.033056,258.718461
18659.246667,258.728139
18659.493056,258.728139
18659.761667,258.728139
18659.793611,258.699104
18660.009167,258.708782
18660.296389,258.699104
18660.572222,258.689425
18660.791667,258.689425
18660.931667,258.679747
18661.075278,258.679747
18661.207222,258.689425
18661.482778,258.670069
18661.78,258.670069
18662.191389,258.670069
18662.194167,258.641033
18662.497778,258.641033
18662.617222,258.650712
18662.966389,258.66039
18663.220278,258.650712
18663.470833,258.631355
18663.519722,258.631355
18663.814167,258.631355
18663.816667,258.66039
18664.338889,258.631355
18664.603056,258.641033
18664.843889,258.641033
18664.943056,258.611998
18665.106667,258.611998
18665.501667,258.573285
18665.850833,258.563606
18666.107778,258.563606
18666.112222,258.54425
18666.381111,258.54425
18666.386111,258.54425
18666.608611,258.515214
18666.923611,258.505536
18667.176944,258.495858
18667.448611,258.495858
18667.460833,258.505536
18667.706389,258.505536
18667.810556,258.505536
18668.1025,258.495858
18668.419722,258.457144
18668.713611,258.457144
18668.742222,258.476501
18668.966944,258.476501
18668.979167,258.466822
18669.244167,258.457144
18669.855,258.437787
18670.032222,258.437787
18670.126389,258.428109
18670.297778,258.428109
18670.408611,258.399074
18670.803056,258.418431
18671.324722,258.399074
18671.356111,258.399074
18671.624167,258.399074
18671.635,258.389395
18671.964444,258.418431
18672.164167,258.418431
18672.450833,258.408752
18672.633611,258.408752
18672.784722,258.399074
18672.965278,258.399074
18673.055278,258.389395
18673.334722,258.36036
18673.611389,258.370039
18673.923611,258.379717
18673.968333,258.379717
18674.186389,258.36036
18674.221111,258.36036
18674.449167,258.379717
18674.786111,258.379717
18675.066944,258.36036
18675.227778,258.36036
18675.3575,258.36036
18675.508333,258.36036
18675.636389,258.370039
18675.951667,258.350682
18676.253333,258.350682
18676.522222,258.350682
18676.530833,258.350682
18676.777222,258.350682
18676.881111,258.341003
18677.134167,258.341003
18677.396667,258.321647
18677.6075,258.341003
18677.821944,258.341003
18677.918056,258.331325
18678.083611,258.331325
18678.173333,258.311968
18678.453056,258.331325
18678.763611,258.331325
18679.017778,258.321647
18679.167222,258.321647
18679.312222,258.30229
18679.460556,258.30229
18679.586944,258.292611
18679.9275,258.30229
18680.2025,258.30229
18680.469444,258.30229
18680.476944,258.282933
18680.778056,258.282933
18680.806389,258.282933
18681.030278,258.292611
18681.318056,258.311968
18681.566944,258.273255
18681.790556,258.273255
18681.911389,258.253898
18682.058889,258.253898
18682.216944,258.24422
18682.409167,258.234541
18682.730278,258.24422
18683.005556,258.234541
18683.063611,258.234541
18683.363889,258.234541
18683.596667,258.186149
18683.901667,258.195828
18684.174722,258.224863
18684.364722,258.224863
18684.440833,258.224863
18684.624167,258.224863
18684.715556,258.234541
18684.9775,258.215184
18685.294167,258.224863
18685.7875,258.224863
18685.89,258.234541
18686.059444,258.234541
18686.220833,258.24422
18686.7725,258.205506
18687.162778,258.205506
18687.168056,258.195828
18687.4625,258.195828
18687.535,258.186149
18687.875556,258.186149
18688.142222,258.234541
18688.4025,258.166792
18688.473333,258.166792
18688.735278,258.166792
18688.739722,258.186149
18689.005,258.186149
18689.267778,258.166792
18689.541944,258.215184
18689.798333,258.215184
18689.896389,258.176471
18690.064444,258.176471
18690.186667,258.157114
18690.783889,258.157114
18691.074167,258.157114
18691.088056,258.166792
18691.338611,258.166792
18691.619167,258.147436
18691.953333,258.137757
18692.239167,258.157114
18692.436944,258.157114
18692.770556,258.157114
18692.891944,258.147436
18693.148889,258.128079
18693.410278,258.128079
18693.724444,258.137757
18693.795278,258.137757
18694.025833,258.108722
18694.081111,258.108722
18694.319167,258.108722
18694.605,258.070009
18694.904444,258.070009
18695.093611,258.070009
18695.181389,258.108722
18695.360278,258.108722
18695.408889,258.070009
18695.735833,258.099044
18695.990833,258.108722
18696.254167,258.070009
18696.395556,258.070009
18696.528056,258.070009
18696.729444,258.070009
18696.839444,258.070009
18697.398889,258.050652
18697.730833,258.050652
18697.732778,258.040973
18697.995833,258.040973
18698.005556,258.06033
18698.280556,258.050652
18698.5775,258.070009
18699.066389,258.070009
18699.204444,258.079687
18699.349167,258.079687
18699.467222,258.050652
18699.796389,258.079687
18700.064722,258.06033
18700.338889,258.040973
18700.378611,258.040973
18700.636111,258.040973
18700.714167,258.06033
18700.978333,258.050652
18701.240278,258.050652
18701.525833,258.050652
18701.7325,258.050652
18701.830556,258.040973
18701.984722,258.040973
18702.085278,258.050652
18702.624444,258.00226
18702.958889,258.011938
18703.006111,258.011938
18703.195833,258.011938
18703.2725,258.011938
18703.484444,258.00226
18703.785556,257.973225
18704.315833,257.973225
18704.326111,258.00226
18704.62,258.00226
18704.63,257.973225
18704.895,257.973225
18705.118056,257.973225
18705.406111,257.992581
18705.725278,257.992581
18705.731667,257.973225
18705.987778,257.973225
18706.008056,257.973225
18706.271667,257.963546
18706.5525,257.973225
18706.919722,257.963546
18707.084722,257.963546
18707.217222,257.953868
18707.343889,257.953868
18707.424167,257.934511
18707.579722,257.924833
18707.95,257.934511
18708.233611,257.905476
18708.381389,257.905476
18708.520833,257.94419
18708.725,257.94419
18708.754722,257.934511
18709.158333,257.953868
18709.374167,257.963546
18709.620278,258.90235
18709.874722,258.90235
18709.991389,259.957294
18710.050278,260.054078
18710.315,260.054078
18710.88,260.828349
18711.335278,260.828349
18711.479444,260.886419
18711.634444,260.886419
18712.100278,260.70253
18712.384444,260.683173
18712.621667,260.64446
18712.737778,260.64446
18712.925,260.625103
18712.998056,260.625103
18713.236389,260.634781
18713.51,260.64446
18713.856389,260.625103
18714.001389,260.625103
18714.130556,260.634781
18714.287222,260.634781
18714.387222,260.654138
18714.736111,260.450892
18715.006667,260.305716
18715.226667,260.228289
18715.373889,260.228289
18715.475556,260.150862
18715.641389,260.150862
18715.786389,260.054078
18716.056944,259.918581
18716.338889,259.628229
18716.614167,259.483053
18716.713889,259.483053
18716.903889,259.318521
18716.973333,259.318521
18717.464444,259.105596
18717.789167,259.173345
18717.975,259.173345
18718.054167,259.183023
18718.247222,259.183023
18718.379167,259.173345
18718.732778,259.153988
18718.996667,259.008812
18719.279722,259.008812
18719.3,258.90235
18719.565556,258.90235
18719.595278,258.795888
18719.914167,258.708782
18720.206111,258.631355
18720.715833,258.631355
18720.846389,258.515214
18720.980833,258.515214
18721.135556,258.447466
18721.443333,258.418431
18721.796111,258.36036
18722.045,258.36036
18722.065,258.311968
18722.315278,258.311968
18722.318056,258.24422
18722.601111,258.234541
18723.201389,258.157114
18723.349722,258.157114
18723.460833,258.166792
18723.635,258.166792
18723.763611,258.108722
18723.957222,258.099044
18724.238611,258.070009
18724.559444,258.021617
18724.766944,258.021617
18724.905556,257.992581
18725.038333,257.992581
18725.196944,257.963546
18725.506667,257.934511
18725.918611,257.94419
18726.0875,257.94419
18726.183611,257.905476
18726.346111,257.905476
18727.098056,258.011938
18727.286111,258.031295
18727.349722,258.031295
18727.593056,258.040973
18727.645833,258.040973
18727.874722,258.031295
18728.485,258.021617
18728.708056,258.021617
18728.828889,258.00226
18728.995556,258.00226
18729.091667,257.982903
18729.355,257.94419
18729.650556,257.94419
18729.979722,257.924833
18730.026389,257.924833
18730.280833,257.924833
18730.288889,257.915154
18730.566667,257.905476
18730.903889,257.915154
18731.211667,257.905476
18731.399167,257.905476
18731.539167,257.886119
18731.760556,257.886119
18731.880556,257.895798
18732.433611,257.847406
18732.767778,257.847406
18732.781111,257.818371
18733.036111,257.818371
18733.075278,257.818371
18733.713889,258.263576
18734.004167,258.370039
18734.051944,258.370039
18734.184444,258.389395
18734.479167,258.389395
18734.870833,258.486179
18735.162778,258.524893
18735.436667,258.524893
18735.4975,258.524893
18735.77,258.524893
18735.791944,258.524893
18736.0825,258.54425
18736.396667,258.515214
18736.730278,258.524893
18736.773333,258.524893
18736.927222,258.505536
18737.090278,258.505536
18737.2025,258.505536
18737.485833,258.495858
18737.793889,258.505536
18738.097222,258.505536
18738.326111,258.495858
18738.364722,258.495858
18738.908056,258.457144
18739.369722,258.457144
18739.484722,258.457144
18739.639167,258.457144
18740.056944,258.457144
18740.314444,258.447466
18740.598333,258.418431
18740.645556,258.418431
18740.931389,258.418431
18740.939167,258.418431
18741.528333,258.36036
18741.910556,258.321647
18741.966111,258.321647
18742.264722,258.321647
18742.475556,258.282933
18742.811944,258.24422
18743.086389,258.215184
18743.275833,258.215184
18743.383056,258.195828
18743.536944,258.195828
18743.754444,258.176471
18744.054722,258.157114
18744.316389,258.147436
18744.552222,258.147436
18744.836389,258.147436
18745.544444,258.118401
18745.863056,258.118401
18745.868333,258.108722
18746.188333,258.099044
18746.2325,258.099044
18746.4925,258.079687
18746.771667,258.070009
18747.095556,258.050652
18747.261944,258.050652
18747.344444,258.070009
18747.582222,258.070009
18747.995556,258.031295
18748.288889,257.982903
18748.606111,257.982903
18748.621667,257.973225
18748.858889,257.973225
18748.963611,257.953868
18749.280278,257.924833
18749.569167,257.934511
18749.895556,257.934511
18749.906389,257.94419
18750.160833,257.94419
18750.458611,257.905476
18750.795,257.876441
18751.115278,257.857084
18751.173333,257.857084
18751.396389,257.857084
18751.441667,257.857084
18751.754722,257.876441
18752.070556,257.828049
18752.378056,257.808692
18752.549167,257.808692
18752.765833,257.818371
18752.811389,257.818371
18753.075833,257.799014
18753.368333,257.789335
18753.933889,257.789335
18753.935833,257.789335
18754.165,257.769979
18754.222778,257.769979
18754.448056,257.740943
18755.0675,257.731265
18755.235556,257.731265
18755.330556,257.731265
18755.488056,257.731265
18755.643333,257.692551
18756.014167,257.673195
18756.293889,257.692551
18756.6025,257.692551
18756.889444,257.692551
18757.024722,257.673195
18757.243056,257.692551
18757.523056,257.682873
18757.916389,257.682873
18758.153611,257.64416
18758.238056,257.64416
18758.541389,257.673195
18758.852778,257.673195
18759.299444,257.673195
18759.423333,257.653838
18759.561944,257.653838
18759.734722,257.624803
18760.0525,257.64416
18760.32,257.624803
18760.5675,257.624803
18760.577778,257.634481
18760.833611,257.634481
18760.961944,257.624803
18761.2575,257.624803
18761.551111,257.624803
18761.871111,257.624803
18762.188056,257.624803
18762.215556,257.615124
18762.796667,257.605446
18763.259722,257.605446
18763.368889,257.595768
18763.516944,257.595768
18763.650556,257.605446
18764.021944,257.576411
18764.550556,257.576411
18764.561667,257.557054
18764.8025,257.557054
18764.953333,257.576411
18765.249444,257.566732
18765.853889,257.576411
18765.911944,257.595768
18766.155556,257.595768
18766.225278,257.557054
18766.480556,257.557054
18766.853056,257.537697
18767.175833,257.537697
18767.183333,257.518341
18767.433333,257.518341
18767.52,257.537697
18767.908333,257.537697
18768.236944,257.508662
18768.439444,257.508662
18768.525,257.498984
18768.796111,257.498984
18769.216944,257.498984
18769.498333,257.479627
18769.817778,257.479627
18769.830278,257.518341
18770.148889,257.518341
18770.163611,257.498984
18770.832778,257.469949
18771.163333,257.469949
18771.196111,257.498984
18771.420556,257.498984
18771.528889,257.479627
18771.870556,257.479627
18772.209444,257.479627
18772.4425,257.479627
18772.538333,257.489305
18772.781111,257.489305
18772.928611,257.469949
18773.282222,257.46027
18773.635556,257.498984
18773.872778,257.498984
18774.025556,257.46027
18774.213056,257.46027
18774.305,257.450592
18774.630556,257.479627
18775.066111,257.440913
18775.266389,257.440913
18775.351111,257.450592
18775.545,257.450592
18775.731944,257.450592
18776.081667,257.46027
18776.591389,257.46027
18776.956944,257.46027
18777.097778,257.450592
18777.802778,257.421557
18777.980278,257.421557
18778.0625,257.4022
18778.257222,257.4022
18778.345278,257.392521
18778.610278,257.373165
18778.912222,257.363486
18779.211111,257.353808
18779.365833,257.353808
18779.505278,257.392521
18779.710278,257.392521
18779.831111,257.373165
18780.080833,257.363486
18780.733056,257.363486
18780.736111,257.373165
18781.001111,257.373165
18781.007778,257.353808
18781.282778,257.373165
18781.8025,257.34413
18782.003611,257.34413
18782.068889,257.363486
18782.258333,257.363486
18782.843611,257.353808
18783.129444,257.353808
18783.293889,257.353808
18783.311944,257.334451
18783.520833,257.363486
18783.564167,257.363486
18783.803056,257.334451
18784.1175,257.315094
18784.312778,257.315094
18784.58,257.315094
18784.96,257.315094
18784.961667,257.315094
18785.440278,257.305416
18785.798333,257.295738
18785.973611,257.295738
18786.093889,257.305416
18786.245,257.305416
18786.405278,257.295738
18786.595556,257.295738
18786.956389,257.286059
18787.248333,257.286059
18787.545833,257.286059
18787.549167,257.276381
18787.921944,257.276381
18788.322222,257.286059
18788.5975,257.286059
18788.628889,257.276381
18788.954722,257.276381
18789.269167,257.276381
18789.564167,257.266702
18790.001667,257.266702
18790.004444,257.286059
18790.297778,257.286059
18790.303611,257.286059
18790.628056,257.276381
18790.980556,257.276381
18791.300278,257.276381
18791.556667,257.276381
18791.562778,257.286059
18791.883333,257.305416
18792.191944,257.286059
18792.513611,257.286059
18792.565833,257.286059
18792.872222,257.286059
18792.875,257.266702
18793.199722,257.276381
18793.568889,257.257024
18793.909444,257.257024
18793.933333,257.237667
18794.214444,257.237667
18794.219722,257.295738
18794.529444,257.247346
18794.900278,257.257024
18795.222222,257.257024
18795.231389,257.257024
18795.514167,257.257024
18795.516667,257.276381
18795.911389,257.266702
18796.48,257.266702
18796.5225,257.266702
18796.848889,257.266702
18796.858333,257.266702
18797.178611,257.237667
18797.868056,257.237667
18798.160278,257.237667
18798.914722,257.237667
18799.202222,257.237667
18799.236667,257.227989
18799.457778,257.227989
18799.566111,257.227989
18799.973611,257.237667
18800.318333,257.247346
18800.4975,257.247346
18800.650833,257.208632
18800.877778,257.208632
18801.018333,257.227989
18801.273889,257.208632
18801.570278,257.218311
18801.934722,257.218311
18801.947222,257.227989
18802.238611,257.227989
18802.248056,257.227989
18802.538611,257.198954
18802.885556,257.227989
18803.333333,257.227989
18803.41,257.198954
18803.588889,257.198954
18803.763889,257.208632
18804.058611,257.218311
18804.3175,257.218311
18804.6275,257.218311
18804.896389,257.218311
18804.922222,257.198954
18805.489722,257.189275
18805.856944,257.218311
18805.898056,257.218311
18806.066667,257.198954
18806.360833,257.198954
18806.5675,257.247346
18806.9225,257.227989
18807.214167,257.218311
18807.363056,257.218311
18807.716944,257.218311
18807.825556,257.189275
18808.073889,257.227989
18808.354444,257.237667
18808.651111,257.208632
18808.755278,257.208632
18809.021667,257.208632
18809.026389,257.208632
18809.275556,257.227989
18809.580278,257.227989
18809.932222,257.237667
18810.121389,257.237667
18810.248889,257.227989
18810.420278,257.227989
18810.551944,257.218311
18810.866389,257.218311
18811.117222,257.208632
18811.421111,257.218311
18811.461944,257.218311
18811.743889,257.218311
18811.748333,257.208632
18812.048889,257.208632
18812.478889,257.198954
18812.761667,257.198954
18812.846111,257.198954
18813.064167,257.198954
18813.185,257.179597
18813.880556,257.208632
18814.065833,257.208632
18814.195278,257.218311
18814.434167,257.218311
18814.527778,257.218311
18814.830833,257.227989
18815.179167,257.227989
18815.458889,257.227989
18815.738889,257.227989
18815.858333,257.208632
18816.169722,257.218311
18816.515833,257.208632
18816.754722,257.208632
18816.881667,257.198954
18817.063889,257.198954
18817.168611,257.179597
18817.601111,257.189275
18817.961667,257.189275
18818.172778,257.189275
18818.463333,257.189275
18818.953056,257.208632
18819.226667,257.179597
18819.530278,257.179597
18819.537778,257.189275
18819.822778,257.189275
18819.962222,257.198954
18820.316944,257.198954
18820.899722,257.198954
18821.051667,257.189275
18821.241389,257.189275
18821.784167,257.198954
18822.135556,257.189275
18822.327222,257.189275
18822.435833,257.198954
18822.710556,257.198954
18822.843056,257.198954
18823.457222,257.16024
18823.759167,257.16024
18823.848611,257.169919
18824.019444,257.169919
18824.163333,257.169919
18824.470278,257.150562
18824.822222,257.140883
18825.033889,257.140883
18825.121944,257.16024
18825.313889,257.16024
18825.415,257.169919
18825.750556,257.179597
18826.034722,257.169919
18826.378056,257.169919
18826.6275,257.16024
18826.731944,257.16024
18826.930278,257.179597
18827.218611,257.179597
18827.765278,257.16024
18827.792778,257.16024
18828.052778,257.16024
18828.06,257.189275
18828.363889,257.150562
18828.721667,257.16024
18829.160556,257.16024
18829.273056,257.16024
18829.443889,257.16024
18829.511944,257.150562
18829.852222,257.150562
18830.195833,257.150562
18830.473611,257.150562
18830.75,257.150562
18830.752778,257.140883
18831.045,257.150562
18831.357778,257.140883
18831.595833,257.140883
18831.753611,257.140883
18831.934167,257.131205
18832.086389,257.131205
18832.194167,257.140883
18832.805833,257.121527
18833.065556,257.150562
18833.104444,257.150562
18833.335,257.131205
18833.385,257.131205
18833.613611,257.121527
18833.942778,257.140883
18834.433889,257.140883
18834.773611,257.140883
18835.090556,257.121527
18835.380833,257.150562
18835.642778,257.150562
18835.847222,257.150562
18836.215556,257.150562
18836.223056,257.140883
18836.4775,257.169919
18836.83,257.140883
18837.325278,257.140883
18837.406667,257.111848
18837.598611,257.111848
18837.763611,257.140883
18838.051111,257.131205
18838.329167,257.131205
18838.593611,257.140883
18838.6275,257.140883
18838.896389,257.140883
18839.228056,257.131205
18839.523333,257.131205
18839.875,257.140883
18839.920278,257.140883
18840.186944,257.140883
18840.194722,257.121527
18840.475278,257.121527
18840.797778,257.121527
18841.12,257.111848
18841.296667,257.111848
18841.445278,257.131205
18841.631944,257.131205
18841.827778,257.140883
18842.100556,257.131205
18842.637222,257.131205
18842.772222,257.121527
18842.967778,257.121527
18843.081389,257.10217
18843.428611,257.140883
18843.784444,257.111848
18844.001667,257.111848
18844.300278,257.111848
18844.416389,257.121527
18844.783889,257.121527
18845.081389,257.121527
18845.352222,257.121527
18845.385278,257.121527
18845.722778,257.121527
18846.059444,257.10217
18846.367778,257.111848
18846.745,257.111848
18846.7525,257.111848
18847.042778,257.111848
18848.068333,257.111848
18848.106667,257.111848
18848.328333,257.111848
18848.362222,257.111848
18849.313333,257.10217
18849.357222,257.10217
18849.5975,257.111848
18849.63,257.111848
18850.17,257.121527
18850.451111,257.111848
18850.736944,257.111848
18850.818056,257.121527
18851.052778,257.121527
18851.080833,257.10217
18851.343056,257.073135
18851.646667,257.073135
18852.002222,257.073135
18852.069167,257.073135
18852.2725,257.111848
18852.324444,257.111848
18852.550556,257.10217
18852.900556,257.092491
18853.190833,257.073135
18853.333056,257.073135
18853.446667,257.111848
18853.630556,257.111848
18853.717778,257.10217
18854.026111,257.092491
18854.195278,257.092491
18854.771111,257.092491
18855.096944,257.092491
18855.249167,257.073135
18855.460556,257.063456
18855.727222,257.063456
18856.114167,257.063456
18856.281389,257.063456
18856.438611,257.063456
18856.556667,257.092491
18857.213056,257.10217
18857.521111,257.10217
18857.526111,257.092491
18857.778333,257.092491
18857.923333,257.10217
18858.147778,257.092491
18858.448056,257.111848
18858.830833,257.111848
18859.085,257.111848
18859.207222,257.10217
18859.503056,257.063456
18859.836944,257.092491
18860.107778,257.092491
18860.111667,257.053778
18860.383056,257.053778
18860.448056,257.092491
18860.781944,257.073135
18861.007778,257.111848
18861.4725,257.111848
18861.81,257.111848
18861.921389,257.092491
18862.2075,257.092491
18862.828889,257.092491
18862.86,257.063456
18863.1225,257.063456
18863.179444,257.10217
18863.483611,257.092491
18863.805,257.111848
18864.071944,257.10217
18864.253889,257.10217
18864.369444,257.073135
18864.544167,257.073135
18864.751667,257.111848
18865.011667,257.10217
18865.28,257.073135
18865.570556,257.073135
18865.573611,257.10217
18865.825278,257.10217
18865.930556,257.092491
18866.568611,257.111848
18866.848889,257.111848
18866.873889,257.10217
18867.160556,257.10217
18867.167778,257.121527
18867.483333,257.092491
18867.551111,257.092491
18868.191667,257.092491
18868.2475,257.092491
18868.444167,257.092491
18868.569167,257.10217
18869.173611,257.063456
18869.497222,257.063456
18869.506111,257.063456
18869.758889,257.063456
18869.863056,257.063456
18870.157222,257.063456
18870.403056,257.063456
18870.764444,257.063456
18871.054722,257.063456
18871.085278,257.053778
18871.3575,257.063456
18872.038333,257.063456
18872.095556,257.063456
18872.296944,257.0441
18872.370833,257.0441
18872.610833,257.034421
18873.184444,257.0441
18873.382222,257.0441
18873.583056,257.0441
18873.636667,257.0441
18873.943889,257.0441
18874.245833,257.073135
18874.6025,257.073135
18874.711944,257.073135
18874.9475,257.063456
18875.001667,257.063456
18875.215,257.063456
18875.496667,257.063456
18875.748889,257.10217
18875.945278,257.092491
18876.022222,257.092491
18876.240556,257.092491
18876.286389,257.092491
18876.508056,257.111848
18876.864167,257.121527
18877.121667,257.121527
18877.346667,257.121527
18877.356667,257.10217
18877.629444,257.10217
18877.718611,257.111848
18878.004722,257.111848
18878.1825,257.121527
18878.783056,257.121527
18878.904444,257.10217
18879.079722,257.10217
18879.194167,257.073135
18879.482778,257.111848
18879.834722,257.10217
18880.124722,257.10217
18880.4075,257.10217
18880.417222,257.073135
18880.782778,257.10217
18880.979722,257.121527
18881.395556,257.10217
18881.442222,257.10217
18881.765,257.10217
18881.788056,257.111848
18881.978333,257.10217
18882.268056,257.10217
18882.565,257.10217
18882.828889,257.10217
18882.830833,257.092491
18883.034722,257.10217
18883.080556,257.10217
18883.353889,257.10217
18883.728611,257.073135
18884.010833,257.073135
18884.176111,257.073135
18884.308056,257.073135
18884.458611,257.073135
18884.594444,257.073135
18885.481944,257.073135
18885.4875,257.063456
18885.741667,257.063456
18885.826667,257.073135
18886.053611,257.063456
18886.366389,257.053778
18886.651389,257.053778
18886.747222,257.053778
18887.041667,257.053778
18887.323611,257.0441
18887.631111,257.034421
18887.941111,257.063456
18888.112222,257.063456
18888.224722,257.053778
18888.391389,257.053778
18888.511944,257.053778
18888.857222,257.063456
18889.115556,257.0441
18889.393889,257.0441
18889.416944,257.063456
18889.716944,257.063456
18889.724167,257.053778
18890.198333,257.063456
18890.448056,257.053778
18890.784444,257.053778
18891.037778,257.053778
18891.044444,257.034421
18891.311111,257.0441
18891.586944,257.005386
18891.941111,257.0441
18892.118056,257.0441
18892.2375,257.034421
18892.385833,257.034421
18892.502778,257.034421
18892.883889,257.015064
18893.133056,257.034421
18893.414444,257.034421
18893.419167,257.024743
18893.718889,257.024743
18893.770833,257.034421
18894.039444,257.0441
18894.323889,257.015064
18894.533333,257.024743
18894.785556,257.024743
18895.039444,257.024743
18895.126389,257.024743
18895.410556,257.034421
18895.750278,257.024743
18896.041389,257.024743
18896.044167,257.034421
18896.310833,257.034421
18896.336667,257.0441
18896.593889,257.063456
18896.959722,257.024743
18897.203056,257.0441
18897.355278,257.0441
18897.721111,257.0441
18897.763056,257.024743
18898.019167,257.0441
18898.336389,257.034421
18898.743333,257.034421
18898.750833,257.024743
18899.046667,257.024743
18899.051667,257.024743
18899.649167,257.015064
18899.923056,257.005386
18900.075556,257.005386
18900.242778,257.015064
18900.406389,257.015064
18900.606389,257.005386
18900.961944,257.005386
18901.231111,257.005386
18901.412778,257.005386
18901.509167,257.005386
18901.873889,257.015064
18902.072222,257.015064
18902.5675,257.015064
18902.920278,257.034421
18903.215,257.0441
18903.529167,257.034421
18904.164722,257.034421
18904.498611,256.995708
18905.155278,256.995708
18905.445556,257.005386
18905.780556,257.024743
18906.053889,257.015064
18906.338889,256.986029
18907.282778,256.986029
18907.525,257.005386
18907.855,256.995708
18908.146944,256.986029
18908.350833,256.986029
18908.638333,257.015064
18908.970556,256.986029
18909.251111,256.976351
18909.551389,256.995708
18909.8725,256.976351
18910.153889,256.995708
18910.454444,257.005386
18910.795278,256.986029
18911.051389,256.986029
18911.331111,256.966672
18911.580278,256.986029
18911.909167,256.986029
18912.196667,256.976351
18912.9175,256.976351
18913.525,256.966672
18913.8025,256.956994
18914.052778,256.956994
18914.369444,256.966672
18914.651944,256.966672
18914.9775,256.966672
18915.325278,256.947316
18915.651667,256.956994
18915.999722,256.956994
18916.289167,256.947316
18916.595,256.986029
18916.915556,256.966672
18917.206111,256.976351
18917.835833,256.937637
18918.125278,256.956994
18918.715278,256.947316
18919.02,256.956994
18919.283333,256.937637
18919.578889,256.956994
18920.024167,256.947316
18920.325833,256.947316
18920.638889,256.947316
18920.996389,256.947316
18921.565,256.947316
18921.846667,256.966672
18922.079722,256.947316
18922.351389,256.937637
18922.6025,256.937637
18922.953333,256.918281
18923.193889,256.918281
18923.467222,256.947316
18924.154167,256.947316
18924.457778,256.937637
18924.808333,256.937637
18925.092778,256.947316
18925.395833,256.927959
18926.1825,256.947316
18927.0475,256.947316
18927.561944,256.937637
18927.902778,256.927959
18928.298333,256.927959
18928.490556,256.937637
18928.856667,256.966672
18929.091389,256.947316
18929.371111,256.918281
18929.845,256.937637
18930.4075,256.927959
18930.806111,256.927959
18931.078333,256.937637
18931.573889,256.908602
18932.163056,256.927959
18932.371944,256.918281
18933.057778,256.947316
18933.343611,256.918281
18933.593889,256.918281
18933.943056,256.908602
18934.184444,256.918281
18934.483056,256.927959
18934.8325,256.927959
18935.124722,256.927959
18935.732222,256.927959
18936.016111,256.918281
18936.294444,256.947316
18936.526389,256.927959
18936.785556,256.918281
18937.0025,256.927959
18937.268333,256.927959
18937.830833,256.918281
18938.126667,256.918281
18938.430833,256.918281
18939.091667,256.918281
18939.386944,256.918281
18939.752778,256.908602
18939.975833,256.918281
18940.2825,256.908602
18940.548333,256.898924
18940.902778,256.908602
18941.174722,256.889245
18941.444167,256.889245
18941.833333,256.918281
18942.379167,256.927959
18942.733333,256.898924
18943.032222,256.937637
18943.593056,256.927959
18943.908611,256.927959
18944.191667,256.918281
18944.483056,256.908602
18944.808056,256.908602
18945.060833,256.908602
18945.3525,256.898924
18945.733056,256.918281
18946.215278,256.956994
18946.409722,256.956994
18946.778333,256.986029
18947.078889,256.986029
18947.402778,256.966672
18947.59,256.986029
18948.29,256.995708
18948.608333,256.995708
18948.972222,256.995708
18949.187778,256.995708
18949.393333,257.015064
18949.756111,256.986029
18950.171944,257.005386
18950.631667,256.986029
18951.079167,257.005386
18951.349444,256.995708
18952.045556,256.995708
18952.346944,257.015064
18952.618333,256.995708
18952.940556,257.005386
18953.244722,257.005386
18953.560833,257.024743
18953.898889,256.995708
18954.211944,257.015064
18954.465,256.986029
18955.0975,256.986029
18955.415278,257.024743
18955.754167,257.005386
18956.613611,256.995708
18956.983333,256.995708
18957.2575,257.005386
18957.919722,257.005386
18958.236667,256.986029
18958.504167,257.005386
18958.858889,257.005386
18959.114167,257.015064
18959.747778,257.015064
18959.976667,256.986029
18959.998611,257.005386
18960.049444,257.015064
18960.320833,256.995708
18960.644722,256.976351
18960.764722,257.015064
18961.057778,256.995708
18961.341667,256.986029
18961.970278,256.986029
18962.277778,256.976351
18962.561111,257.005386
18962.9025,256.986029
18963.203889,256.986029
18963.487222,256.976351
18963.567222,256.966672
18963.872222,256.995708
18963.968611,257.005386
18964.133889,256.986029
18964.376667,256.976351
18964.743056,256.966672
18965.029167,256.986029
18965.300278,256.976351
18965.594444,256.986029
18965.903611,256.986029
18966.211667,256.966672
18966.466389,256.995708
18966.791111,256.995708
18967.340556,256.976351
18967.614444,256.966672
18968.51,256.986029
18968.836667,256.976351
18969.099167,256.956994
18969.384722,256.986029
18970.008333,256.986029
18970.168889,256.966672
18970.418056,256.986029
18970.781667,256.986029
18971.038056,256.986029
18971.527778,256.966672
18971.85,256.956994
18972.147222,256.966672
18972.437778,256.976351
18972.795833,256.976351
18973.075556,256.976351
18973.298611,256.966672
18973.539444,256.956994
18973.812222,256.956994
18974.018611,256.956994
18975.079167,256.956994
18975.353056,256.937637
18975.718056,256.956994
18976.101111,256.956994
18976.312222,256.966672
18977.479722,256.966672
18977.772778,256.976351
18978.054167,256.976351
18978.344444,256.976351
18978.718333,256.956994
18979.011389,256.976351
18979.885278,256.937637
18980.161944,256.986029
18980.427222,256.976351
18980.764444,256.937637
18981.170556,256.956994
18981.539722,256.927959
18981.892778,256.937637
18982.191944,256.937637
18982.471667,256.956994
18982.783611,256.947316
18983.065,256.947316
18983.369722,256.937637
18983.736944,256.937637
18984.003333,256.937637
18984.273056,256.927959
18984.448889,256.927959
18984.786389,256.947316
18985.083611,256.937637
18985.3675,256.937637
18985.7275,256.956994
18985.938889,256.947316
18986.131389,256.966672
18986.382778,256.986029
18986.753333,256.937637
18987.282222,256.947316
18987.976389,256.956994
18988.479444,256.927959
18988.798889,256.976351
18989.050556,256.927959
18989.32,256.947316
18989.648056,256.966672
18989.962778,256.947316
18990.22,256.947316
18990.508056,256.956994
18990.85,256.937637
18991.143333,256.956994
18991.462778,256.927959
18991.817222,256.927959
18992.048889,256.908602
18992.354722,256.918281
18992.981111,256.918281
18993.265,256.898924
18993.586944,256.918281
18993.895556,256.937637
18994.134167,256.918281
18994.421111,256.937637
18994.764722,256.918281
18995.048889,256.918281
18995.298333,256.918281
18995.569167,256.908602
18995.902222,256.898924
18996.1775,256.908602
18996.447778,256.918281
18996.780278,256.927959
18997.040556,256.908602
18997.340556,256.908602
18997.619444,256.918281
18997.950278,256.918281
18998.272778,256.927959
18998.862222,256.927959
18999.214444,256.937637
18999.495,256.918281
18999.805278,256.956994
19000.102222,256.937637
19000.522222,256.927959
19000.867778,256.937637
19001.121389,256.918281
19001.606111,256.937637
19001.941944,256.937637
19002.216389,256.927959
19002.51,256.927959
19002.865556,256.947316
19003.022778,256.918281
19003.185833,256.927959
19003.474444,256.937637
19003.809444,256.918281
19004.107778,256.937637
19004.384167,256.918281
19005.088333,256.898924
19005.378611,256.918281
19005.784167,256.918281
19006.065556,256.908602
19006.612778,256.927959
19006.958889,256.918281
19007.227222,256.898924
19008.180556,256.908602
19008.778889,256.908602
19009.068056,256.927959
19009.336111,256.908602
19009.611667,256.927959
19009.953889,256.918281
19010.234722,256.908602
19010.8075,256.927959
19011.079722,256.918281
19011.725833,256.908602
19012.318611,256.889245
19012.605833,256.898924
19013.206944,256.908602
19013.487222,256.898924
19013.848611,256.879567
19014.135,256.898924
19014.348333,256.908602
19014.6175,256.908602
19014.938611,256.908602
19015.215833,256.908602
19015.499722,256.879567
19016.134722,256.898924
19016.409722,256.918281
19016.741944,256.908602
19017.013333,256.879567
19017.576111,256.879567
19017.923889,256.898924
19018.465833,256.879567
19018.795,256.86021
19019.083889,256.898924
19019.611944,256.898924
19019.934167,256.898924
19020.554444,256.879567
19020.899444,256.879567
19021.1475,256.879567
19021.383333,256.889245
19021.736389,256.889245
19022.192778,256.879567
19022.915556,256.879567
19023.453056,256.879567
19023.801667,256.879567
19024.108056,256.889245
19024.350278,256.889245
19024.527222,256.869889
19025.246111,256.879567
19025.736667,256.879567
19026.020833,256.879567
19026.286111,256.869889
19026.550556,256.879567
19026.886389,256.869889
19027.181389,256.86021
19027.454722,256.850532
19027.646944,256.879567
19027.975556,256.86021
19028.337778,256.86021
19028.982778,256.86021
19029.273611,256.879567
19029.902222,256.840853
19030.1825,256.840853
19030.832778,256.869889
19031.104722,256.889245
19031.414722,256.86021
19031.759167,256.879567
19032.013056,256.850532
19032.295278,256.869889
19032.549444,256.850532
19032.905,256.850532
19033.189167,256.850532
19033.488333,256.840853
19033.802778,256.869889
19034.075556,256.879567
19034.726389,256.869889
19035.02,256.869889
19035.219444,256.86021
19035.831667,256.840853
19036.363333,256.840853
19036.638056,256.831175
19036.984722,256.850532
19037.386111,256.831175
19037.710833,256.821497
19037.995,256.850532
19038.279722,256.840853
19038.546389,256.831175
19038.909444,256.869889
19039.185,256.831175
19039.805556,256.840853
19040.077222,256.831175
19040.336389,256.850532
19040.542222,256.840853
19040.895,256.86021
19041.193889,256.86021
19041.490833,256.86021
19041.73,256.840853
19041.995833,256.850532
19042.274444,256.821497
19042.519722,256.831175
19042.855278,256.840853
19043.144722,256.840853
19043.426944,256.840853
19043.801667,256.821497
19044.101944,256.831175
19044.474444,256.850532
19044.762222,256.821497
19044.955556,256.821497
19045.2325,256.840853
19045.507778,256.811818
19047.074722,256.811818
19047.374167,256.80214
19047.742222,256.80214
19049.007778,256.80214
19049.302778,256.811818
19049.758611,256.831175
19050.045,256.792461
19050.316667,256.831175
19050.613611,256.80214
19050.938333,256.831175
19051.216944,256.811818
19051.507222,256.80214
19051.871944,256.811818
19052.140278,256.821497
19052.444722,256.811818
19052.777778,256.792461
19053.086111,256.792461
19053.368889,256.792461
19053.558056,256.782783
19053.889722,256.80214
19054.188056,256.792461
19054.488611,256.792461
19054.840833,256.80214
19055.220833,256.782783
19055.503056,256.773105
19055.870278,256.773105
19056.136389,256.763426
19056.477222,256.773105
19056.763889,256.773105
19057.056389,256.811818
19057.3375,256.782783
19057.938611,256.792461
19058.24,256.80214
19058.4625,256.80214
19058.795,256.792461
19059.035556,256.821497
19059.316667,256.80214
19059.605278,256.821497
19059.944167,256.811818
19060.2225,256.811818
19060.521389,256.811818
19060.853056,256.80214
19061.125833,256.821497
19061.426389,256.80214
19061.773611,256.80214
19062.073056,256.80214
19062.361111,256.782783
19062.645556,256.792461
19063.003611,256.773105
19063.28,256.792461
19063.539722,256.782783
19064.223333,256.792461
19064.4125,256.782783
19064.7475,256.782783
19065.028056,256.80214
19065.628611,256.80214
19065.969722,256.831175
19066.2275,256.811818
19066.459722,256.80214
19066.8125,256.792461
19067.101111,256.80214
19067.384722,256.811818
19067.729444,256.773105
19067.980556,256.80214
19068.5425,256.80214
19069.186944,256.792461
19069.484167,256.80214
19069.834444,256.773105
19070.224167,256.782783
19070.731111,256.811818
19071.029444,256.811818
19071.226667,256.792461
19071.489722,256.821497
19071.794722,256.80214
19072.064722,256.811818
19072.334167,256.792461
19072.616667,256.821497
19072.956667,256.811818
19073.220556,256.811818
19073.509167,256.811818
19073.8475,256.80214
19074.139444,256.792461
19074.395,256.782783
19074.715,256.821497
19075.290278,256.80214
19075.568056,256.792461
19075.908333,256.80214
19076.191944,256.792461
19076.4575,256.782783
19076.776389,256.80214
19077.063889,256.792461
19077.343333,256.782783
19077.629444,256.792461
19077.9725,256.782783
19078.244167,256.80214
19078.516111,256.80214
19078.829722,256.773105
19079.104722,256.782783
19079.3275,256.792461
19079.613889,256.773105
19079.943611,256.792461
19080.203056,256.763426
19080.503889,256.782783
19080.846667,256.782783
19081.1225,256.782783
19081.381389,256.763426
19081.646944,256.753748
19081.988333,256.74407
19082.286111,256.763426
19082.9125,256.734391
19083.193611,256.763426
19083.450833,256.753748
19083.803056,256.734391
19084.074722,256.763426
19084.332222,256.773105
19084.568611,256.763426
19084.923056,256.753748
19085.192222,256.734391
19085.4775,256.74407
19085.778889,256.763426
19086.063611,256.74407
19086.332778,256.74407
19086.577778,256.763426
19086.942778,256.74407
19087.239444,256.734391
19087.550556,256.734391
19087.8775,256.734391
19088.154722,256.74407
19088.421111,256.74407
19088.751111,256.734391
19089.044167,256.753748
19089.333056,256.724713
19089.633889,256.74407
19089.955556,256.74407
19090.220556,256.763426
19090.483611,256.763426
19090.800556,256.763426
19091.0925,256.753748
19091.37,256.734391
19091.728611,256.763426
19091.988889,256.734391
19092.196944,256.734391
19092.481389,256.753748
19092.812222,256.753748
19093.098611,256.734391
19093.367222,256.753748
19093.72,256.734391
19094.029167,256.74407
19094.2075,256.724713
19094.821944,256.773105
19095.088611,256.734391
19095.805833,256.74407
19096.1175,256.734391
19096.481944,256.753748
19096.822778,256.763426
19097.510556,256.74407
19098.194722,256.734391
19098.469167,256.74407
19098.807778,256.734391
19099.104167,256.74407
19099.455,256.724713
19100.058611,256.74407
19100.328889,256.734391
19100.593333,256.724713
19101.234444,256.74407
19101.513611,256.734391
19101.836389,256.724713
19102.133333,256.715034
19102.728056,256.74407
19102.979444,256.705356
19103.546389,256.734391
19103.874167,256.734391
19104.127222,256.705356
19104.408611,256.74407
19104.992778,256.734391
19105.169444,256.724713
19105.793056,256.724713
19106.611944,256.715034
19106.878611,256.715034
19107.129722,256.734391
19107.754722,256.724713
19107.995833,256.74407
19108.245,256.705356
19108.521944,256.715034
19108.857222,256.705356
19109.128889,256.705356
19109.735278,256.715034
19110.004444,256.695678
19110.5625,256.705356
19110.863333,256.724713
19111.403611,256.705356
19111.760833,256.705356
19112.025556,256.685999
19112.308611,256.695678
19112.591111,256.724713
19112.945,256.715034
19113.494167,256.695678
19113.832222,256.715034
19114.110833,256.715034
19114.623333,256.715034
19115.091667,256.695678
19115.354167,256.705356
19115.609444,256.705356
19115.963056,256.676321
19116.135,256.695678
19116.598611,256.676321
19116.976111,256.685999
19117.603889,256.666642
19118.066111,256.685999
19118.850278,256.676321
19119.126667,256.676321
19119.445278,256.666642
19120.068889,256.666642
19120.360278,256.666642
19120.710278,256.656964
19120.995278,256.676321
19121.245278,256.656964
19121.523889,256.666642
19121.884444,256.666642
19122.14,256.656964
19122.411667,256.637607
19122.724722,256.666642
19123.006667,256.656964
19123.559722,256.637607
19123.893056,256.666642
19124.199444,256.656964
19125.101389,256.656964
19125.382778,256.656964
19125.729722,256.656964
19126.049444,256.637607
19126.347778,256.647286
19126.605833,256.637607
19127.320833,256.627929
19127.611667,256.61825
19127.929444,256.656964
19128.479722,256.637607
19128.793611,256.627929
19129.0675,256.656964
19129.349444,256.647286
19129.626389,256.647286
19129.976389,256.637607
19130.753333,256.637607
19131.023889,256.647286
19131.246389,256.637607
19131.944722,256.656964
19132.219444,256.647286
19132.462222,256.656964
19132.787778,256.627929
19133.079722,256.637607
19133.625833,256.61825
19133.953056,256.656964
19134.541944,256.647286
19134.892778,256.637607
19135.181944,256.627929
19135.406944,256.637607
19135.717778,256.627929
19135.989722,256.647286
19136.269444,256.627929
19136.911389,256.627929
19137.197222,256.627929
19137.805556,256.569859
19138.069444,256.598894
19138.346111,256.637607
19138.543889,256.627929
19138.868056,256.608572
19139.155556,256.637607
19139.425556,256.61825
19139.736667,256.608572
19139.999444,256.598894
19140.275278,256.627929
19140.554167,256.608572
19140.881944,256.627929
19141.171111,256.627929
19141.461944,256.608572
19141.773611,256.608572
19142.592222,256.61825
19142.915833,256.627929
19143.403333,256.637607
19143.993333,256.627929
19144.278056,256.61825
19144.523056,256.637607
19144.860278,256.627929
19145.116111,256.608572
19145.409167,256.61825
19145.723611,256.61825
19146.2875,256.608572
19146.564444,256.627929
19146.894722,256.608572
19147.174167,256.61825
19147.471389,256.637607
19147.785,256.61825
19148.063611,256.61825
19148.360278,256.608572
19148.946111,256.608572
19149.251944,256.61825
19149.531667,256.598894
19149.873889,256.637607
19150.166667,256.637607
19150.5275,256.627929
19150.801667,256.647286
19151.075278,256.637607
19151.358056,256.608572
19151.606111,256.608572
19151.964444,256.627929
19152.237778,256.627929
19152.505278,256.627929
19152.833611,256.61825
19153.145278,256.637607
19153.413889,256.627929
19153.756944,256.627929
19154.706667,256.637607
19154.999444,256.627929
19155.264167,256.637607
19155.518611,256.647286
19155.865833,256.627929
19156.140833,256.627929
19156.745833,256.647286
19156.977778,256.647286
19157.260556,256.676321
19157.519444,256.666642
19157.836111,256.666642
19158.130278,256.666642
19158.742778,256.676321
19159.038333,256.676321
19159.355278,256.666642
19159.596944,256.685999
19159.923056,256.656964
19160.205278,256.666642
19160.481389,256.666642
19160.795278,256.666642
19161.054167,256.676321
19161.334167,256.656964
19161.594444,256.656964
19161.891667,256.656964
19162.179444,256.656964
19162.455833,256.647286
19162.784722,256.61825
19163.051667,256.666642
19163.624167,256.647286
19163.941389,256.656964
19164.193611,256.627929
19164.480278,256.647286
19164.795278,256.627929
19165.058889,256.656964
19165.635556,256.656964
19165.969167,256.666642
19166.233333,256.656964
19166.7825,256.647286
19167.061389,256.647286
19167.299444,256.637607
19167.881944,256.637607
19168.114722,256.666642
19168.431111,256.637607
19168.791667,256.656964
19169.058333,256.637607
19169.3275,256.647286
19169.575,256.647286
19169.907222,256.647286
19170.196111,256.637607
19170.439167,256.656964
19170.782222,256.647286
19171.062778,256.627929
19171.363333,256.637607
19171.611111,256.627929
19171.935278,256.61825
19172.213333,256.61825
19172.483056,256.627929
19172.774167,256.608572
19173.044722,256.627929
19173.312222,256.627929
19173.584167,256.608572
19173.906667,256.637607
19174.182222,256.598894
19174.565278,256.608572
19174.886667,256.61825
19175.171111,256.598894
19175.466389,256.61825
19175.777778,256.61825
19176.041111,256.608572
19176.346389,256.627929
19176.596111,256.598894
19176.932778,256.608572
19177.223889,256.598894
19177.466389,256.608572
19177.809444,256.61825
19178.061111,256.608572
19178.341944,256.61825
19178.63,256.61825
19178.972778,256.627929
19179.267778,256.647286
19179.8675,256.627929
19180.153056,256.61825
19180.403333,256.637607
19180.744167,256.608572
19181.077222,256.608572
19181.602222,256.589215
19181.945,256.589215
19182.198611,256.608572
19182.495556,256.598894
19182.847778,256.61825
19183.451944,256.598894
19184.469722,256.569859
19184.794167,256.608572
19185.083333,256.589215
19185.378611,256.598894
19185.719444,256.598894
19186.002222,256.608572
19186.522222,256.598894
19186.871389,256.589215
19187.165,256.598894
19187.413333,256.637607
19187.761389,256.589215
19188.041667,256.589215
19188.284444,256.608572
19188.521667,256.608572
19188.893056,256.627929
19189.196944,256.569859
19189.481389,256.598894
19189.799167,256.569859
19190.093056,256.589215
19190.495833,256.589215
19190.831389,256.608572
19191.055556,256.589215
19191.600278,256.56018
19191.917778,256.61825
19192.46,256.589215
19192.806667,256.598894
19193.077222,256.589215
19193.346111,256.569859
19193.608889,256.589215
19193.8975,256.589215
19194.161389,256.569859
19194.445556,256.598894
19194.780833,256.569859
19195.088611,256.589215
19195.337222,256.589215
19195.961667,256.569859
19196.233611,256.569859
19196.850556,256.569859
19197.126111,256.598894
19197.391667,256.589215
19198.24,256.589215
19198.471111,256.550502
19198.831389,256.569859
19199.113611,256.56018
19199.384722,256.598894
19199.753889,256.550502
19200.039167,256.589215
19200.335278,256.589215
19200.592222,256.569859
19200.954444,256.56018
19201.249167,256.598894
19201.531944,256.569859
19201.857222,256.540823
19203.303611,256.550502
19203.597222,256.540823
19203.970278,256.540823
19204.261667,256.531145
19204.548333,256.531145
19204.844722,256.531145
19205.163611,256.540823
19205.448333,256.550502
19205.790278,256.540823
19206.361944,256.531145
19206.633611,256.540823
19206.97,256.56018
19207.253333,256.56018
19207.520556,256.540823
19207.864167,256.550502
19208.123889,256.531145
19208.358889,256.569859
19208.609722,256.550502
19208.955278,256.550502
19209.230833,256.540823
19209.463056,256.531145
19209.814444,256.540823
19210.141667,256.521467
19210.432778,256.531145
19210.619444,256.531145
19211.186944,256.531145
19211.466111,256.521467
19211.796389,256.521467
19212.097222,256.521467
19212.373056,256.521467
19212.649722,256.56018
19213.282222,256.531145
19213.486667,256.521467
19213.852778,256.540823
19214.157778,256.540823
19214.953333,256.531145
19215.757778,256.540823
19216.3525,256.56018
19216.597778,256.540823
19216.950556,256.511788
19217.259167,256.550502
19217.485833,256.531145
19218.076667,256.540823
19218.317778,256.540823
19218.613056,256.540823
19218.892222,256.540823
19219.364444,256.550502
19219.73,256.569859
19220.000833,256.56018
19220.281944,256.56018
19220.868611,256.569859
19221.1275,256.569859
19221.4,256.56018
19221.719444,256.598894
19221.998056,256.56018
19222.304167,256.589215
19222.5925,256.598894
19222.899722,256.589215
19223.137778,256.608572
19223.778889,256.598894
19224.0175,256.569859
19224.625833,256.569859
19224.9725,256.56018
19225.284167,256.598894
19225.517222,256.56018
19226.151944,256.589215
19234.238889,256.540823
19234.51,256.550502
19234.865,256.56018
19235.131389,256.56018
19235.389722,256.550502
19235.717222,256.550502
19236.2575,256.56018
19236.880278,256.56018
19237.142778,256.569859
19237.410556,256.531145
19237.599444,256.56018
19237.929167,256.569859
19238.235278,256.550502
19238.771111,256.540823
19239.039167,256.569859
19239.314167,256.540823
19239.591111,256.540823
19239.939444,256.540823
19240.469722,256.569859
19240.775833,256.550502
19241.052222,256.589215
19241.333056,256.540823
19241.614722,256.540823
19241.94,256.531145
19242.22,256.550502
19242.485556,256.540823
19242.821944,256.550502
19243.051667,256.540823
19243.965,256.531145
19244.236667,256.540823
19244.864444,256.540823
19245.055833,256.550502
19245.376667,256.550502
19245.731111,256.531145
19246.013333,256.569859
19246.260556,256.540823
19246.574444,256.550502
19246.919167,256.569859
19247.499722,256.540823
19247.823333,256.56018
19248.078056,256.531145
19248.351667,256.540823
19248.633333,256.550502
19248.959444,256.550502
19249.211111,256.550502
19249.489722,256.56018
19249.829444,256.550502
19250.388889,256.56018
19250.7425,256.540823
19251.008333,256.550502
19251.283889,256.56018
19251.551389,256.569859
19251.865833,256.540823
19252.145833,256.540823
19252.398333,256.521467
19252.648611,256.531145
19253.208889,256.531145
19253.482778,256.531145
19253.8025,256.540823
19254.120556,256.531145
19254.402222,256.531145
19254.713611,256.540823
19255.605,256.531145
19255.968611,256.531145
19256.228889,256.550502
19256.513056,256.540823
19256.787778,256.550502
19257.088333,256.550502
19257.735833,256.56018
19257.950833,256.540823
19258.177778,256.531145
19258.790278,256.550502
19259.067778,256.540823
19259.37,256.511788
19259.709167,256.540823
19259.993611,256.531145
19260.268889,256.531145
19260.509722,256.531145
19260.851944,256.521467
19261.121944,256.540823
19261.395833,256.531145
19261.73,256.56018
19262.869444,256.531145
19263.121667,256.531145
19263.4125,256.511788
19265.829167,256.531145
19266.092222,256.521467
19266.713889,256.531145
19266.96,256.540823
19267.271944,256.50211
19267.534167,256.531145
19267.884722,256.540823
19268.149167,256.521467
19268.435833,256.521467
19268.779167,256.521467
19269.08,256.50211
19269.348056,256.511788
19269.5575,256.521467
19269.861944,256.540823
19270.146667,256.550502
19270.62,256.511788
19270.912222,256.50211
19271.183056,256.521467
19271.806944,256.540823
19272.063056,256.521467
19272.342778,256.511788
19272.378611,256.521467
19272.706389,256.511788
19272.980833,256.492431
19273.261389,256.50211
19273.554444,256.492431
19273.910278,256.521467
19274.184167,256.50211
19274.462222,256.511788
19274.765556,256.511788
19275.014444,256.492431
19275.3025,256.511788
19275.578056,256.50211
19275.89,256.50211
19276.425833,256.482753
19276.755833,256.511788
19277.022778,256.492431
19277.296944,256.511788
19277.496111,256.511788
19277.823889,256.531145
19278.106111,256.511788
19278.384167,256.511788
19278.646667,256.521467
19278.973611,256.531145
19279.256111,256.511788
19279.527222,256.50211
19279.824444,256.521467
19280.113056,256.511788
19280.723333,256.50211
19280.994167,256.531145
19281.268889,256.511788
19281.5375,256.521467
19281.881667,256.50211
19282.090833,256.492431
19282.325833,256.511788
19282.933611,256.511788
19283.196111,256.50211
19283.451389,256.492431
19283.778889,256.482753
19284.006667,256.50211
19284.269722,256.50211
19284.541667,256.492431
19285.3475,256.492431
19285.6175,256.492431
19285.923889,256.50211
19286.224167,256.540823
19286.809444,256.492431
19287.079722,256.521467
19287.346111,256.492431
19287.916667,256.492431
19288.195278,256.50211
19288.806944,256.492431
19289.045,256.482753
19289.2725,256.50211
19289.565,256.482753
19289.877778,256.492431
19290.132222,256.492431
19290.358333,256.473075
19290.606389,256.511788
19290.936111,256.511788
19291.209167,256.492431
19291.481389,256.482753
19292.043889,256.492431
19292.333056,256.511788
19292.622222,256.492431
19293.528611,256.482753
19293.846944,256.50211
19294.141389,256.473075
19294.419444,256.50211
19294.769167,256.473075
19295.054444,256.50211
19295.319722,256.453718
19295.586389,256.50211
19295.929444,256.473075
19296.184167,256.473075
19296.797778,256.492431
19297.0675,256.50211
19297.3475,256.492431
19297.611389,256.492431
19297.917778,256.482753
19298.209444,256.482753
19298.410833,256.482753
19298.9825,256.492431
19299.276111,256.473075
19299.521111,256.482753
19299.844722,256.473075
19300.401389,256.473075
19300.741111,256.463396
19301.237778,256.482753
19301.536944,256.482753
19301.854167,256.473075
19302.104444,256.453718
19302.391667,256.492431
19302.648056,256.473075
19302.990278,256.44404
19303.261944,256.473075
19303.813333,256.453718
19304.073889,256.463396
19304.343611,256.473075
19304.624167,256.482753
19304.914722,256.44404
19305.145,256.453718
19305.431389,256.463396
19305.7575,256.473075
19305.998056,256.453718
19306.2425,256.473075
19306.496111,256.463396
19306.833889,256.473075
19307.113333,256.463396
19307.381667,256.482753
19307.644167,256.463396
19307.982222,256.473075
19308.266111,256.482753
19308.503889,256.463396
19309.105556,256.463396
19309.488611,256.463396
19309.804444,256.482753
19310.232778,256.473075
19310.649167,256.473075
19310.958889,256.492431
19311.481111,256.482753
19311.810278,256.473075
19312.083333,256.453718
19312.345556,256.473075
19312.640556,256.44404
19312.938611,256.463396
19313.192778,256.50211
19313.459167,256.473075
19313.774722,256.511788
19314.073889,256.50211
19314.330556,256.482753
19314.5825,256.482753
19314.993056,256.482753
19315.288889,256.492431
19315.565278,256.473075
19315.905556,256.482753
19316.246389,256.50211
19316.511389,256.50211
19316.846944,256.492431
19317.114444,256.521467
19317.367222,256.521467
19317.645,256.473075
19318.243611,256.511788
19318.512222,256.511788
19318.813056,256.540823
19319.026944,256.521467
19319.301667,256.511788
19319.599444,256.511788
19319.881944,256.492431
19320.154722,256.50211
19320.385278,256.511788
19320.648889,256.531145
19320.956389,256.511788
19321.446944,256.492431
19321.791944,256.50211
19322.067222,256.511788
19322.59,256.521467
19322.944444,256.540823
19323.211111,256.521467
19323.494167,256.521467
19324.082222,256.511788
19324.304444,256.50211
19324.901111,256.492431
19325.178889,256.473075
19325.445278,256.482753
19325.778611,256.521467
19326.044167,256.50211
19326.314167,256.492431
19326.557778,256.511788
19326.85,256.492431
19327.145,256.50211
19327.427222,256.492431
19327.754444,256.511788
19328.021389,256.511788
19328.27,256.50211
19328.555833,256.482753
19328.864722,256.511788
19329.391944,256.492431
19329.712222,256.50211
19329.983056,256.511788
19330.240833,256.473075
19330.488889,256.473075
19331.573889,256.473075
19331.878056,256.473075
19332.708056,256.50211
19332.969722,256.463396
19333.246111,256.482753
19333.511111,256.463396
19333.849722,256.482753
19335.013889,256.482753
19335.280833,256.482753
19335.530833,256.482753
19336.411944,256.511788
19336.731667,256.482753
19337.0,256.473075
19337.251667,256.482753
19337.531944,256.511788
19337.833333,256.473075
19338.105278,256.50211
19338.393889,256.50211
19338.739722,256.511788
19339.003056,256.521467
19339.2675,256.492431
19339.524444,256.482753
19339.858611,256.492431
19340.131667,256.511788
19340.409444,256.50211
19340.728611,256.482753
19341.098611,256.492431
19341.339444,256.50211
19341.604722,256.521467
19342.063056,256.511788
19342.3575,256.511788
19342.630556,256.50211
19342.943611,256.531145
19343.205278,256.511788
19343.5525,256.50211
19343.885,256.531145
19344.150278,256.50211
19344.404722,256.511788
19344.737778,256.511788
19345.035,256.531145
19345.301667,256.521467
19345.532222,256.492431
19345.834722,256.531145
19346.184167,256.511788
19346.798333,256.511788
19347.041389,256.511788
19347.386667,256.50211
19348.013611,256.511788
19348.275556,256.50211
19348.542778,256.521467
19348.8575,256.531145
19349.147222,256.540823
19349.410278,256.50211
19349.725,256.521467
19349.995556,256.50211
19350.256111,256.511788
19350.548611,256.492431
19350.87,256.50211
19351.123333,256.511788
19351.360833,256.492431
19351.650833,256.521467
19351.971944,256.50211
19352.252778,256.50211
19352.549444,256.482753
19352.8675,256.492431
19353.128889,256.482753
19353.408611,256.511788
19353.625833,256.50211
19353.807778,256.50211
19354.090556,256.511788
19354.360556,256.521467
19354.611944,256.50211
19354.909722,256.50211
19355.174167,256.50211
19355.43,256.511788
19355.753889,256.50211
19356.031667,256.521467
19356.325278,256.50211
19356.603056,256.511788
19357.143611,256.521467
19357.416667,256.531145
19357.843889,256.511788
19358.158611,256.511788
19358.950833,256.50211
19359.190556,256.540823
19359.435278,256.511788
19359.818333,256.521467
19360.105278,256.492431
19360.370556,256.50211
19360.591111,256.521467
19360.904722,256.521467
19361.1925,256.531145
19361.435278,256.511788
19361.784167,256.521467
19362.035833,256.482753
19362.306944,256.50211
19362.926667,256.492431
19363.443056,256.50211
19363.7675,256.511788
19364.1175,256.511788
19364.3725,256.492431
19364.639722,256.50211
19364.939722,256.50211
19365.192778,256.482753
19365.470833,256.492431
19365.794167,256.482753
19366.070556,256.482753
19366.615,256.511788
19366.898889,256.511788
19367.170278,256.511788
19367.779167,256.50211
19368.036667,256.511788
19368.306111,256.521467
19368.574722,256.492431
19368.906389,256.492431
19369.464167,256.50211
19369.789167,256.511788
19370.635556,256.473075
19370.953611,256.492431
19371.216389,256.482753
19371.484722,256.50211
19372.063056,256.511788
19372.363333,256.473075
19372.921111,256.492431
19373.1925,256.50211
19373.478889,256.492431
19373.799722,256.492431
19374.056111,256.473075
19374.32,256.473075
19374.593611,256.492431
19374.896111,256.50211
19375.180833,256.473075
19375.451667,256.492431
19375.776667,256.492431
19376.519444,256.50211
19376.856667,256.50211
19377.109167,256.482753
19377.402222,256.492431
19377.728333,256.531145
19378.261111,256.511788
19378.539444,256.482753
19378.86,256.50211
19379.102778,256.492431
19379.389722,256.511788
19379.7475,256.50211
19380.03,256.521467
19380.301944,256.521467
19380.576667,256.511788
19381.144444,256.531145
19381.558056,256.521467
19381.941111,256.550502
19382.258056,256.540823
19382.88,256.50211
19383.177778,256.540823
19383.4625,256.511788
19383.792778,256.511788
19384.302222,256.521467
19384.903056,256.50211
19385.546944,256.521467
19385.893333,256.492431
19386.16,256.492431
19386.436111,256.50211
19386.844167,256.492431
19387.128611,256.50211
19387.404444,256.521467
19387.983889,256.531145
19388.267222,256.50211
19388.541667,256.521467
19388.864167,256.511788
19389.130278,256.521467
19389.744722,256.540823
19390.0175,256.550502
19390.2625,256.540823
19390.538056,256.521467
19390.892778,256.550502
19391.144167,256.550502
19391.390833,256.531145
19391.735556,256.569859
19392.002778,256.61825
19392.276111,256.647286
19392.529444,256.647286
19392.847222,256.656964
19393.124444,256.666642
19393.393611,256.685999
19393.725556,256.695678
19394.026111,256.676321
19394.560556,256.695678
19394.880278,256.705356
19395.1675,256.695678
19395.725278,256.676321
19396.011667,256.676321
19396.606944,256.666642
19396.936944,256.676321
19397.226667,256.685999
19397.485,256.685999
19397.806389,256.685999
19398.092222,256.666642
19398.366667,256.705356
19398.635278,256.685999
19398.979444,256.676321
19399.247778,256.666642
19399.535278,256.676321
19399.872222,256.685999
19400.146667,256.676321
19400.371944,256.666642
19400.721111,256.705356
19401.000833,256.666642
19401.270833,256.666642
19401.528333,256.666642
19402.216389,256.685999
19402.475556,256.676321
19402.818056,256.695678
19403.087778,256.666642
19403.389722,256.666642
19403.726944,256.685999
19403.995,256.685999
19404.270833,256.666642
19404.894167,256.705356
19405.146389,256.685999
19405.424444,256.685999
19405.761667,256.715034
19406.184444,256.724713
19406.703333,256.734391
19407.100278,256.715034
19407.5075,256.715034
19407.9425,256.734391
19408.223056,256.74407
19408.475,256.734391
19408.827222,256.753748
19409.081944,256.74407
19409.369444,256.74407
19409.638056,256.763426
19409.995278,256.753748
19410.576667,256.753748
19411.046111,256.734391
19411.347222,256.763426
19411.92,256.763426
19412.2025,256.763426
19412.498611,256.763426
19412.84,256.753748
19413.160833,256.74407
19413.443611,256.773105
19413.769444,256.763426
19414.044167,256.773105
19414.301944,256.773105
19414.600556,256.792461
19414.966667,256.811818
19415.857222,256.811818
19416.136389,256.792461
19416.398333,256.782783
19416.720833,256.782783
19417.004167,256.782783
19417.251667,256.811818
19417.518056,256.773105
19417.8575,256.773105
19418.146111,256.773105
19418.807778,256.763426
19419.080833,256.753748
19419.396944,256.782783
19419.765833,256.792461
19420.156944,256.773105
19420.434444,256.811818
19420.795833,256.80214
19421.0675,256.811818
19421.326667,256.773105
19421.624444,256.773105
19422.204722,256.763426
19422.470833,256.773105
19422.828889,256.773105
19423.126389,256.753748
19423.43,256.763426
19424.060833,256.782783
19424.330556,256.773105
19424.605,256.811818
19424.945,256.80214
19425.456667,256.782783
19425.804722,256.80214
19426.101667,256.792461
19426.781944,256.782783
19427.062778,256.80214
19427.356944,256.821497
19427.601944,256.821497
19427.903333,256.840853
19428.198333,256.821497
19428.485278,256.811818
19428.808611,256.821497
19429.071389,256.811818
19429.352222,256.782783
19429.938889,256.80214
19430.267222,256.792461
19430.784444,256.782783
19431.069444,256.773105
19431.383889,256.792461
19431.712778,256.773105
19432.272778,256.753748
19432.523889,256.763426
19432.861111,256.792461
19433.401667,256.782783
19433.732222,256.80214
19434.0025,256.792461
19434.273889,256.792461
19434.548611,256.782783
19435.1525,256.782783
19435.417222,256.753748
19435.767778,256.792461
19436.033611,256.773105
19436.303333,256.773105
19436.584167,256.80214
19436.908611,256.80214
19437.462778,256.811818
19437.818333,256.840853
19438.091389,256.80214
19438.3775,256.80214
19438.599444,256.80214
19438.923611,256.792461
19439.226667,256.80214
19439.243333,256.792461
19439.530556,256.811818
19439.885556,256.811818
19440.438611,256.821497
19440.770556,256.840853
19441.078056,256.879567
19441.361389,256.86021
19441.6175,256.86021
19441.951111,256.86021
19442.212778,256.86021
19442.513056,256.86021
19442.857222,256.879567
19443.125556,256.831175
19443.416667,256.831175
19443.795833,256.840853
19444.064722,256.840853
19444.354722,256.840853
19444.975,256.850532
19445.258889,256.869889
19445.548611,256.889245
19445.854722,256.898924
19446.800833,256.927959
19447.343611,256.918281
19447.646667,256.908602
19448.014167,256.927959
19448.284444,256.927959
19448.546111,256.947316
19448.887778,256.918281
19449.187778,256.966672
19449.481667,256.986029
19449.821667,257.024743
19450.076111,257.034421
19450.327222,257.053778
19450.616389,257.063456
19450.947778,257.073135
19451.477222,257.111848
19451.817778,257.111848
19452.103056,257.140883
19452.369722,257.131205
19452.650833,257.140883
19453.056667,257.140883
19453.324167,257.169919
19453.605278,257.169919
19453.935833,257.189275
19454.377778,257.218311
19454.976389,257.247346
19455.351111,257.266702
19455.633611,257.286059
19455.979722,257.305416
19456.269722,257.324773
19456.5225,257.392521
19456.892778,257.431235
19457.156944,257.411878
19457.458333,257.46027
19457.801111,257.479627
19458.084722,257.489305
19458.384722,257.508662
19458.723889,257.518341
19459.0,257.566732
19459.265,257.595768
19459.575,257.615124
19459.929444,257.673195
19460.200833,257.692551
19460.465278,257.721587
19460.804722,257.7603
19461.374167,257.769979
19461.715833,257.740943
19462.011944,257.769979
19462.2875,257.779657
19462.5575,257.799014
19463.216944,257.808692
19463.491111,257.847406
19463.816111,257.837727
19464.068611,257.895798
19464.359444,257.895798
19464.641667,257.905476
19464.982778,257.924833
19465.266667,257.953868
19465.520278,257.924833
19465.865278,257.94419
19466.175833,257.963546
19466.481667,257.992581
19466.797222,258.031295
19467.335556,258.070009
19467.712222,258.128079
19468.013889,258.166792
19468.281111,258.166792
19468.558333,258.157114
19469.165833,258.157114
19469.465556,258.195828
19469.797778,258.186149
19470.078333,258.195828
19470.363889,258.215184
19470.630833,258.224863
19470.988889,258.224863
19471.270833,258.253898
19471.913889,258.282933
19472.242778,258.292611
19472.889167,258.30229
19473.576389,258.370039
19473.958611,258.370039
19474.234444,258.379717
19474.714167,258.399074
19475.024444,258.418431
19475.301667,258.428109
19476.225,258.495858
19476.403333,258.495858
19477.006111,258.515214
19477.206389,258.524893
19477.480556,258.524893
19477.819444,258.534571
19478.189722,258.553928
19478.414167,258.54425
19478.735,258.573285
19479.386667,258.60232
19479.753333,258.621677
19480.018056,258.60232
19480.596111,258.631355
19480.987778,258.66039
19481.275556,258.650712
19481.548333,258.679747
19481.883056,258.708782
19482.178611,258.708782
19482.587778,258.728139
19482.925278,258.766852
19483.505,258.766852
19483.852222,258.786209
19484.151944,258.834601
19484.416667,258.834601
19484.770833,258.863636
19485.0775,258.882993
19485.363056,258.90235
19485.637222,258.873315
19485.984444,258.912028
19486.283611,258.912028
19486.570556,258.931385
19486.912222,258.941063
19487.253056,258.96042
19487.886667,258.970099
19488.1475,258.989455
19488.421389,258.970099
19488.749444,259.008812
19489.34,258.999134
19489.652222,259.057204
19490.019722,259.047526
19490.29,259.066882
19490.544167,259.066882
19491.183889,259.105596
19491.49,259.14431
19491.800833,259.105596
19492.110833,259.124953
19492.4125,259.153988
19492.768333,259.153988
19493.070278,259.153988
19493.331944,259.173345
19493.615,259.173345
19493.979167,259.20238
19494.943889,259.26045
19495.185833,259.250772
19495.483611,259.250772
19496.093611,259.299164
19496.3625,259.279807
19496.650556,259.318521
19496.986389,259.318521
19497.282222,259.337877
19497.583056,259.347556
19498.418333,259.366912
19498.751667,259.366912
19499.092222,259.376591
19499.607222,259.395948
19499.969722,259.405626
19500.257778,259.424983
19500.5575,259.415304
19500.865278,259.463696
19501.152778,259.483053
19501.450556,259.483053
19501.802222,259.50241
19502.2,259.521767
19503.023611,259.512088
19503.243333,259.521767
19503.535278,259.50241
19503.868333,259.512088
19504.054722,259.550802
19504.129722,259.541123
19504.267222,259.570159
19504.316944,259.579837
19504.341111,259.550802
19504.638889,259.579837
19504.7125,259.608872
19504.733056,259.579837
19505.045833,259.570159
19505.353889,259.637907
19505.6175,259.637907
19505.927778,259.637907
19506.2375,259.647586
19506.538333,259.676621
19506.747778,259.676621
19506.903611,259.695978
19507.196667,259.695978
19507.445278,259.686299
19507.794444,259.705656
19508.069722,259.695978
19508.347778,259.695978
19508.591944,259.725013
19508.925833,259.705656
19509.208889,259.725013
19509.475,259.715334
19509.825278,259.734691
19510.095,259.74437
19510.38,259.734691
19510.735,259.74437
19511.014167,259.773405
19511.603611,259.773405
19511.935278,259.783083
19512.189444,259.812118
19512.483889,259.783083
19512.8175,259.812118
19513.098056,259.812118
19513.3725,259.831475
19513.653333,259.821797
19514.007778,259.870189
19514.275278,259.889545
19514.5675,259.908902
19514.864722,259.918581
19515.139167,259.937937
19515.424722,259.986329
19515.779167,259.976651
19516.08,259.986329
19516.387222,259.996008
19516.745833,259.986329
19516.990556,259.986329
19517.551389,259.966972
19517.905278,259.986329
19518.255556,260.025043
19518.861667,260.054078
19519.144722,260.063756
19519.408056,260.073435
19519.745833,260.092791
19520.045,260.073435
19520.284444,260.131505
19520.563889,260.112148
19521.230556,260.112148
19521.506667,260.131505
19521.828333,260.150862
19522.095833,260.131505
19522.603333,260.16054
19522.942778,260.170219
19523.191667,260.189575
19523.478333,260.189575
19523.816389,260.199254
19524.131111,260.199254
19524.412222,260.237967
19524.750278,260.276681
19525.068611,260.286359
19525.715,260.286359
19526.189444,260.276681
19527.208889,260.296038
19527.469722,260.325073
19527.782778,260.296038
19528.087778,260.325073
19528.395278,260.334751
19528.737778,260.354108
19529.015833,260.354108
19529.342222,260.392822
19529.645556,260.373465
19529.978056,260.421857
19530.280556,260.431535
19530.577222,260.450892
19530.918056,260.46057
19531.218889,260.470249
19531.491944,260.46057
19531.793333,260.441213
19532.064444,260.46057
19532.34,260.46057
19532.648333,260.479927
19532.979444,260.46057
19533.159444,260.479927
19533.428611,260.46057
19533.780833,260.470249
19534.094722,260.479927
19534.626944,260.518641
19534.935556,260.537997
19535.215,260.567032
19536.152222,260.605746
19536.4175,260.567032
19536.773056,260.625103
19537.071389,260.64446
19537.34,260.605746
19537.616944,260.634781
19537.965278,260.625103
19538.324167,260.615424
19538.967778,260.615424
19539.245,260.634781
19539.539444,260.654138
19539.876944,260.673495
19540.179167,260.721887
19541.214444,260.712208
19541.496111,260.731565
19541.813611,260.721887
19542.080833,260.741243
19542.361944,260.779957
19542.638889,260.779957
19542.985833,260.828349
19543.295833,260.828349
19543.5975,260.847706
19543.918611,260.838027
19544.191111,260.828349
19544.212222,260.818671
19544.827778,260.828349
19545.0125,260.857384
19545.153333,260.818671
19545.170833,260.818671
19545.393889,260.857384
19545.594444,260.847706
19546.161389,260.886419
19546.383889,260.876741
19546.809444,260.896098
19547.065,260.886419
19547.348056,260.896098
19547.645833,260.905776
19548.265,260.925133
19548.520556,260.905776
19548.856944,260.954168
19549.121944,260.983203
19549.399444,260.992882
19549.743611,261.041273
19550.161667,261.041273
19550.606389,261.050952
19551.418889,261.06063
19551.759167,261.079987
19552.340833,261.079987
19552.634722,261.118701
19552.976389,261.128379
19553.315556,261.109022
19553.589167,261.128379
19553.916111,261.138057
19554.184444,261.157414
19554.466667,261.157414
19555.380278,261.205806
19555.7175,261.196128
19555.987222,261.215484
19556.775,261.24452
19557.108333,261.24452
19557.383889,261.254198
19557.725833,261.312268
19558.003611,261.292912
19558.263611,261.30259
19558.545833,261.341303
19558.9075,261.312268
19559.202778,261.350982
19559.476389,261.36066
20846.185556,268.135531
20846.641111,268.271029
20846.986667,268.271029
20847.24,268.067783
20847.527222,268.038747
20847.858611,268.067783
20848.125278,268.067783
20848.377222,268.125853
20848.711944,268.116174
20848.988056,267.990355
20849.252778,267.96132
20849.538333,267.922607
20849.895278,267.893572
20850.161944,267.883893
20850.4575,267.883893
20850.794167,267.922607
20851.071389,267.90325
20851.354722,267.883893
20851.641111,267.864536
20851.990278,267.796788
20852.316944,267.748396
20852.618611,267.777431
20852.948889,267.787109
20853.230833,267.835501
20853.528611,267.84518
20853.853333,267.835501
20854.100833,267.816144
20854.363333,267.816144
20854.6275,267.825823
20854.955833,267.816144
20855.236944,267.864536
20855.507222,268.067783
20855.849444,268.222637
20856.113056,268.232315
20856.409444,268.26135
20856.709444,268.154888
20856.991111,267.941964
20857.239167,267.864536
20857.531944,267.893572
20858.100833,267.835501
20858.359167,267.874215
20858.620278,267.893572
20859.213056,267.883893
20859.444167,267.912928
20859.778611,267.874215
20860.321667,267.825823
20860.601111,267.874215
20860.898056,267.864536
20861.166667,267.835501
20861.438889,267.816144
20861.741111,267.816144
20861.996667,267.816144
20862.270556,267.787109
20862.500833,267.825823
20862.823611,267.816144
20863.096944,267.748396
20863.373333,267.738717
20863.645833,267.738717
20863.986111,267.729039
20864.277222,267.787109
20864.564722,267.777431
20864.869444,267.787109
20865.135556,268.000034
20865.403611,268.087139
20865.969444,268.14521
20866.4975,267.912928
20866.849444,267.825823
20867.130278,267.796788
20867.426944,267.816144
20867.750278,267.806466
20868.003333,267.796788
20868.333611,267.806466
20868.951111,267.777431
20869.249722,267.738717
20869.536944,267.729039
20870.723333,267.632255
20870.993611,267.612898
20871.283611,267.593542
20871.846944,267.477401
20872.341944,267.506436
20872.978889,267.525793
20873.248333,267.506436
20873.516111,267.506436
20874.235278,267.535471
20874.509167,267.680647
20874.823056,267.864536
20875.102778,267.96132
20875.368056,268.038747
20875.746944,268.125853
20876.026667,268.009712
20876.290833,267.932285
20876.555,267.893572
20876.881111,267.84518
20877.155556,267.854858
20877.440278,267.854858
20877.778889,267.84518
20878.076944,267.816144
20878.340556,267.787109
20878.599444,267.806466
20878.902222,267.748396
20879.183333,267.729039
20879.469167,267.729039
20879.770833,267.738717
20879.974722,267.680647
20880.265278,267.612898
20880.523333,267.593542
20880.826389,267.554828
20881.109167,267.516114
20881.730278,267.409652
20881.998889,267.419331
20882.2475,267.399974
20882.540833,267.380617
20882.851944,267.370939
20883.116111,267.341904
20883.367222,267.30319
20883.633611,267.274155
20883.946944,267.24512
20884.215278,267.380617
20884.461667,267.458044
20884.796667,267.54515
20885.061667,267.564506
20885.327778,267.554828
20885.602778,267.419331
20885.901389,267.293512
20886.131389,267.235441
20886.7175,267.225763
20886.998611,267.254798
20887.255278,267.254798
20887.523889,267.225763
20887.860833,267.206406
20888.118056,267.196728
20888.381389,267.167693
20888.635,267.148336
20888.959167,267.148336
20889.197778,267.158014
20889.461667,267.177371
20889.716389,267.187049
20889.912778,267.216084
20890.168889,267.167693
20890.501389,267.109622
20890.850278,267.041874
20891.388611,267.00316
20892.296944,267.012838
20892.8825,266.983803
20893.155,267.119301
20893.437222,267.167693
20894.157778,267.283833
20894.542222,267.254798
20895.145556,267.051552
20895.438333,267.070909
20895.786389,267.06123
20896.054722,267.012838
20896.343889,266.983803
20896.909722,267.012838
20897.178889,267.00316
20897.453889,267.022517
20897.781111,267.051552
20898.062222,267.012838
20898.332222,267.00316
20898.59,266.964446
20898.972222,266.916054
20899.551944,266.877341
20899.895278,266.848306
20900.181111,266.819271
20900.460556,266.819271
20900.829167,266.819271
20901.123611,266.848306
20901.422222,266.828949
20901.7625,266.828949
20902.0225,266.828949
20902.272778,266.857984
20902.568056,266.838627
20902.917778,266.906376
20903.202222,266.993482
20903.470278,267.032195
20904.053611,267.080587
20904.341389,267.080587
20904.604722,266.993482
20904.938056,266.993482
20905.198333,266.983803
20905.485278,266.954768
20906.758889,266.780557
20907.121667,266.819271
20908.5475,266.741844
20908.939722,266.741844
20909.14,266.722487
20909.450833,266.7612
20910.524722,266.654738
20911.898056,266.664416
20912.219167,266.64506
20912.527222,266.596668
20912.949722,266.741844
20913.1075,266.770879
20913.455278,266.799914
20914.1625,266.7612
20914.546667,266.741844
20914.9125,266.664416
20915.584722,266.596668
20915.942222,266.548276
20916.258056,266.490205
20917.024444,266.490205
20917.304722,266.519241
20917.635556,266.46117
20918.001111,266.451492
20918.157778,266.470849
20918.853611,266.451492
20919.373333,266.451492
20919.626389,266.412778
20919.945,266.432135
20920.201111,266.4031
20920.503056,266.364386
20920.854722,266.267603
20921.118611,266.277281
20921.454444,266.286959
20921.781111,266.335351
20922.076944,266.364386
20922.354722,266.412778
20922.622778,266.528919
20922.953056,266.616024
20923.220278,266.635381
20923.825833,266.693452
20924.073056,266.567633
20924.355278,266.509562
20924.648056,266.509562
20924.974444,266.548276
20925.265,266.538597
20925.499444,266.528919
20925.86,266.567633
20926.126389,266.557954
20926.445,266.557954
20926.795833,266.528919
20927.087778,266.509562
20927.349722,266.509562
20927.646389,266.490205
20927.999167,266.412778
20928.266111,266.441813
20928.573333,266.412778
20928.927222,266.383743
20929.192222,266.354708
20929.476944,266.306316
20929.759167,266.267603
20930.016944,266.199854
20930.298889,266.132105
20930.553611,266.093392
20930.878056,266.093392
20931.113889,266.112748
20931.369444,266.093392
20931.721111,266.074035
20931.984722,266.064356
20932.248889,266.035321
20932.507778,266.141783
20932.838056,266.180497
20933.1125,266.238567
20933.379444,266.286959
20933.9675,266.16114
20934.195,266.112748
20934.443611,266.074035
20934.775556,266.006286
20935.082778,266.015964
20935.360278,266.015964
20935.607778,266.035321
20936.231944,266.015964
20936.494444,266.015964
20941.083889,265.80304
20941.625833,265.735291
20941.954167,265.735291
20942.237222,265.754648
20942.788333,265.774005
20943.086944,265.754648
20943.359167,265.715934
20943.590556,265.686899
20943.94,265.706256
20944.224722,265.715934
20944.499722,265.706256
20944.871389,265.706256
20945.1775,265.715934
20945.4425,265.715934
20945.774167,265.706256
20946.053333,265.706256
20946.604722,265.715934
20946.9125,265.696578
20947.490278,265.735291
20947.825,265.706256
20948.1025,265.706256
20948.740556,265.677221
20949.0125,265.638507
20949.913889,265.580437
20950.466944,265.532045
20950.763889,265.541723
20951.028333,265.541723
20951.295,265.551402
20951.567222,265.541723
20951.889167,265.541723
20952.140278,265.541723
20952.4275,265.532045
20952.766944,265.532045
20953.019722,265.522367
20953.283056,265.532045
20953.559167,265.473975
20953.862222,265.454618
20954.121111,265.454618
20954.348889,265.464296
20954.619722,265.44494
20954.934167,265.435261
20955.175556,265.425583
20955.4325,265.377191
20955.75,265.386869
20956.215556,265.377191
20956.473611,265.348156
20956.805556,265.328799
20957.043611,265.319121
20957.296389,265.309442
20957.521944,265.290085
20957.840833,265.290085
20958.096944,265.319121
20958.370833,265.309442
20958.8375,265.309442
20959.093056,265.328799
20959.373889,265.309442
20961.519444,265.26105
20961.859444,265.251372
20962.125,265.26105
20962.384722,265.241693
20962.735,265.222337
20963.015278,265.232015
20963.294722,265.232015
20963.9625,265.232015
20964.228611,265.222337
20964.514722,265.222337
20964.8375,265.222337
20965.113056,265.193302
20965.376389,265.212658
20965.735556,265.193302
20966.008611,265.222337
20966.160556,265.20298
20966.81,265.212658
20967.408333,265.164266
20967.633889,265.20298
20968.264167,265.270729
20968.51,265.270729
20968.833333,265.299764
20969.603056,265.309442
20969.934167,265.251372
20970.197222,265.232015
20970.442778,265.222337
20971.082778,265.222337
20971.363889,265.212658
20971.609722,265.193302
20971.941667,265.173945
20972.190278,265.20298
20972.791667,265.212658
20973.025278,265.173945
20973.291389,265.173945
20973.546667,265.183623
20973.883333,265.154588
20974.160556,265.154588
20974.800833,265.14491
20975.107778,265.125553
20975.404444,265.106196
20975.739722,265.077161
20976.020556,265.077161
20976.275833,265.057804
20976.544722,265.057804
20977.156944,265.067483
20977.380556,265.048126
20977.986111,265.077161
20978.284167,265.077161
20978.542778,265.135231
20978.848889,265.086839
20979.143611,265.115874
20979.395556,265.067483
20979.716667,265.009412
20979.999167,265.009412
20980.534444,264.980377
20980.843333,264.970699
20981.126111,264.941663
20981.645833,264.941663
20981.976667,264.951342
20982.241944,264.951342
20982.504722,264.951342
20982.8325,264.951342
20983.119444,264.951342
20983.364722,264.941663
20983.646944,264.951342
20984.858611,264.777131
20985.140556,264.757774
20985.718333,264.690025
20985.971111,264.690025
20986.261389,264.690025
20986.5225,264.641633
20986.846944,264.651312
20987.145,264.670669
20987.408333,264.670669
20987.7225,264.670669
20987.988889,264.680347
20988.250556,264.670669
20988.521667,264.641633
20988.847778,264.631955
20989.139167,264.60292
20989.418056,264.583563
20989.749722,264.564206
20990.012778,264.535171
20990.198056,264.535171
20990.869722,264.486779
20991.147778,264.486779
20991.404167,264.486779
20992.005,264.496458
20992.281111,264.525493
20992.530833,264.535171
20992.861667,264.525493
20993.148056,264.54485
20993.433889,264.554528
20993.7575,264.622277
20994.015833,264.631955
20994.264444,264.651312
20994.556667,264.622277
20994.890278,264.583563
20995.189167,264.54485
20995.458889,264.525493
20996.064167,264.496458
20996.333611,264.467423
20996.925833,264.428709
20997.186944,264.467423
20997.446944,264.438387
20997.776944,264.428709
20998.026111,264.448066
20998.304722,264.457744
20998.545556,264.448066
20998.853611,264.428709
20999.133056,264.428709
20999.39,264.409352
20999.711389,264.399674
20999.974167,264.370639
21000.275556,264.341603
21000.878889,264.341603
21001.148056,264.30289
21001.399167,264.283533
21001.754722,264.273855
21002.005,264.283533
21002.274722,264.264176
21002.523333,264.312568
21002.834722,264.30289
21003.095,264.293212
21003.341111,264.293212
21003.573611,264.322247
21003.8925,264.331925
21004.148611,264.322247
21004.415556,264.322247
21004.635556,264.312568
21004.953333,264.264176
21005.214722,264.273855
21005.447778,264.235141
21005.784167,264.215784
21006.065833,264.215784
21006.342778,264.186749
21006.616389,264.148036
21006.949444,264.167393
21007.186944,264.157714
21007.452778,264.148036
21007.775,264.148036
21008.065,264.148036
21008.321944,264.157714
21008.574722,264.157714
21008.9125,264.148036
21009.174722,264.167393
21009.425833,264.109322
21009.724444,264.119001
21010.016667,264.109322
21010.290278,264.109322
21010.889444,264.080287
21011.179444,264.109322
21011.453611,264.070609
21011.768056,264.051252
21012.029167,264.080287
21012.292778,264.06093
21012.917778,264.041573
21013.1875,264.070609
21013.788889,264.119001
21014.163056,264.177071
21014.591111,264.206106
21015.2075,264.225463
21015.478889,264.206106
21015.8025,264.206106
21016.056111,264.215784
21016.3325,264.215784
21016.604167,264.24482
21016.912778,264.215784
21017.187222,264.235141
21017.453333,264.215784
21018.361111,264.206106
21018.597778,264.206106
21018.938056,264.215784
21019.181389,264.186749
21019.473333,264.206106
21019.835278,264.196428
21020.114167,264.177071
21020.399722,264.157714
21020.644444,264.148036
21021.273333,264.128679
21021.543611,264.109322
21021.889444,264.128679
21022.156944,264.128679
21022.429722,264.148036
21022.732778,264.119001
21022.997778,264.148036
21023.276389,264.177071
21023.837778,264.177071
21024.115,264.186749
21024.386389,264.119001
21024.715556,264.080287
21025.261389,264.031895
21025.535,264.022217
21025.845,264.031895
21026.091111,264.00286
21026.365833,264.00286
21026.639444,263.983503
21026.985833,263.973825
21027.285,263.954468
21027.526389,263.973825
21027.851667,263.964146
21028.133056,263.964146
21028.645556,263.94479
21028.966389,263.964146
21029.241944,263.954468
21029.503611,263.94479
21029.811944,263.915754
21030.063333,263.906076
21030.325278,263.906076
21030.574167,263.886719
21030.903889,263.886719
21031.166944,263.867363
21031.440278,263.877041
21031.761111,263.857684
21032.270556,263.848006
21032.540556,263.867363
21032.818056,263.896398
21033.096667,263.915754
21033.639167,263.925433
21034.246944,263.857684
21034.514444,263.848006
21034.816667,263.818971
21035.142222,263.818971
21035.428333,263.799614
21035.761944,263.799614
21036.039444,263.809292
21036.313333,263.799614
21036.926389,263.770579
21037.211389,263.770579
21037.5275,263.789935
21038.159722,263.751222
21038.63,263.731865
21038.948333,263.722187
21039.776944,263.683473
21040.051389,263.673795
21040.318056,263.64476
21040.640556,263.654438
21040.988611,263.64476
21041.241944,263.625403
21041.510278,263.635081
21041.855,263.64476
21042.140833,263.635081
21042.544722,263.615724
21043.146667,263.64476
21043.413333,263.654438
21043.648889,263.673795
21043.972222,263.625403
21044.500833,263.567333
21045.1,263.547976
21045.306667,263.547976
21045.719167,263.538297
21045.988611,263.538297
21046.236944,263.528619
21046.511667,263.518941
21046.854722,263.489905
21047.0975,263.489905
21047.354722,263.470549
21047.628056,263.470549
21047.9625,263.451192
21048.230833,263.489905
21048.497778,263.489905
21048.829167,263.470549
21049.033889,263.451192
21049.374722,263.441513
21049.650556,263.422157
21049.994722,263.393122
21050.260556,263.393122
21050.513611,263.373765
21050.866944,263.34473
21051.115833,263.34473
21051.374722,263.354408
21051.742778,263.315694
21052.025556,263.335051
21052.269444,263.335051
21052.526667,263.373765
21052.885,263.364086
21053.713611,263.34473
21053.978889,263.315694
21054.249444,263.296338
21054.514722,263.276981
21054.823889,263.267302
21055.083611,263.257624
21055.348056,263.267302
21055.605,263.247946
21055.894722,263.228589
21056.136944,263.218911
21056.405,263.199554
21056.751111,263.218911
21057.2175,263.189875
21057.485,263.189875
21058.095,263.180197
21058.374167,263.180197
21058.559444,263.170519
21058.903056,263.170519
21059.4375,263.131805
21059.780833,263.141483
21060.075556,263.131805
21060.942778,263.112448
21061.193333,263.122127
21061.458056,263.112448
21061.777778,263.112448
21062.148889,263.112448
21062.711111,263.083413
21062.977778,263.112448
21063.563611,263.054378
21063.9,263.064056
21064.1675,263.064056
21064.419444,263.0447
21064.963889,262.986629
21065.245278,263.005986
21065.519722,262.986629
21065.839444,262.976951
21066.410278,262.957594
21066.738611,262.947916
21066.980556,262.957594
21067.260278,262.938237
21067.523056,262.957594
21068.882778,262.909202
21069.128056,262.918881
21069.738333,262.870489
21070.541389,262.822097
21070.867222,262.80274
21071.720833,262.80274
21071.985,262.793062
21072.276667,262.793062
21072.548056,262.80274
21072.863333,262.773705
21073.109722,262.773705
21073.37,262.754348
21073.624167,262.734991
21073.907222,262.725313
21074.140556,262.74467
21074.399722,262.725313
21074.637778,262.686599
21074.935556,262.696278
21075.198333,262.686599
21075.462222,262.667242
21075.787222,262.647886
21076.314444,262.647886
21076.576944,262.647886
21076.906667,262.657564
21077.171667,262.647886
21077.453056,262.657564
21077.764444,262.657564
21078.290556,262.628529
21078.556389,262.599494
21078.928611,262.580137
21079.202222,262.570459
21079.46,262.570459
21079.781389,262.570459
21080.074444,262.56078
21080.598611,262.541423
21080.98,262.522067
21081.24,262.522067
21081.864444,262.541423
21082.404722,262.512388
21082.658056,262.541423
21083.015278,262.512388
21083.571944,262.512388
21084.781389,262.454318
21085.056389,262.463996
21085.340833,262.425283
21085.919444,262.434961
21086.217222,262.434961
21086.801111,262.396248
21087.309722,262.405926
21087.590278,262.396248
21088.487778,262.386569
21088.820833,262.357534
21089.116389,262.347856
21089.712778,262.328499
21090.011389,262.318821
21090.265278,262.318821
21090.825,262.280107
21091.114167,262.280107
21091.366944,262.289785
21091.646111,262.299464
21091.961667,262.289785
21092.218056,262.270429
21092.496667,262.231715
21093.074444,262.251072
21093.563889,262.212358
21093.904167,262.222037
21094.165556,262.193002
21094.4275,262.193002
21094.774722,262.212358
21095.025,262.20268
21095.280833,262.193002
21095.558056,262.183323
21095.873333,262.193002
21096.140833,262.163966
21096.404722,262.105896
21096.715833,262.125253
21096.969444,262.134931
21097.236111,262.125253
21097.482778,262.125253
21097.798611,262.14461
21098.065278,262.125253
21098.334167,262.086539
21098.556667,262.086539
21098.865,262.067182
21099.126389,262.067182
21099.396389,262.086539
21099.7125,262.115574
21099.952222,262.105896
21100.618056,262.067182
21100.952778,262.028469
21101.220833,261.989755
21101.468889,261.989755
21101.7825,261.96072
21102.016667,262.009112
21102.578333,261.989755
21102.881667,261.980077
21103.143333,261.96072
21103.431667,261.931685
21103.758056,261.931685
21104.013889,261.922007
21104.226111,261.941363
21104.481944,261.912328
21104.808333,261.912328
21105.066111,261.90265
21105.320833,261.90265
21105.586389,261.90265
21105.920833,261.883293
21106.16,261.883293
21106.445,261.863936
21106.795556,261.84458
21107.046667,261.863936
21107.340278,261.825223
21107.607778,261.834901
21107.905556,261.825223
21108.191389,261.834901
21108.786111,261.873615
21109.014722,261.883293
21109.316667,261.892972
21110.124444,261.873615
21111.277222,261.863936
21111.596111,261.863936
21111.933611,261.873615
21112.255556,261.863936
21112.858056,261.883293
21113.133611,261.931685
21113.995278,261.951042
21114.267778,261.941363
21114.525278,261.922007
21114.852778,261.90265
21115.120278,261.873615
21115.370556,261.883293
21115.963333,261.873615
21116.261389,261.873615
21116.865,261.834901
21117.121111,261.84458
21117.385278,261.815544
21117.725278,261.796188
21118.018333,261.796188
21118.317778,261.786509
21118.605833,261.815544
21118.966667,261.815544
21119.2625,261.825223
21119.564722,261.834901
21119.912778,261.805866
21120.186111,261.767152
21120.434722,261.805866
21120.745556,261.786509
21121.015833,261.757474
21121.306944,261.747796
21121.583333,261.757474
21121.877778,261.747796
21123.053056,261.757474
21123.316111,261.747796
21123.599167,261.747796
21123.923333,261.728439
21124.173056,261.738117
21124.745,261.699404
21125.020556,261.709082
21125.294167,261.670369
21125.559167,261.680047
21125.858611,261.670369
21126.129167,261.631655
21127.180833,261.583263
21127.445278,261.641333
21127.792222,261.612298
21128.061389,261.631655
21128.377778,261.631655
21129.270556,261.60262
21129.726944,261.583263
21130.098889,261.573585
21130.381944,261.563906
21130.968611,261.563906
21131.231111,261.573585
21131.798056,261.554228
21132.021111,261.525193
21132.303333,261.525193
21132.865,261.515514
21133.126111,261.525193
21133.403333,261.515514
21133.773889,261.515514
21133.996111,261.505836
21134.243611,261.467122
21134.516667,261.457444
21134.904722,261.467122
21135.170833,261.457444
21135.7925,261.457444
21136.903333,261.447766
21137.194167,261.447766
21137.470556,261.476801
21137.794444,261.486479
21138.084167,261.467122
21138.383333,261.457444
21139.019167,261.447766
21139.3475,261.428409
21139.629444,261.457444
21139.975556,261.438087
21140.276944,261.447766
21140.590833,261.428409
21140.894444,261.409052
21141.195556,261.399374
21142.220278,261.36066
21142.530556,261.380017
21142.861944,261.350982
21143.12,261.350982
21143.385,261.350982
21143.720278,261.370339
21143.990278,261.36066
21144.275278,261.36066
21144.566944,261.36066
21144.912778,261.389695
21145.154167,261.399374
21145.428611,261.380017
21145.734444,261.380017
21145.968611,261.399374
21146.512222,261.350982
21146.821667,261.331625
21147.067778,261.331625
21147.330833,261.312268
21147.950556,261.321947
21148.821111,261.292912
21149.093611,261.283233
21149.378889,261.30259
21149.638333,261.292912
21149.964722,261.283233
21150.22,261.273555
21150.835556,261.24452
21151.108889,261.254198
21151.362222,261.234841
21151.650278,261.24452
21151.936389,261.234841
21152.411389,261.225163
21152.738056,261.205806
21152.973333,261.196128
21153.176944,261.186449
21153.465556,261.186449
21153.789722,261.176771
21154.024722,261.176771
21154.300278,261.167092
21154.902222,261.167092
21155.172778,261.147736
21155.445556,261.147736
21155.766389,261.176771
21156.055,261.157414
21156.315,261.186449
21157.225833,261.109022
21157.483889,261.099344
21157.806944,261.099344
21158.068889,261.06063
21158.345833,261.070309
21158.971667,261.079987
21159.228056,261.070309
21159.508889,261.041273
21159.824444,261.041273
21160.195556,261.06063
21160.625833,261.041273
21160.971111,261.041273
21161.264167,261.012238
21161.505556,261.00256
21161.865,261.012238
21162.398333,260.992882
21162.635278,260.992882
21163.259167,261.00256
21163.5475,260.992882
21163.904722,260.983203
21164.155,260.963846
21164.4175,260.94449
21164.646667,260.94449
21164.975833,260.973525
21165.234167,260.963846
21165.499722,260.973525
21165.843889,260.94449
21166.449444,260.934811
21166.751944,260.896098
21167.323611,260.847706
21167.585833,260.847706
21167.908611,260.828349
21168.171944,260.847706
21168.427222,260.828349
21168.767222,260.818671
21169.042778,260.808992
21169.318611,260.808992
21169.611389,260.799314
21169.930278,260.789635
21170.179722,260.779957
21170.459167,260.808992
21170.810833,260.741243
21171.064167,260.779957
21171.345556,260.789635
21171.620556,260.770279
21171.9625,260.779957
21172.252778,260.731565
21172.545556,260.741243
21172.877778,260.731565
21173.140833,260.70253
21173.372778,260.731565
21173.635,260.731565
21173.950278,260.692852
21174.342222,260.712208
21175.216389,260.731565
21175.490278,260.731565
21175.804444,260.721887
21176.073333,260.731565
21176.335833,260.692852
21176.627778,260.683173
21176.931944,260.654138
21177.186667,260.663816
21177.480833,260.64446
21177.879722,260.654138
21178.160556,260.663816
21178.435833,260.654138
21178.771111,260.615424
21179.046111,260.615424
21179.319444,260.64446
21179.913889,260.625103
21180.339444,260.625103
21180.910556,260.663816
21181.163056,260.625103
21181.442778,260.615424
21181.767778,260.625103
21182.072222,260.615424
21182.329722,260.596068
21182.990833,260.557354
21183.267222,260.567032
21183.551389,260.547676
21184.013056,260.576711
21184.243333,260.547676
21184.954444,260.605746
21185.55,260.605746
21186.185,260.596068
21186.453611,260.625103
21186.803333,260.663816
21187.065,260.654138
21187.32,260.673495
21187.921944,260.712208
21188.173333,260.70253
21188.476111,260.673495
21188.845556,260.70253
21189.134722,260.731565
21189.741389,260.721887
21190.019444,260.712208
21190.31,260.70253
21190.619722,260.731565
21190.990278,260.721887
21191.240278,260.721887
21191.541667,260.741243
21191.830833,260.712208
21192.099722,260.692852
21192.345278,260.70253
21192.623333,260.692852
21252.244722,259.676621
21253.028056,259.647586
21253.316111,259.666942
21253.595833,259.657264
21253.915,259.647586
21254.201389,259.657264
21254.471389,259.637907
21255.070833,259.628229
21255.364167,259.608872
21255.633889,259.579837
21255.958889,259.608872
21256.266389,259.618551
21256.526944,259.599194
21256.875833,259.570159
21257.129722,259.579837
21257.411389,259.56048
21257.741667,259.599194
21257.981389,259.599194
21258.280278,259.579837
21258.566389,259.628229
21258.881667,259.608872
21259.108889,259.628229
21259.380556,259.628229
21259.728333,259.579837
21260.014167,259.579837
21260.284167,259.579837
21260.584167,259.56048
21260.923056,259.570159
21261.191667,259.550802
21262.117222,259.541123
21262.415,259.570159
21262.836111,259.56048
21263.154444,259.570159
21263.440833,259.550802
21263.766111,259.56048
21264.063889,259.56048
21264.320278,259.541123
21264.625833,259.531445
21264.958333,259.531445
21265.501667,259.531445
21265.815556,259.50241
21266.120278,259.492731
21266.645833,259.483053
21266.993889,259.463696
21267.276111,259.483053
21267.536111,259.454018
21268.123333,259.463696
21268.405556,259.463696
21268.650278,259.473375
21268.9825,259.483053
21269.523056,259.483053
21269.800556,259.463696
21270.088889,259.44434
21270.356111,259.415304
21270.638333,259.405626
21270.87,259.395948
21271.173333,259.395948
21271.443611,259.386269
21271.765556,259.386269
21272.044167,259.357234
21272.298611,259.357234
21272.758056,259.337877
21273.034167,259.357234
21273.308333,259.347556
21273.583333,259.347556
21273.921111,259.337877
21274.204722,259.318521
21274.476667,259.308842
21274.766667,259.299164
21275.0675,259.308842
21275.356111,259.318521
21275.923889,259.289485
21276.201111,259.270129
21276.493333,259.250772
21276.816111,259.241093
21277.113333,259.250772
21277.6325,259.289485
21277.9475,259.279807
21278.236111,259.289485
21278.482778,259.308842
21278.811111,259.328199
21279.098333,259.366912
21279.360556,259.395948
21279.633056,259.376591
21279.946944,259.376591
21280.216111,259.386269
21280.5175,259.376591
21281.111389,259.405626
21281.372222,259.395948
21281.619167,259.405626
21281.922778,259.405626
21282.223056,259.405626
21282.535833,259.424983
21282.886667,259.405626
21283.186944,259.405626
21283.452222,259.405626
21283.791944,259.395948
21284.0925,259.405626
21284.354444,259.405626
21285.525556,259.386269
21286.164167,259.376591
21286.455,259.424983
21286.783333,259.454018
21287.070278,259.434661
21287.359444,259.463696
21287.710278,259.492731
21288.005278,259.512088
21288.308889,259.531445
21288.543889,259.541123
21288.907778,259.541123
21289.177778,259.531445
21289.464444,259.521767
21289.805833,259.492731
21290.097222,259.50241
21290.372778,259.483053
21290.644167,259.531445
21291.411111,259.50241
21291.727222,259.512088
21292.027778,259.521767
21292.288611,259.521767
21292.575278,259.492731
21292.915,259.521767
21293.194444,259.531445
21293.514167,259.512088
21293.831667,259.483053
21294.1125,259.541123
21294.350556,259.512088
21294.599167,259.512088
21294.933056,259.473375
21295.200556,259.492731
21295.4725,259.473375
21296.043056,259.44434
21296.286111,259.424983
21296.552778,259.424983
21296.883056,259.463696
21297.185833,259.424983
21297.345,259.44434
21297.616667,259.434661
21297.936944,259.434661
21298.294722,259.424983
21298.878056,259.405626
21299.434722,259.395948
21299.765278,259.376591
21300.011111,259.366912
21300.301389,259.366912
21300.558889,259.405626
21300.899444,259.415304
21301.066389,259.405626
21301.6375,259.376591
21301.991944,259.376591
21302.246667,259.347556
21302.522222,259.347556
21302.820278,259.337877
21303.066667,259.347556
21303.330833,259.318521
21303.724444,259.328199
21304.011667,259.347556
21304.296944,259.318521
21304.548333,259.376591
21305.156111,259.405626
21305.756667,259.44434
21306.038333,259.483053
21306.537222,259.531445
21306.882222,259.550802
21308.120833,259.599194
21308.424722,259.579837
21308.761111,259.618551
21309.024444,259.618551
21309.3275,259.628229
21309.618611,259.637907
21309.9575,259.637907
21310.248056,259.647586
21310.541111,259.676621
21310.883333,259.695978
21311.158056,259.676621
21311.42,259.686299
21311.751111,259.686299
21312.029444,259.647586
21312.31,259.666942
21312.5525,259.666942
21312.8975,259.666942
21313.164444,259.608872
21313.440278,259.608872
21313.755556,259.628229
21314.046111,259.618551
21314.280833,259.618551
21314.545556,259.618551
21315.193611,259.666942
21315.462222,259.657264
21315.81,259.666942
21316.072778,259.666942
21316.348611,259.637907
21316.603611,259.657264
21316.971389,259.686299
21317.256944,259.705656
21317.5175,259.705656
21317.843056,259.695978
21318.106944,259.666942
21318.385833,259.657264
21318.607222,259.637907
21318.949444,259.618551
21319.230278,259.628229
21319.936944,259.637907
21320.239722,259.618551
21320.504722,259.599194
21321.041944,259.570159
21321.3125,259.570159
21321.599167,259.579837
21321.936111,259.550802
21322.492778,259.570159
21322.8025,259.550802
21323.377778,259.550802
21323.634444,259.50241
21323.991667,259.50241
21324.537222,259.492731
21324.871667,259.483053
21325.051667,259.521767
21325.735,259.521767
21326.275556,259.483053
21326.651389,259.463696
21326.974167,259.473375
21327.251389,259.50241
21327.489722,259.483053
21328.128611,259.473375
21328.466389,259.454018
21328.826389,259.44434
21329.115,259.483053
21329.639167,259.454018
21329.936944,259.463696
21330.215833,259.463696
21330.481667,259.424983
21330.834167,259.405626
21331.416944,259.424983
21331.740556,259.415304
21332.016667,259.434661
21332.301389,259.434661
21332.898333,259.405626
21333.209722,259.386269
21333.849167,259.328199
21334.14,259.308842
21334.421667,259.318521
21334.741111,259.308842
21335.036389,259.299164
21335.302778,259.308842
21335.571667,259.328199
21335.930556,259.289485
21336.196389,259.299164
21336.488333,259.328199
21337.073889,259.366912
21337.360833,259.386269
21337.616389,259.376591
21337.953333,259.386269
21338.221667,259.366912
21338.485278,259.337877
21338.794167,259.337877
21339.073333,259.347556
21339.344167,259.337877
21339.603056,259.318521
21339.928333,259.318521
21340.186111,259.347556
21340.412222,259.299164
21340.757778,259.308842
21341.361667,259.279807
21341.925,259.299164
21342.223333,259.299164
21342.5,259.279807
21342.812778,259.250772
21343.074167,259.231415
21343.370833,259.241093
21343.613611,259.241093
21344.180833,259.192701
21344.773611,259.183023
21345.034167,259.20238
21345.271111,259.192701
21345.542222,259.212058
21345.888333,259.183023
21346.773333,259.221737
21347.038611,259.221737
21347.877778,259.212058
21348.160833,259.183023
21348.426389,259.14431
21348.765833,259.14431
21349.060833,259.14431
21349.588611,259.183023
21349.919167,259.212058
21350.192222,259.212058
21350.826944,259.173345
21351.121389,259.14431
21351.4175,259.115274
21352.323333,259.095918
21352.583889,259.076561
21352.875556,259.105596
21353.495556,259.124953
21353.845,259.105596
21354.735833,259.076561
21355.045278,259.076561
21355.321944,259.095918
21355.619167,259.057204
21355.955556,259.047526
21356.226667,259.047526
21356.494722,259.037847
21356.835833,259.047526
21357.135833,259.008812
21357.438056,259.028169
21357.771389,259.018491
21358.619444,259.008812
21358.959722,259.008812
21359.239722,259.008812
21359.515,258.999134
21359.845556,259.028169
21360.115833,259.028169
21360.427778,259.047526
21360.762778,259.018491
21361.036111,259.008812
21361.301111,258.979777
21361.502222,258.96042
21362.239167,258.96042
21362.528056,258.941063
21362.946111,258.950742
21363.421389,258.931385
21363.829167,258.912028
21364.078611,258.921707
21364.646111,258.921707
21364.991389,258.90235
21365.272222,258.892671
21365.549722,258.873315
21365.874722,258.882993
21366.145,258.882993
21366.470278,258.873315
21367.644167,258.834601
21368.241944,258.805566
21368.513611,258.815244
21368.8425,258.786209
21369.099167,258.786209
21369.400833,258.815244
21369.756667,258.824923
21370.043333,258.834601
21370.356667,258.863636
21370.6,258.834601
21371.236111,258.815244
21371.490556,258.786209
21371.8,258.757174
21372.091667,258.766852
21372.625278,258.766852
21373.488611,258.757174
21373.800556,258.757174
21374.36,258.747496
21374.619444,258.757174
21374.928333,258.718461
21375.231389,258.737817
21375.750278,258.718461
21376.030278,258.728139
21376.320278,258.708782
21376.5775,258.718461
21376.876389,258.699104
21377.436667,258.699104
21377.7425,258.699104
21378.023333,258.708782
21378.275833,258.689425
21378.553611,258.66039
21378.875,258.679747
21379.1675,258.679747
21379.436944,258.679747
21379.791389,258.718461
21380.066389,258.728139
21380.349444,258.747496
21380.620556,258.699104
21380.928056,258.699104
21381.494167,258.670069
21381.811389,258.670069
21382.087222,258.650712
21382.369722,258.650712
21382.638333,258.650712
21382.951667,258.650712
21383.241111,258.650712
21383.552778,258.66039
21383.880278,258.650712
21384.156667,258.631355
21384.431389,258.641033
21384.788056,258.60232
21385.359167,258.611998
21385.963611,258.60232
21386.236389,258.573285
21386.500278,258.553928
21386.833611,258.553928
21387.099444,258.54425
21387.4,258.54425
21387.758611,258.524893
21388.008333,258.524893
21388.293056,258.505536
21388.898056,258.505536
21389.183056,258.534571
21389.459444,258.563606
21389.796667,258.592641
21390.060278,258.563606
21390.366111,258.563606
21390.971667,258.524893
21391.239444,258.495858
21392.135,258.476501
21392.418333,258.495858
21392.753889,258.476501
21393.038611,258.476501
21393.939722,258.437787
21394.23,258.428109
21394.509722,258.466822
21394.812222,258.428109
21395.0925,258.437787
21395.732222,258.428109
21395.995556,258.389395
21396.277222,258.389395
21396.5275,258.389395
21396.854444,258.379717
21397.164722,258.350682
21397.721111,258.379717
22353.896111,280.80454
22354.146111,160.502187
22354.396111,154.695155
22354.646111,151.985207
22354.896111,150.243097
22355.396111,148.694555
22355.896111,147.146013
22404.729444,205.990607
22404.979444,156.146913
22405.229444,150.630232
22405.729444,147.436365
22406.729444,143.758577
22408.729444,138.629032
22409.729444,136.499787
22413.646111,132.338081
22414.646111,131.56381
22425.933056,121.256327
22432.502778,121.256327
22432.703056,115.129908
22432.755833,115.129908
22433.268889,115.526722
22433.518056,115.255727
22433.882778,114.965376
22434.161389,114.733094
22434.422778,114.33628
22434.758611,114.529848
22435.03,114.045929
22435.325278,113.73622
22435.6175,113.581366
22435.937778,113.407155
22436.250556,113.194231
22436.56,112.671598
22436.785833,112.671598
22436.886667,112.507065
22437.0725,112.507065
22437.168889,112.652241
22437.418889,112.148965
22437.751667,111.723116
22438.294722,111.03595
22438.558333,110.764955
22438.879722,110.222966
22439.469167,109.642263
22439.646111,109.400303
22439.803889,109.497087
22440.075,109.197057
22440.646111,108.529248
22440.716389,108.500213
22440.979722,108.451821
22441.177778,108.451821
22441.460278,108.451821
22441.550278,107.987258
22441.646111,107.754977
22441.876389,108.025972
22442.143611,107.832404
22442.396944,107.551731
22442.646111,107.464625
22442.714444,107.474304
22443.578056,107.43559
22443.646111,107.174274
22443.922222,107.232344
22444.186389,107.212987
22444.452778,107.416234
22444.646111,106.980706
22444.788611,107.029098
22445.325278,106.845209
22445.483333,106.845209
22445.598056,106.5355
22445.646111,106.690354
22445.828611,106.5355
22446.473056,106.070938
22446.813056,105.461199
22447.07,105.199883
22447.371389,104.928888
22447.633333,104.512717
22447.646111,104.464325
22448.285,104.386898
22448.556389,104.203009
22448.890278,104.096547
22449.161944,103.951371
22449.461111,103.554557
22450.146111,103.206135
22451.146111,102.238296
22452.146111,101.947945
22453.146111,101.367242
22454.146111,101.173674
22455.146111,100.302619
22456.146111,99.625132
22457.146111,99.044429
22458.146111,100.302619
22459.146111,99.915483
22460.146111,98.560509
22461.146111,97.979806
22462.146111,97.495887
22463.146111,96.624832
22474.146111,93.721316
22488.562778,93.624532
22492.146111,93.430964
22497.896111,94.205235
22511.646111,105.722516
22535.646111,110.658493
22559.646111,112.497387
22583.646111,115.497687
22607.646111,117.143013
22655.645833,119.352588
22679.645833,120.938876
22703.645833,122.178678
22727.645833,122.880361
22751.645833,123.70012
22775.645833,124.115323
22799.645833,123.952726
22823.645833,123.511391
22847.645833,123.472678
22871.645833,123.294596
22895.645833,123.707863
22919.645833,123.414608
22943.645833,122.590977
22967.645833,126.638478
22991.645833,123.254914
23015.645833,123.019729
23039.645833,122.866811
23063.645833,123.007147
23087.645833,123.015858
23111.645833,122.986823
23135.645833,122.338371
23159.645833,122.212552
23183.645833,122.403216
23207.645833,122.531939
23231.645833,122.509678
23255.645833,122.499032
23279.645833,122.17771
23303.645833,122.215455
23327.645833,122.420637
23351.645833,122.119639
23375.645833,121.978335
23399.645833,121.829288
23423.645833,122.077054
23447.645833,121.988013
23471.645833,121.863162
23495.645833,121.817674
23519.645833,121.619267
23543.645833,121.736375
23567.645833,121.843805
23591.645833,121.984142
23615.645833,121.836063
23639.645833,121.495383
23663.645833,121.128572
23687.645833,121.08502
23711.645833,121.151801
23735.645833,121.198257
23759.645833,120.959201
23783.645833,121.174061
23807.645833,121.196321
23831.645833,121.248584
23855.645833,121.042435
23879.645833,120.951458
23903.645833,121.126637
23927.645833,120.747244
23951.645833,121.032756
23975.645833,121.108248
23999.645833,121.219549
24023.645833,120.993075
24047.645833,120.940812
24071.645833,120.728855
24095.645833,120.515931
24119.645833,129.035815
24143.645833,120.593358
24167.645833,120.366883
24191.645833,120.774344
24215.645833,120.925326
24239.645833,120.87887
24263.645833,120.959201
24287.645833,120.776279
24311.645833,121.038563
24335.645833,121.28633
24359.645833,120.997914
24383.645833,120.594326
24407.645833,120.637878
24431.645833,120.880806
24455.645833,120.838221
24479.645833,120.750148
24503.645833,120.995979
24527.645833,120.704659
24551.645833,132.12322
24575.645833,119.633262
24599.645833,118.767046
24623.645833,118.686715
24647.645833,123.286853
24647.646111,119.659393
24671.646111,118.594771
24695.646111,118.110851
24719.646111,118.401203
24743.646111,118.304419
24767.646111,118.304419
24791.646111,118.401203
24815.646111,117.8205
24839.646111,117.917284
24863.646111,117.8205
24887.646111,118.304419
24911.646111,118.401203
